Cx_otM_ET_1958
M1 M2 beta0 beta1 beta2 beta3
0,00000 0,38146 0,305000 0,000000 0,000000 0,000000
0,38146 0,85094 0,241773 0,404793 -0,871035 0,636232
0,85094 0,93897 -44,281130 155,020221 -179,930308 69,792027
0,93897 1,02699 87,736894 -269,666388 275,553932 -93,079491
1,02699 1,17371 -11,668569 31,980377 -27,773459 8,048464
1,17371 1,34976 -2,075770 5,498989 -3,518908 0,673445
1,34976 2,17136 1,408618 -1,106667 0,477013 -0,078219
2,17136 3,52112 0,862325 -0,254494 0,032883 -0,000970
3,52112 5,22300 0,613043 -0,079364 -0,004962 0,001346
5,22300 100,00000 0,256000 0,000000 0,000000 0,000000