t(c) x(м) y(м) z(м) Vk(м/с) teta(град) psy(град) omega_x(рад/с) pi(y) m(кг) omega1(рад/с) omega2(рад/с) delta1(град) delta2(град) 
0,000 0,0000 300,0000 0,0000 740,0000 0,0000 0,0000 8086,1863 1,0359 0,1830 0,0000 0,0000 0,0000 0,0000 
0,050 36,6247 299,9807 0,0041 725,0566 -0,0384 -0,0143 8063,3895 1,0359 0,1830 1,5164 -1,7117 -0,0965 -0,2525 
0,100 72,5124 299,9375 0,0149 710,5187 -0,0780 -0,0241 8040,7748 1,0359 0,1830 -0,5949 -1,9842 -0,0755 -0,0338 
0,150 107,6830 299,8710 0,0323 696,3752 -0,1190 -0,0327 8018,3396 1,0359 0,1830 -0,8950 0,0326 0,1523 0,0921 
0,200 142,1561 299,7817 0,0563 682,6169 -0,1615 -0,0408 7996,0818 1,0359 0,1830 0,4655 0,2206 0,2523 0,1088 
0,250 175,9507 299,6703 0,0869 669,2347 -0,2071 -0,0496 7974,0002 1,0360 0,1830 0,3506 -0,8653 0,3396 0,2312 
0,300 209,0852 299,5376 0,1237 656,2195 -0,2552 -0,0630 7952,0937 1,0360 0,1830 -0,7895 -0,7460 0,6001 0,2742 
0,350 241,5779 299,3841 0,1659 643,5621 -0,2997 -0,0818 7930,3617 1,0360 0,1830 -0,9605 0,3609 0,7848 0,0269 
0,400 273,4464 299,2092 0,2130 631,2535 -0,3366 -0,0977 7908,8039 1,0360 0,1830 -0,1611 0,8298 0,5978 -0,2054 
0,450 304,7078 299,0124 0,2659 619,2850 -0,3763 -0,1034 7887,4201 1,0360 0,1830 0,3511 0,5502 0,3929 -0,0266 
0,500 335,3789 298,7957 0,3256 607,6477 -0,4284 -0,1115 7866,2104 1,0361 0,1830 0,6050 0,3618 0,6278 0,1220 
0,550 365,4761 298,5604 0,3901 596,3324 -0,4765 -0,1316 7845,1748 1,0361 0,1830 0,9999 -0,2137 0,6909 -0,1924 
0,600 395,0152 298,3045 0,4585 585,3308 -0,5154 -0,1427 7824,3135 1,0361 0,1830 0,4327 -1,1236 0,3238 -0,1252 
0,650 424,0117 298,0287 0,5336 574,6343 -0,5684 -0,1492 7803,6268 1,0362 0,1830 -0,5338 -0,8137 0,5314 0,1950 
0,700 452,4806 297,7355 0,6131 564,2341 -0,6182 -0,1693 7783,1148 1,0362 0,1830 -0,5144 -0,3930 0,6374 -0,0795 
0,750 480,4364 297,4221 0,6965 554,1221 -0,6626 -0,1769 7762,7777 1,0362 0,1830 -0,8987 -0,2511 0,4508 0,1232 
0,800 507,8934 297,0911 0,7862 544,2896 -0,7202 -0,1914 7742,6157 1,0363 0,1830 -0,7377 0,5191 0,7893 0,0758 
0,850 534,8654 296,7419 0,8785 534,7287 -0,7649 -0,2058 7722,6287 1,0363 0,1830 -0,3810 0,4589 0,5559 -0,0308 
0,900 561,3656 296,3743 0,9770 525,4314 -0,8230 -0,2159 7702,8169 1,0364 0,1830 -0,2349 0,8312 0,7988 0,0873 
0,950 587,4070 295,9900 1,0783 516,3896 -0,8713 -0,2330 7683,1802 1,0364 0,1830 0,2641 0,5880 0,6212 -0,1171 
1,000 613,0023 295,5872 1,1851 507,5958 -0,9300 -0,2424 7663,7183 1,0365 0,1830 0,3127 0,6364 0,7850 0,0367 
1,050 638,1635 295,1682 1,2946 499,0420 -0,9805 -0,2594 7644,4312 1,0365 0,1830 0,6385 0,2611 0,6102 -0,1387 
1,100 662,9026 294,7315 1,4094 490,7214 -1,0412 -0,2702 7625,3183 1,0366 0,1830 0,5837 0,2238 0,7804 -0,0211 
1,150 687,2308 294,2785 1,5267 482,6264 -1,0931 -0,2850 7606,3793 1,0366 0,1830 0,6448 -0,1886 0,5741 -0,0927 
1,200 711,1595 293,8089 1,6492 474,7500 -1,1559 -0,2993 7587,6136 1,0367 0,1830 0,5723 -0,1901 0,7654 -0,0880 
1,250 734,6991 293,3225 1,7739 467,0855 -1,2107 -0,3104 7569,0206 1,0367 0,1830 0,3697 -0,4959 0,5916 0,0048 
1,300 757,8603 292,8209 1,9032 459,6260 -1,2725 -0,3283 7550,5997 1,0368 0,1830 0,3445 -0,5052 0,6926 -0,1314 
1,350 780,6530 292,3020 2,0358 452,3653 -1,3339 -0,3379 7532,3499 1,0369 0,1830 0,0202 -0,5414 0,7038 0,0548 
1,400 803,0871 291,7684 2,1711 445,2968 -1,3925 -0,3546 7514,2705 1,0369 0,1830 -0,0538 -0,6167 0,6072 -0,0524 
1,450 825,1718 291,2187 2,3108 438,4146 -1,4592 -0,3689 7496,3605 1,0370 0,1830 -0,2215 -0,4208 0,7789 -0,0276 
1,500 846,9165 290,6530 2,4527 431,7128 -1,5205 -0,3800 7478,6187 1,0371 0,1830 -0,4301 -0,3876 0,6935 0,0864 
1,550 868,3299 290,0730 2,5980 425,1853 -1,5842 -0,3977 7461,0442 1,0371 0,1830 -0,4035 -0,2493 0,7008 -0,0483 
1,600 889,4206 289,4769 2,7471 418,8270 -1,6531 -0,4109 7443,6357 1,0372 0,1830 -0,4724 0,0106 0,8473 0,0137 
1,650 910,1969 288,8656 2,8982 412,6268 -1,7171 -0,4231 7426,3920 1,0373 0,1830 -0,4855 0,1021 0,7647 0,0796 
1,700 930,6663 288,2403 3,0525 406,5845 -1,7838 -0,4410 7409,3121 1,0374 0,1830 -0,3016 0,2365 0,7736 -0,0536 
1,750 950,8376 287,5995 3,2105 400,7286 -1,8556 -0,4551 7392,3941 1,0374 0,1830 -0,1750 0,4103 0,9054 -0,0359 
1,800 970,7203 286,9434 3,3704 395,0728 -1,9236 -0,4669 7375,6357 1,0375 0,1830 -0,0564 0,3973 0,8519 0,0368 
1,850 990,3249 286,2734 3,5329 389,6299 -1,9919 -0,4836 7359,0342 1,0376 0,1830 0,1763 0,3073 0,7921 -0,0667 
1,900 1009,6622 285,5885 3,6989 384,4110 -2,0658 -0,4996 7342,5862 1,0377 0,1830 0,3441 0,2409 0,8838 -0,1225 
1,950 1028,7435 284,8879 3,8672 379,4251 -2,1392 -0,5111 7326,2880 1,0378 0,1830 0,3565 0,0733 0,8974 -0,0351 
2,000 1047,5808 284,1727 4,0373 374,6787 -2,2097 -0,5244 7310,1356 1,0379 0,1830 0,3252 -0,1790 0,7942 -0,0278 
2,050 1066,1861 283,4429 4,2102 370,1755 -2,2836 -0,5407 7294,1243 1,0380 0,1830 0,2494 -0,3371 0,7907 -0,1077 
2,100 1084,5715 282,6972 4,3860 365,9172 -2,3613 -0,5541 7278,2495 1,0381 0,1830 0,0462 -0,3561 0,8784 -0,0827 
2,150 1102,7492 281,9355 4,5635 361,9028 -2,4373 -0,5646 7262,5061 1,0381 0,1830 -0,2065 -0,3026 0,8810 0,0170 
2,200 1120,7314 281,1584 4,7426 358,1288 -2,5117 -0,5772 7246,8891 1,0382 0,1830 -0,3361 -0,1693 0,8253 0,0181 
2,250 1138,5299 280,3657 4,9241 354,5903 -2,5892 -0,5917 7231,3932 1,0383 0,1830 -0,2894 0,0613 0,8596 -0,0613 
2,300 1156,1562 279,5562 5,1081 351,2808 -2,6697 -0,6038 7216,0132 1,0384 0,1830 -0,1309 0,2717 0,9566 -0,0769 
2,350 1173,6217 278,7296 5,2937 348,1922 -2,7493 -0,6131 7200,7438 1,0385 0,1830 0,0723 0,2902 0,9697 -0,0295 
2,400 1190,9374 277,8862 5,4804 345,3447 -2,8270 -0,6234 7185,5798 1,0386 0,1830 0,2474 0,0898 0,8913 -0,0351 
2,450 1208,1151 277,0261 5,6692 342,6826 -2,9064 -0,6359 7170,5153 1,0388 0,1830 0,2744 -0,1740 0,8505 -0,1004 
2,500 1225,1615 276,1484 5,8602 340,1363 -2,9890 -0,6476 7155,5472 1,0389 0,1830 0,0855 -0,3042 0,8979 -0,1145 
2,550 1242,0821 275,2524 6,0528 337,6952 -3,0721 -0,6565 7140,6725 1,0390 0,1830 -0,1907 -0,2110 0,9492 -0,0434 
2,600 1258,8820 274,3388 6,2465 335,3501 -3,1533 -0,6649 7125,8889 1,0391 0,1830 -0,2911 0,0271 0,9385 0,0092 
2,650 1275,5657 273,4078 6,4416 333,0928 -3,2343 -0,6755 7111,1939 1,0392 0,1830 -0,0935 0,2023 0,9087 -0,0378 
2,700 1292,1374 272,4593 6,6387 330,9163 -3,3177 -0,6872 7096,5854 1,0393 0,1830 0,1996 0,1363 0,9201 -0,1215 
2,750 1308,6008 271,4925 6,8376 328,8144 -3,4033 -0,6971 7082,0614 1,0394 0,1830 0,2473 -0,1143 0,9543 -0,1284 
2,800 1324,9597 270,5074 7,0378 326,7815 -3,4883 -0,7051 7067,6199 1,0396 0,1830 -0,0177 -0,2564 0,9585 -0,0547 
2,850 1341,2172 269,5044 7,2391 324,8124 -3,5719 -0,7134 7053,2592 1,0397 0,1830 -0,2519 -0,0959 0,9335 -0,0080 
2,900 1357,3764 268,4838 7,4417 322,9026 -3,6559 -0,7236 7038,9776 1,0398 0,1830 -0,1241 0,1519 0,9234 -0,0557 
2,950 1373,4402 267,4453 7,6461 321,0480 -3,7421 -0,7344 7024,7734 1,0399 0,1830 0,1823 0,1120 0,9432 -0,1315 
3,000 1389,4112 266,3884 7,8521 319,2452 -3,8300 -0,7437 7010,6453 1,0401 0,1830 0,1843 -0,1583 0,9679 -0,1289 
3,050 1405,2917 265,3130 8,0593 317,4908 -3,9173 -0,7513 6996,5918 1,0402 0,1830 -0,1254 -0,1962 0,9777 -0,0561 
3,100 1421,0843 264,2195 8,2675 315,7816 -4,0035 -0,7592 6982,6115 1,0403 0,1830 -0,2026 0,0727 0,9680 -0,0265 
3,150 1436,7909 263,1083 8,4769 314,1149 -4,0899 -0,7688 6968,7032 1,0405 0,1830 0,0930 0,1317 0,9412 -0,0840 
3,200 1452,4138 261,9790 8,6880 312,4883 -4,1782 -0,7791 6954,8656 1,0406 0,1830 0,1803 -0,1489 0,9292 -0,1365 
3,250 1467,9546 260,8314 8,9006 310,8994 -4,2682 -0,7882 6941,0977 1,0408 0,1830 -0,1071 -0,1793 0,9713 -0,1151 
3,300 1483,4153 259,6652 9,1143 309,3462 -4,3581 -0,7958 6927,3983 1,0409 0,1830 -0,1357 0,1213 1,0220 -0,0775 
3,350 1498,7976 258,4808 9,3290 307,8267 -4,4469 -0,8033 6913,7663 1,0410 0,1830 0,1402 0,0728 0,9936 -0,0751 
3,400 1514,1030 257,2786 9,5447 306,3391 -4,5354 -0,8120 6900,2008 1,0412 0,1830 0,0443 -0,2161 0,9295 -0,0796 
3,450 1529,3332 256,0583 9,7618 304,8817 -4,6254 -0,8217 6886,7008 1,0413 0,1830 -0,1734 -0,0489 0,9429 -0,0998 
3,500 1544,4895 254,8199 9,9805 303,4530 -4,7170 -0,8311 6873,2653 1,0415 0,1830 0,0693 0,1306 0,9954 -0,1460 
3,550 1559,5732 253,5629 10,2003 302,0517 -4,8093 -0,8390 6859,8935 1,0417 0,1830 0,1290 -0,1334 1,0033 -0,1334 
3,600 1574,5857 252,2876 10,4211 300,6765 -4,9009 -0,8462 6846,5845 1,0418 0,1830 -0,1640 -0,0831 1,0050 -0,0704 
3,650 1589,5283 250,9943 10,6428 299,3260 -4,9918 -0,8540 6833,3374 1,0420 0,1830 0,0041 0,1238 0,9924 -0,0779 
3,700 1604,4021 249,6831 10,8657 297,9991 -5,0832 -0,8629 6820,1516 1,0421 0,1830 0,1168 -0,1447 0,9428 -0,1170 
3,750 1619,2082 248,3538 11,0899 296,6948 -5,1761 -0,8723 6807,0262 1,0423 0,1830 -0,1393 -0,0857 0,9617 -0,1278 
3,800 1633,9477 247,0063 11,3154 295,4121 -5,2702 -0,8809 6793,9605 1,0425 0,1830 0,0635 0,1111 1,0169 -0,1552 
3,850 1648,6217 245,6404 11,5420 294,1502 -5,3645 -0,8883 6780,9537 1,0426 0,1830 0,0692 -0,1492 1,0131 -0,1306 
3,900 1663,2310 244,2564 11,7694 292,9081 -5,4581 -0,8954 6768,0052 1,0428 0,1830 -0,1507 0,0099 1,0156 -0,0811 
3,950 1677,7767 242,8544 11,9977 291,6849 -5,5514 -0,9033 6755,1143 1,0430 0,1830 0,1083 0,0286 0,9858 -0,1073 
4,000 1692,2596 241,4346 12,2272 290,4800 -5,6453 -0,9121 6742,2804 1,0432 0,1830 -0,0495 -0,1742 0,9497 -0,1219 
4,050 1706,6807 239,9969 12,4579 289,2927 -5,7406 -0,9211 6729,5028 1,0433 0,1830 -0,0338 0,0858 0,9920 -0,1541 
4,100 1721,0406 238,5410 12,6899 288,1222 -5,8369 -0,9294 6716,7809 1,0435 0,1830 0,1125 -0,1063 1,0057 -0,1718 
4,150 1735,3403 237,0668 12,9227 286,9680 -5,9333 -0,9366 6704,1141 1,0437 0,1830 -0,1283 -0,0134 1,0323 -0,1237 
4,200 1749,5804 235,5747 13,1564 285,8295 -6,0291 -0,9437 6691,5019 1,0439 0,1830 0,1001 0,0251 1,0227 -0,1217 
4,250 1763,7618 234,0647 13,3909 284,7060 -6,1246 -0,9514 6678,9436 1,0441 0,1830 -0,0872 -0,1348 0,9773 -0,1039 
4,300 1777,8851 232,5371 13,6265 283,5970 -6,2208 -0,9599 6666,4387 1,0443 0,1830 0,0249 0,0690 0,9815 -0,1423 
4,350 1791,9511 230,9916 13,8633 282,5021 -6,3181 -0,9687 6653,9868 1,0445 0,1830 0,0202 -0,1565 0,9716 -0,1714 
4,400 1805,9602 229,4281 14,1012 281,4208 -6,4165 -0,9769 6641,5872 1,0447 0,1830 -0,0404 0,0708 1,0239 -0,1720 
4,450 1819,9133 227,8466 14,3400 280,3528 -6,5150 -0,9842 6629,2395 1,0448 0,1830 0,0720 -0,1084 1,0253 -0,1640 
4,500 1833,8109 226,2472 14,5796 279,2974 -6,6132 -0,9911 6616,9431 1,0450 0,1830 -0,0964 0,0370 1,0323 -0,1222 
4,550 1847,6536 224,6301 14,8199 278,2551 -6,7110 -0,9985 6604,6976 1,0452 0,1830 0,0812 -0,0848 0,9936 -0,1346 
4,600 1861,4424 222,9955 15,0613 277,2385 -6,8090 -1,0072 6592,5023 1,0455 0,1830 -0,1038 -0,0098 0,9806 -0,1361 
4,650 1875,1781 221,3431 15,3039 276,2303 -6,9081 -1,0164 6580,3566 1,0457 0,1830 0,0997 -0,0709 0,9778 -0,1858 
4,700 1888,8610 219,6730 15,5477 275,2307 -7,0084 -1,0252 6568,2601 1,0459 0,1830 -0,0887 -0,0120 1,0073 -0,1814 
4,750 1902,4916 217,9849 15,7926 274,2394 -7,1091 -1,0332 6556,2124 1,0461 0,1830 0,0957 -0,0535 1,0261 -0,1903 
4,800 1916,0702 216,2791 16,0384 273,2564 -7,2096 -1,0406 6544,2131 1,0463 0,1830 -0,0949 0,0043 1,0348 -0,1480 
4,850 1929,5972 214,5557 16,2850 272,2816 -7,3095 -1,0482 6532,2620 1,0465 0,1830 0,0709 -0,0741 1,0079 -0,1507 
4,900 1943,0731 212,8149 16,5325 271,3149 -7,4095 -1,0565 6520,3587 1,0467 0,1830 -0,0833 0,0107 0,9923 -0,1432 
4,950 1956,4981 211,0568 16,7811 270,3561 -7,5102 -1,0655 6508,5027 1,0469 0,1830 0,0565 -0,1107 0,9704 -0,1824 
5,000 1969,8726 209,2812 17,0309 269,4052 -7,6120 -1,0746 6496,6938 1,0472 0,1830 -0,0348 0,0356 0,9976 -0,1960 
5,050 1983,1970 207,4881 17,2818 268,4622 -7,7146 -1,0831 6484,9316 1,0474 0,1830 0,0188 -0,1166 1,0052 -0,2058 
5,100 1996,4716 205,6774 17,5337 267,5270 -7,8174 -1,0909 6473,2158 1,0476 0,1830 0,0152 0,0526 1,0373 -0,1903 
5,150 2009,6968 203,8493 17,7864 266,5994 -7,9199 -1,0983 6461,5460 1,0478 0,1830 -0,0535 -0,0966 1,0165 -0,1634 
5,200 2022,8729 202,0041 18,0399 265,6794 -8,0220 -1,1062 6449,9219 1,0481 0,1830 0,0569 0,0027 1,0057 -0,1678 
5,250 2036,0004 200,1417 18,2943 264,7669 -8,1244 -1,1147 6438,3431 1,0483 0,1830 -0,0853 -0,0454 0,9804 -0,1660 
5,300 2049,0794 198,2623 18,5498 263,8617 -8,2275 -1,1237 6426,8093 1,0485 0,1830 0,0645 -0,0822 0,9721 -0,2054 
5,350 2062,1104 196,3657 18,8065 262,9639 -8,3317 -1,1327 6415,3201 1,0488 0,1830 -0,0289 0,0259 0,9969 -0,2141 
5,400 2075,0937 194,4519 19,0641 262,0735 -8,4365 -1,1411 6403,8754 1,0490 0,1830 -0,0089 -0,1047 1,0035 -0,2170 
5,450 2088,0296 192,5208 19,3227 261,1902 -8,5414 -1,1489 6392,4746 1,0492 0,1830 0,0516 0,0165 1,0267 -0,2084 
5,500 2100,9184 190,5726 19,5820 260,3141 -8,6460 -1,1565 6381,1175 1,0495 0,1830 -0,0775 -0,0306 1,0146 -0,1778 
5,550 2113,7605 188,6076 19,8422 259,4449 -8,7504 -1,1644 6369,8037 1,0497 0,1830 0,0368 -0,0860 0,9887 -0,1846 
5,600 2126,5562 186,6257 20,1032 258,5828 -8,8551 -1,1730 6358,5330 1,0500 0,1830 -0,0050 0,0228 0,9812 -0,1924 
5,650 2139,3058 184,6271 20,3652 257,7275 -8,9604 -1,1820 6347,3050 1,0502 0,1830 -0,0530 -0,0847 0,9651 -0,2091 
5,700 2152,0095 182,6115 20,6283 256,8790 -9,0667 -1,1910 6336,1195 1,0505 0,1830 0,0645 -0,0568 0,9790 -0,2386 
5,750 2164,6678 180,5790 20,8924 256,0374 -9,1737 -1,1994 6324,9760 1,0507 0,1830 -0,0190 0,0230 1,0048 -0,2322 
5,800 2177,2808 178,5296 21,1574 255,2024 -9,2807 -1,2073 6313,8743 1,0510 0,1830 -0,0379 -0,0802 1,0044 -0,2180 
5,850 2189,8490 176,4634 21,4231 254,3741 -9,3876 -1,2150 6302,8140 1,0513 0,1830 0,0520 -0,0394 1,0037 -0,2114 
5,900 2202,3725 174,3805 21,6896 253,5523 -9,4943 -1,2229 6291,7949 1,0515 0,1830 -0,0307 0,0174 0,9920 -0,1955 
5,950 2214,8518 172,2810 21,9569 252,7370 -9,6012 -1,2313 6280,8167 1,0518 0,1830 -0,0488 -0,0833 0,9621 -0,2015 
6,000 2227,2870 170,1651 22,2251 251,9281 -9,7086 -1,2402 6269,8790 1,0520 0,1830 0,0480 -0,0664 0,9548 -0,2304 
6,050 2239,6786 168,0326 22,4943 251,1255 -9,8169 -1,2492 6258,9816 1,0523 0,1830 0,0038 0,0118 0,9685 -0,2439 
6,100 2252,0266 165,8834 22,7645 250,3293 -9,9258 -1,2578 6248,1241 1,0526 0,1830 -0,0493 -0,0511 0,9761 -0,2452 
6,150 2264,3315 163,7176 23,0356 249,5394 -10,0351 -1,2659 6237,3062 1,0528 0,1830 0,0252 -0,0796 0,9851 -0,2461 
6,200 2276,5934 161,5352 23,3074 248,7556 -10,1443 -1,2737 6226,5277 1,0531 0,1830 0,0338 0,0008 0,9939 -0,2324 
6,250 2288,8127 159,3364 23,5799 247,9779 -10,2533 -1,2815 6215,7883 1,0534 0,1830 -0,0479 -0,0037 0,9803 -0,2127 
6,300 2300,9897 157,1212 23,8532 247,2063 -10,3623 -1,2897 6205,0877 1,0537 0,1830 -0,0363 -0,0823 0,9527 -0,2148 
6,350 2313,1246 154,8898 24,1273 246,4406 -10,4717 -1,2983 6194,4255 1,0540 0,1830 0,0361 -0,0673 0,9394 -0,2357 
6,400 2325,2177 152,6421 24,4023 245,6809 -10,5818 -1,3073 6183,8015 1,0542 0,1830 0,0192 -0,0022 0,9434 -0,2519 
6,450 2337,2693 150,3781 24,6782 244,9271 -10,6926 -1,3161 6173,2154 1,0545 0,1830 -0,0399 -0,0205 0,9498 -0,2583 
6,500 2349,2795 148,0977 24,9550 244,1791 -10,8039 -1,3245 6162,6670 1,0548 0,1830 -0,0215 -0,0763 0,9561 -0,2611 
6,550 2361,2486 145,8010 25,2326 243,4369 -10,9154 -1,3325 6152,1559 1,0551 0,1830 0,0339 -0,0598 0,9642 -0,2571 
6,600 2373,1769 143,4881 25,5109 242,7004 -11,0268 -1,3402 6141,6819 1,0554 0,1830 0,0232 -0,0030 0,9649 -0,2426 
6,650 2385,0647 141,1590 25,7898 241,9696 -11,1381 -1,3481 6131,2446 1,0557 0,1830 -0,0346 -0,0036 0,9490 -0,2291 
6,700 2396,9122 138,8139 26,0695 241,2443 -11,2495 -1,3564 6120,8438 1,0560 0,1830 -0,0474 -0,0588 0,9244 -0,2317 
6,750 2408,7197 136,4528 26,3499 240,5245 -11,3613 -1,3651 6110,4793 1,0563 0,1830 -0,0001 -0,0855 0,9090 -0,2505 
6,800 2420,4874 134,0756 26,6313 239,8103 -11,4737 -1,3739 6100,1507 1,0566 0,1830 0,0379 -0,0514 0,9110 -0,2706 
6,850 2432,2154 131,6825 26,9134 239,1015 -11,5869 -1,3826 6089,8579 1,0569 0,1830 0,0205 -0,0073 0,9232 -0,2784 
6,900 2443,9041 129,2732 27,1964 238,3981 -11,7005 -1,3909 6079,6004 1,0572 0,1830 -0,0232 -0,0065 0,9327 -0,2725 
6,950 2455,5537 126,8479 27,4801 237,7001 -11,8142 -1,3988 6069,3781 1,0575 0,1830 -0,0402 -0,0428 0,9319 -0,2605 
7,000 2467,1644 124,4066 27,7644 237,0073 -11,9278 -1,4066 6059,1906 1,0578 0,1830 -0,0172 -0,0714 0,9213 -0,2508 
7,050 2478,7364 121,9495 28,0494 236,3198 -12,0413 -1,4145 6049,0378 1,0581 0,1830 0,0158 -0,0650 0,9057 -0,2480 
7,100 2490,2701 119,4766 28,3350 235,6375 -12,1550 -1,4227 6038,9193 1,0584 0,1830 0,0258 -0,0355 0,8904 -0,2526 
7,150 2501,7655 116,9880 28,6213 234,9602 -12,2691 -1,4313 6028,8349 1,0587 0,1830 0,0076 -0,0130 0,8796 -0,2626 
7,200 2513,2230 114,4836 28,9085 234,2881 -12,3837 -1,4401 6018,7843 1,0590 0,1830 -0,0194 -0,0150 0,8757 -0,2738 
7,250 2524,6427 111,9635 29,1964 233,6210 -12,4990 -1,4487 6008,7673 1,0593 0,1830 -0,0333 -0,0362 0,8778 -0,2812 
7,300 2536,0249 109,4275 29,4851 232,9589 -12,6148 -1,4569 5998,7835 1,0597 0,1830 -0,0265 -0,0588 0,8821 -0,2816 
7,350 2547,3697 106,8758 29,7745 232,3018 -12,7307 -1,4649 5988,8328 1,0600 0,1830 -0,0069 -0,0682 0,8830 -0,2749 
7,400 2558,6774 104,3083 30,0644 231,6495 -12,8465 -1,4726 5978,9149 1,0603 0,1830 0,0121 -0,0616 0,8766 -0,2651 
7,450 2569,9481 101,7253 30,3549 231,0022 -12,9623 -1,4804 5969,0295 1,0606 0,1830 0,0209 -0,0454 0,8627 -0,2582 
7,500 2581,1822 99,1268 30,6460 230,3596 -13,0782 -1,4884 5959,1764 1,0609 0,1830 0,0177 -0,0288 0,8453 -0,2582 
7,550 2592,3798 96,5127 30,9377 229,7217 -13,1944 -1,4968 5949,3553 1,0613 0,1830 0,0063 -0,0184 0,8303 -0,2656 
7,600 2603,5411 93,8832 31,2302 229,0885 -13,3111 -1,5054 5939,5659 1,0616 0,1830 -0,0075 -0,0162 0,8222 -0,2763 
7,650 2614,6663 91,2382 31,5234 228,4600 -13,4284 -1,5139 5929,8080 1,0619 0,1830 -0,0194 -0,0208 0,8213 -0,2845 
7,700 2625,7555 88,5777 31,8173 227,8362 -13,5462 -1,5221 5920,0814 1,0623 0,1830 -0,0271 -0,0293 0,8239 -0,2856 
7,750 2636,8090 85,9017 32,1118 227,2169 -13,6642 -1,5300 5910,3858 1,0626 0,1830 -0,0304 -0,0395 0,8242 -0,2787 
7,800 2647,8271 83,2102 32,4068 226,6022 -13,7822 -1,5377 5900,7208 1,0630 0,1830 -0,0298 -0,0496 0,8174 -0,2674 
7,850 2658,8097 80,5033 32,7023 225,9919 -13,9002 -1,5453 5891,0864 1,0633 0,1830 -0,0257 -0,0586 0,8022 -0,2573 
7,900 2669,7573 77,7812 32,9984 225,3861 -14,0183 -1,5530 5881,4822 1,0636 0,1830 -0,0188 -0,0653 0,7816 -0,2534 
7,950 2680,6699 75,0438 33,2950 224,7846 -14,1365 -1,5610 5871,9080 1,0640 0,1830 -0,0102 -0,0691 0,7612 -0,2576 
8,000 2691,5478 72,2912 33,5923 224,1875 -14,2551 -1,5693 5862,3634 1,0643 0,1830 -0,0012 -0,0693 0,7461 -0,2674 
8,050 2702,3910 69,5234 33,8901 223,5947 -14,3742 -1,5776 5852,8484 1,0647 0,1830 0,0065 -0,0664 0,7387 -0,2777 
8,100 2713,1999 66,7404 34,1886 223,0062 -14,4939 -1,5858 5843,3625 1,0650 0,1830 0,0116 -0,0614 0,7373 -0,2829 
8,150 2723,9745 63,9421 34,4876 222,4219 -14,6139 -1,5937 5833,9055 1,0654 0,1830 0,0134 -0,0560 0,7372 -0,2801 
8,200 2734,7150 61,1286 34,7872 221,8417 -14,7340 -1,6012 5824,4772 1,0657 0,1830 0,0126 -0,0520 0,7329 -0,2701 
8,250 2745,4217 58,2999 35,0871 221,2657 -14,8542 -1,6086 5815,0773 1,0661 0,1830 0,0103 -0,0504 0,7208 -0,2571 
8,300 2756,0946 55,4562 35,3875 220,6937 -14,9743 -1,6159 5805,7056 1,0665 0,1830 0,0080 -0,0513 0,7011 -0,2463 
8,350 2766,7340 52,5975 35,6884 220,1258 -15,0945 -1,6235 5796,3617 1,0668 0,1830 0,0069 -0,0538 0,6771 -0,2417 
8,400 2777,3401 49,7239 35,9897 219,5618 -15,2149 -1,6312 5787,0454 1,0672 0,1830 0,0070 -0,0567 0,6540 -0,2437 
8,450 2787,9129 46,8353 36,2915 219,0018 -15,3358 -1,6391 5777,7563 1,0675 0,1830 0,0076 -0,0587 0,6358 -0,2496 
8,500 2798,4527 43,9319 36,5938 218,4456 -15,4571 -1,6470 5768,4943 1,0679 0,1830 0,0074 -0,0592 0,6239 -0,2546 
8,550 2808,9595 41,0134 36,8967 217,8932 -15,5788 -1,6547 5759,2590 1,0683 0,1830 0,0052 -0,0586 0,6163 -0,2541 
8,600 2819,4336 38,0800 37,1999 217,3446 -15,7009 -1,6620 5750,0500 1,0687 0,1830 0,0004 -0,0574 0,6084 -0,2459 
8,650 2829,8751 35,1317 37,5035 216,7998 -15,8231 -1,6690 5740,8671 1,0690 0,1830 -0,0067 -0,0563 0,5957 -0,2313 
8,700 2840,2842 32,1686 37,8074 216,2586 -15,9453 -1,6758 5731,7099 1,0694 0,1830 -0,0149 -0,0554 0,5754 -0,2139 
8,750 2850,6610 29,1907 38,1116 215,7209 -16,0674 -1,6826 5722,5780 1,0698 0,1830 -0,0227 -0,0541 0,5478 -0,1983 
8,800 2861,0056 26,1982 38,4161 215,1868 -16,1896 -1,6894 5713,4711 1,0702 0,1830 -0,0284 -0,0513 0,5160 -0,1877 
8,850 2871,3183 23,1910 38,7209 214,6561 -16,3120 -1,6964 5704,3886 1,0705 0,1830 -0,0307 -0,0461 0,4842 -0,1823 
8,900 2881,5991 20,1692 39,0260 214,1287 -16,4347 -1,7034 5695,3301 1,0709 0,1830 -0,0292 -0,0384 0,4556 -0,1794 
8,950 2891,8481 17,1328 39,3315 213,6045 -16,5579 -1,7103 5686,2951 1,0713 0,1830 -0,0242 -0,0293 0,4308 -0,1744 
9,000 2902,0656 14,0818 39,6371 213,0835 -16,6814 -1,7168 5677,2828 1,0717 0,1830 -0,0170 -0,0213 0,4071 -0,1626 
9,050 2912,2515 11,0163 39,9430 212,5654 -16,8051 -1,7227 5668,2923 1,0721 0,1830 -0,0096 -0,0169 0,3797 -0,1406 
9,100 2922,4061 7,9362 40,2488 212,0500 -16,9289 -1,7280 5659,3224 1,0725 0,1830 -0,0048 -0,0176 0,3431 -0,1071 
9,150 2932,5294 4,8417 40,5547 211,5370 -17,0526 -1,7325 5650,3714 1,0729 0,1830 -0,0054 -0,0217 0,2927 -0,0604 
9,200 2942,6215 1,7329 40,8602 211,0255 -17,1762 -1,7358 5641,4352 1,0733 0,1830 -0,0129 -0,0205 0,2260 0,0078 
9,2278 2948,2138 0,0000 41,0297 210,7410 -17,2450 -1,7362 5636,4729 1,0735 0,1830 0,0013 0,0262 0,1878 0,0735 
