t(c) x(м) y(м) z(м) Vk(м/с) teta(град) psy(град) omega_x(рад/с) pi(y) m(кг) 
0,0000 0,0000 300,0000 0,0000 42,0000 0,0000 0,0000 73,0000 1,0359 16,5000 
0,0500 2,6745 299,9857 -0,0002 64,7035 -0,5339 0,0090 113,5829 1,0359 15,6064 
0,1000 6,4612 299,9369 -0,0011 86,3908 -0,9076 0,0147 148,0315 1,0359 15,4606 
0,1500 11,2730 299,8476 -0,0025 105,7177 -1,2005 0,0184 175,6137 1,0359 15,3314 
0,2000 16,9937 299,7148 -0,0044 123,0145 -1,4465 0,0210 196,9564 1,0359 15,2164 
0,2500 23,5733 299,5358 -0,0070 140,2937 -1,6601 0,0229 215,5381 1,0360 15,1021 
0,3000 31,0198 299,3072 -0,0100 157,7354 -1,8488 0,0243 231,4845 1,0360 14,9874 
0,3500 39,3412 299,0259 -0,0137 175,3372 -2,0175 0,0254 244,6564 1,0360 14,8722 
0,4000 48,5452 298,6891 -0,0178 193,1283 -2,1700 0,0261 255,0266 1,0361 14,7564 
0,4500 58,6506 298,2935 -0,0224 211,5135 -2,3087 0,0266 263,1924 1,0361 14,6374 
0,5000 69,6912 297,8358 -0,0276 230,6101 -2,4357 0,0268 269,2182 1,0362 14,5145 
0,5500 81,7026 297,3123 -0,0332 250,4232 -2,5524 0,0270 273,0070 1,0362 14,3877 
0,6000 94,7206 296,7194 -0,0394 270,9563 -2,6599 0,0269 274,4973 1,0363 14,2570 
0,6500 108,7817 296,0536 -0,0459 292,2456 -2,7595 0,0268 273,6607 1,0364 14,1223 
0,7000 123,9231 295,3113 -0,0530 314,2510 -2,8519 0,0265 270,5019 1,0365 13,9838 
0,7500 140,1787 294,4890 -0,0605 336,9015 -2,9379 0,0261 265,0678 1,0366 13,8413 
0,8000 157,5790 293,5835 -0,0683 360,1578 -3,0182 0,0254 257,4434 1,0367 13,6949 
0,8500 176,1595 292,5914 -0,0764 384,3285 -3,0933 0,0246 248,0977 1,0368 13,5431 
0,9000 195,9787 291,5078 -0,0848 409,8772 -3,1637 0,0238 237,4678 1,0370 13,3839 
0,9500 217,1101 290,3274 -0,0934 436,9344 -3,2297 0,0228 225,3988 1,0371 13,2173 
1,0000 239,6267 289,0443 -0,1022 465,2788 -3,2916 0,0219 211,5151 1,0373 13,0441 
1,0500 263,5352 287,6569 -0,1111 492,1985 -3,3498 0,0209 192,2781 1,0374 12,8794 
1,1000 288,6896 286,1721 -0,1201 513,9972 -3,4052 0,0200 164,3495 1,0376 12,7433 
1,1500 314,6158 284,6173 -0,1289 522,9471 -3,4588 0,0189 121,7216 1,0378 12,6772 
1,2000 340,7550 283,0252 -0,1373 523,7721 -3,5120 0,0179 76,1591 1,0380 12,6553 
1,2500 366,8311 281,4127 -0,1452 520,9281 -3,5653 0,0167 35,0852 1,0382 12,6531 
1,3000 392,7427 279,7861 -0,1525 517,5801 -3,6189 0,0156 2,3071 1,0384 12,6531 
1,3500 418,4866 278,1458 -0,1592 514,2687 -3,6729 0,0144 -23,6374 1,0386 12,6531 
1,4000 444,0647 276,4917 -0,1654 510,9935 -3,7272 0,0132 -44,1398 1,0388 12,6531 
1,4500 469,4787 274,8240 -0,1709 507,7539 -3,7819 0,0119 -60,3034 1,0390 12,6531 
1,5000 494,7303 273,1426 -0,1759 504,5495 -3,8370 0,0107 -73,0038 1,0392 12,6531 
1,5500 519,8213 271,4477 -0,1803 501,3798 -3,8923 0,0094 -82,9372 1,0394 12,6531 
1,6000 544,7534 269,7392 -0,1842 498,2442 -3,9481 0,0081 -90,6578 1,0397 12,6531 
1,6500 569,5283 268,0171 -0,1874 495,1423 -4,0041 0,0069 -96,6072 1,0399 12,6531 
1,7000 594,1476 266,2817 -0,1901 492,0737 -4,0606 0,0056 -101,1380 1,0401 12,6531 
1,7500 618,6129 264,5327 -0,1922 489,0378 -4,1173 0,0043 -104,5319 1,0403 12,6531 
1,8000 642,9260 262,7704 -0,1937 486,0343 -4,1745 0,0030 -107,0142 1,0405 12,6531 
1,8500 667,0882 260,9947 -0,1947 483,0626 -4,2319 0,0017 -108,7657 1,0407 12,6531 
1,9000 691,1013 259,2057 -0,1951 480,1224 -4,2898 0,0004 -109,9310 1,0410 12,6531 
1,9500 714,9668 257,4034 -0,1950 477,2132 -4,3480 -0,0009 -110,6266 1,0412 12,6531 
2,0000 738,6861 255,5878 -0,1943 474,3346 -4,4065 -0,0022 -110,9459 1,0414 12,6531 
2,0500 762,2609 253,7590 -0,1931 471,4863 -4,4654 -0,0036 -110,9641 1,0416 12,6531 
2,1000 785,6925 251,9170 -0,1914 468,6677 -4,5246 -0,0049 -110,7420 1,0419 12,6531 
2,1500 808,9824 250,0618 -0,1892 465,8784 -4,5842 -0,0062 -110,3282 1,0421 12,6531 
2,2000 832,1321 248,1935 -0,1864 463,1182 -4,6442 -0,0075 -109,7624 1,0423 12,6531 
2,2500 855,1430 246,3121 -0,1832 460,3866 -4,7045 -0,0088 -109,0764 1,0426 12,6531 
2,3000 878,0165 244,4176 -0,1794 457,6832 -4,7651 -0,0101 -108,2958 1,0428 12,6531 
2,3500 900,7540 242,5101 -0,1751 455,0077 -4,8261 -0,0114 -107,4416 1,0430 12,6531 
2,4000 923,3568 240,5895 -0,1704 452,3597 -4,8875 -0,0127 -106,5306 1,0433 12,6531 
2,4500 945,8264 238,6560 -0,1652 449,7388 -4,9492 -0,0140 -105,5765 1,0435 12,6531 
2,5000 968,1639 236,7095 -0,1595 447,1447 -5,0113 -0,0153 -104,5902 1,0437 12,6531 
2,5500 990,3708 234,7501 -0,1533 444,5770 -5,0737 -0,0166 -103,5808 1,0440 12,6531 
2,6000 1012,4483 232,7778 -0,1466 442,0354 -5,1365 -0,0179 -102,5555 1,0442 12,6531 
2,6500 1034,3977 230,7927 -0,1395 439,5195 -5,1996 -0,0192 -101,5201 1,0445 12,6531 
2,7000 1056,2203 228,7947 -0,1320 437,0290 -5,2631 -0,0205 -100,4794 1,0447 12,6531 
2,7500 1077,9172 226,7838 -0,1240 434,5637 -5,3270 -0,0218 -99,4371 1,0450 12,6531 
2,8000 1099,4899 224,7602 -0,1155 432,1230 -5,3912 -0,0231 -98,3964 1,0452 12,6531 
2,8500 1120,9393 222,7238 -0,1067 429,7069 -5,4558 -0,0244 -97,3598 1,0455 12,6531 
2,9000 1142,2668 220,6747 -0,0974 427,3148 -5,5207 -0,0257 -96,3292 1,0457 12,6531 
2,9500 1163,4735 218,6128 -0,0876 424,9466 -5,5860 -0,0269 -95,3062 1,0460 12,6531 
3,0000 1184,5606 216,5383 -0,0775 422,6019 -5,6516 -0,0282 -94,2920 1,0463 12,6531 
3,0500 1205,5292 214,4511 -0,0669 420,2804 -5,7176 -0,0295 -93,2876 1,0465 12,6531 
3,1000 1226,3804 212,3512 -0,0559 417,9818 -5,7840 -0,0308 -92,2939 1,0468 12,6531 
3,1500 1247,1155 210,2387 -0,0445 415,7058 -5,8507 -0,0321 -91,3112 1,0470 12,6531 
3,2000 1267,7354 208,1136 -0,0328 413,4523 -5,9178 -0,0334 -90,3403 1,0473 12,6531 
3,2500 1288,2413 205,9760 -0,0206 411,2207 -5,9852 -0,0346 -89,3812 1,0476 12,6531 
3,3000 1308,6343 203,8258 -0,0080 408,9974 -6,0530 -0,0359 -88,4343 1,0478 12,6531 
3,3500 1328,9125 201,6633 0,0049 406,7199 -6,1212 -0,0373 -87,4961 1,0481 12,6531 
3,4000 1349,0751 199,4889 0,0183 404,4491 -6,1897 -0,0386 -86,5650 1,0484 12,6531 
3,4500 1369,1224 197,3025 0,0320 402,1871 -6,2586 -0,0400 -85,6411 1,0487 12,6531 
3,5000 1389,0549 195,1044 0,0462 399,9356 -6,3279 -0,0413 -84,7247 1,0489 12,6531 
3,5500 1408,8732 192,8945 0,0607 397,6962 -6,3976 -0,0427 -83,8161 1,0492 12,6531 
3,6000 1428,5778 190,6730 0,0756 395,4705 -6,4677 -0,0440 -82,9155 1,0495 12,6531 
3,6500 1448,1694 188,4399 0,0909 393,2600 -6,5381 -0,0454 -82,0234 1,0498 12,6531 
3,7000 1467,6489 186,1952 0,1065 391,0660 -6,6089 -0,0467 -81,1401 1,0500 12,6531 
3,7500 1487,0171 183,9390 0,1225 388,8898 -6,6802 -0,0481 -80,2659 1,0503 12,6531 
3,8000 1506,2749 181,6714 0,1389 386,7325 -6,7518 -0,0494 -79,4012 1,0506 12,6531 
3,8500 1525,4232 179,3923 0,1556 384,5952 -6,8238 -0,0508 -78,5463 1,0509 12,6531 
3,9000 1544,4630 177,1018 0,1727 382,4787 -6,8962 -0,0521 -77,7015 1,0512 12,6531 
3,9500 1563,3954 174,7998 0,1902 380,3841 -6,9690 -0,0534 -76,8671 1,0515 12,6531 
4,0000 1582,2215 172,4865 0,2080 378,3120 -7,0421 -0,0548 -76,0433 1,0517 12,6531 
4,0500 1600,9423 170,1618 0,2261 376,2632 -7,1157 -0,0561 -75,2305 1,0520 12,6531 
4,1000 1619,5591 167,8256 0,2445 374,2381 -7,1897 -0,0575 -74,4288 1,0523 12,6531 
4,1500 1638,0731 165,4780 0,2633 372,2375 -7,2640 -0,0588 -73,6383 1,0526 12,6531 
4,2000 1656,4853 163,1190 0,2824 370,2617 -7,3387 -0,0601 -72,8594 1,0529 12,6531 
4,2500 1674,7971 160,7485 0,3019 368,3110 -7,4139 -0,0615 -72,0920 1,0532 12,6531 
4,3000 1693,0097 158,3664 0,3216 366,3859 -7,4894 -0,0628 -71,3363 1,0535 12,6531 
4,3500 1711,1243 155,9729 0,3417 364,4865 -7,5653 -0,0641 -70,5924 1,0538 12,6531 
4,4000 1729,1423 153,5678 0,3620 362,6131 -7,6415 -0,0654 -69,8604 1,0541 12,6531 
4,4500 1747,0649 151,1510 0,3827 360,7658 -7,7182 -0,0667 -69,1402 1,0544 12,6531 
4,5000 1764,8933 148,7226 0,4037 358,9448 -7,7952 -0,0680 -68,4320 1,0547 12,6531 
4,5500 1782,6289 146,2825 0,4249 357,1499 -7,8726 -0,0693 -67,7357 1,0550 12,6531 
4,6000 1800,2729 143,8307 0,4465 355,3814 -7,9504 -0,0706 -67,0513 1,0553 12,6531 
4,6500 1817,8267 141,3670 0,4683 353,6390 -8,0286 -0,0719 -66,3787 1,0556 12,6531 
4,7000 1835,2915 138,8915 0,4904 351,9228 -8,1071 -0,0732 -65,7179 1,0560 12,6531 
4,7500 1852,6685 136,4040 0,5128 350,2327 -8,1860 -0,0744 -65,0689 1,0563 12,6531 
4,8000 1869,9592 133,9046 0,5354 348,5684 -8,2653 -0,0757 -64,4315 1,0566 12,6531 
4,8500 1887,1646 131,3931 0,5583 346,9300 -8,3449 -0,0769 -63,8057 1,0569 12,6531 
4,9000 1904,2862 128,8695 0,5815 345,3171 -8,4249 -0,0782 -63,1913 1,0572 12,6531 
4,9500 1921,3250 126,3338 0,6049 343,7296 -8,5052 -0,0794 -62,5883 1,0575 12,6531 
5,0000 1938,2824 123,7857 0,6286 342,1672 -8,5859 -0,0806 -61,9965 1,0578 12,6531 
5,0500 1955,1591 121,2255 0,6526 340,6057 -8,6670 -0,0819 -61,4153 1,0582 12,6531 
5,1000 1971,9555 118,6531 0,6767 339,0712 -8,7484 -0,0831 -60,8440 1,0585 12,6531 
5,1500 1988,6731 116,0683 0,7012 337,5680 -8,8302 -0,0843 -60,2830 1,0588 12,6531 
5,2000 2005,3136 113,4711 0,7258 336,0947 -8,9123 -0,0855 -59,7324 1,0591 12,6531 
5,2500 2021,8782 110,8614 0,7507 334,6498 -8,9947 -0,0867 -59,1924 1,0595 12,6531 
5,3000 2038,3684 108,2391 0,7759 333,2323 -9,0775 -0,0879 -58,6630 1,0598 12,6531 
5,3500 2054,7855 105,6040 0,8012 331,8410 -9,1606 -0,0891 -58,1440 1,0601 12,6531 
5,4000 2071,1307 102,9560 0,8268 330,4748 -9,2441 -0,0902 -57,6355 1,0605 12,6531 
5,4500 2087,4051 100,2952 0,8526 329,1327 -9,3279 -0,0914 -57,1373 1,0608 12,6531 
5,5000 2103,6101 97,6213 0,8786 327,8137 -9,4120 -0,0925 -56,6491 1,0611 12,6531 
5,5500 2119,7465 94,9344 0,9048 326,5169 -9,4964 -0,0937 -56,1709 1,0615 12,6531 
5,6000 2135,8156 92,2342 0,9313 325,2415 -9,5811 -0,0948 -55,7023 1,0618 12,6531 
5,6500 2151,8184 89,5209 0,9579 323,9867 -9,6661 -0,0959 -55,2432 1,0622 12,6531 
5,7000 2167,7557 86,7943 0,9847 322,7517 -9,7515 -0,0970 -54,7933 1,0625 12,6531 
5,7500 2183,6285 84,0543 1,0118 321,5357 -9,8372 -0,0981 -54,3524 1,0628 12,6531 
5,8000 2199,4378 81,3008 1,0390 320,3381 -9,9231 -0,0992 -53,9202 1,0632 12,6531 
5,8500 2215,1844 78,5340 1,0664 319,1583 -10,0094 -0,1003 -53,4965 1,0635 12,6531 
5,9000 2230,8692 75,7536 1,0940 317,9956 -10,0959 -0,1013 -53,0810 1,0639 12,6531 
5,9500 2246,4929 72,9596 1,1217 316,8494 -10,1828 -0,1024 -52,6735 1,0642 12,6531 
6,0000 2262,0564 70,1520 1,1497 315,7191 -10,2699 -0,1034 -52,2738 1,0646 12,6531 
6,0500 2277,5603 67,3307 1,1778 314,6043 -10,3574 -0,1045 -51,8816 1,0650 12,6531 
6,1000 2293,0055 64,4958 1,2061 313,5044 -10,4451 -0,1055 -51,4967 1,0653 12,6531 
6,1500 2308,3926 61,6471 1,2346 312,4190 -10,5331 -0,1065 -51,1189 1,0657 12,6531 
6,2000 2323,7223 58,7847 1,2632 311,3475 -10,6214 -0,1075 -50,7479 1,0660 12,6531 
6,2500 2338,9952 55,9084 1,2920 310,2895 -10,7099 -0,1085 -50,3836 1,0664 12,6531 
6,3000 2354,2120 53,0183 1,3210 309,2446 -10,7988 -0,1095 -50,0258 1,0668 12,6531 
6,3500 2369,3733 50,1144 1,3501 308,2124 -10,8879 -0,1105 -49,6743 1,0671 12,6531 
6,4000 2384,4798 47,1966 1,3793 307,1924 -10,9773 -0,1115 -49,3289 1,0675 12,6531 
6,4500 2399,5318 44,2648 1,4087 306,1845 -11,0669 -0,1124 -48,9894 1,0679 12,6531 
6,5000 2414,5301 41,3192 1,4383 305,1880 -11,1569 -0,1134 -48,6557 1,0682 12,6531 
6,5500 2429,4752 38,3596 1,4680 304,2028 -11,2471 -0,1143 -48,3276 1,0686 12,6531 
6,6000 2444,3675 35,3860 1,4978 303,2285 -11,3375 -0,1153 -48,0050 1,0690 12,6531 
6,6500 2459,2077 32,3984 1,5278 302,2648 -11,4283 -0,1162 -47,6878 1,0694 12,6531 
6,7000 2473,9961 29,3969 1,5579 301,3112 -11,5193 -0,1171 -47,3757 1,0698 12,6531 
6,7500 2488,7332 26,3813 1,5881 300,3677 -11,6105 -0,1180 -47,0688 1,0701 12,6531 
6,8000 2503,4196 23,3518 1,6185 299,4338 -11,7020 -0,1188 -46,7670 1,0705 12,6531 
6,8500 2518,0556 20,3082 1,6489 298,5093 -11,7938 -0,1197 -46,4700 1,0709 12,6531 
6,9000 2532,6417 17,2505 1,6795 297,5938 -11,8858 -0,1206 -46,1780 1,0713 12,6531 
6,9500 2547,1783 14,1788 1,7102 296,6872 -11,9781 -0,1214 -45,8909 1,0717 12,6531 
7,0000 2561,6658 11,0931 1,7410 295,7891 -12,0707 -0,1222 -45,6088 1,0721 12,6531 
7,0500 2576,1046 7,9934 1,7719 294,8991 -12,1635 -0,1230 -45,3317 1,0725 12,6531 
7,1000 2590,4951 4,8796 1,8029 294,0170 -12,2565 -0,1237 -45,0601 1,0729 12,6531 
7,1500 2604,8375 1,7517 1,8340 293,1422 -12,3498 -0,1245 -44,7950 1,0733 12,6531 
7,1779 2612,8075 0,0000 1,8513 292,6581 -12,4020 -0,1248 -44,6515 1,0735 12,6531 
