ОТ30
Калибр(мм) 30,0
Масса(кг) 0,386
Длина(мм) 145,88
Центр_масс_от_носа(мм) 90,88
Головная_часть(мм) 73,75
Начальная_скорость(м/с) 890,0
Начальный_угол(град) 10,0
Момент_инерции_Ix 3,3E-5
Момент_инерции_Iz 0,0005
Длина_хода_нарезов(калибров) 24
ix43 1,07
iz 1,0
Cxa(M,a) 0,0 0,8 1,0 1,2 5,0
0,7462 -0,2316 0,0239 0,0 4,9795
0,7462 -0,2316 0,0239 0,0 4,9795
0,7462 -0,2316 0,0239 0,0 4,9795
0,7462 -0,2316 0,0239 0,0 4,9795
Cya(M,a)
0,0 0,7568 7,093 1,2453 -0,1953
0,0 0,7568 7,093 1,2453 -0,1953
0,0 0,7568 7,093 1,2453 -0,1953
0,0 0,7568 7,093 1,2453 -0,1953
Cza 0,0 0,1618 1,7729 0,0 0,0
Mza 0,5709 -0,0784 0,0076 0,0
Mya 0,0003 0,0018 -0,0005 0,2316
Mxa 0,0007 -0,0003 0,00004 0,0
Mwa 0,006 0,0 0,0