ОФ29
Калибр(мм) 152,0
Масса(кг) 46,0
Длина(мм) 709,878
Центр_масс_от_носа(мм) 450,0
Головная_часть(мм) 416,7
Начальная_скорость(м/с) 945,0
Начальный_угол(град) 25,0
Момент_инерции_Ix 0,1455
Момент_инерции_Iz 1,4417
Длина_хода_нарезов(калибров) 25
ix43 1,02
iz 1,0
Cxa(M,a) 0,0 0,8 1,0 1,2 5,0
0,1860 0,0000 0,0000 0,0000 3,0
-0,7794 4,7477 -7,6523 4,038 3,5
-17,441 44,811 -37,284 10,298 4,5
0,7088 -0,2797 0,0512 -0,0035 5,0
Cya(M,a)
0,0 0,4751 13,278 1,3619 -0,2078
0,0 0,4751 13,278 1,3619 -0,2078
0,0 0,4751 13,278 1,3619 -0,2078
0,0 0,4751 13,278 1,3619 -0,2078
Cza 0,0 0,1847 3,5200 0,0 0,0
Mza 0,8918 -0,1712 0,0215 0,0
Mya 0,0065 0,0035 -0,0012 2,0
Mxa 0,000617 -0,00022 0,0000292 0,0
Mwa 0,006 0,0 0,0