  N  	  t, c   	 X0[0]  	 X0[1]  	 X0[2]  	 X0[3]  	 X0[4]  	 X0[5]  	 X0[6]  	 X0[7]  	 X0[8]  	 X0[9]  	 X0[10]  	 X0[11]  	 V[0]   	 V[1]   	 V[2]   	 Om[0]  	 Om[1]  	 Om[2]  	 Vc[0]  	 Vc[1]  	 Vc[2]  	 rov[0] 	 rov[1] 	 rov[2] 	 Amp[0]  	 Amp[1]  	 Amp[2]  	teta,град	psi, град	fi, град 
c1	0,100000	2,428212	297,600434	0,000434	1,000000	0,000003	-0,000001	-0,000003	1,000000	0,000001	0,000001	-0,000001	1,000000	27,775228	0,007842	0,007744	-0,000028	-0,000017	-0,001494	27,784972	0,007784	0,007782	0,550000	-0,870000	-2,210000	-0,003811	0,006959	0,007778	-0,000150	-0,000030	-0,000030
c2	0,100000	2,428212	297,600434	0,000434	1,000000	0,000003	-0,000001	-0,000003	1,000000	0,000001	0,000001	-0,000001	1,000000	27,775228	0,007842	0,007744	-0,000028	-0,000017	-0,001494	27,784972	0,007784	0,007782	0,550000	-0,870000	2,210000	-0,003887	0,007082	0,007778	-0,000150	-0,000030	-0,000030
c3	0,120000	2,983558	297,600604	0,000603	1,000000	0,000055	-0,000001	-0,000055	1,000000	0,000001	0,000001	-0,000001	1,000000	27,758542	0,011698	0,010120	-0,000031	-0,000021	-0,004048	27,768147	0,010057	0,010030	0,550000	-0,870000	-2,210000	-0,022712	0,009403	0,010158	-0,003127	-0,000053	-0,000067
c4	0,120000	2,983558	297,600604	0,000603	1,000000	0,000055	-0,000001	-0,000055	1,000000	0,000001	0,000001	-0,000001	1,000000	27,758542	0,011698	0,010120	-0,000031	-0,000021	-0,004048	27,768147	0,010057	0,010030	0,550000	-0,870000	2,210000	-0,022804	0,009539	0,010158	-0,003127	-0,000053	-0,000067
c5	0,140000	3,538592	297,600843	0,000841	1,000000	0,000158	-0,000001	-0,000158	1,000000	0,000002	0,000001	-0,000002	1,000000	27,741808	0,016932	0,012447	-0,000028	-0,000025	-0,006599	27,751565	0,012582	0,012519	0,550000	-0,870000	-2,210000	-0,041657	0,013240	0,012485	-0,009035	-0,000078	-0,000099
c6	0,140000	3,538592	297,600843	0,000841	1,000000	0,000158	-0,000001	-0,000158	1,000000	0,000002	0,000001	-0,000002	1,000000	27,741808	0,016932	0,012447	-0,000028	-0,000025	-0,006599	27,751565	0,012582	0,012519	0,550000	-0,870000	2,210000	-0,041765	0,013365	0,012485	-0,009035	-0,000078	-0,000099
c7	0,160000	4,093231	297,601069	0,001066	1,000000	0,000312	-0,000002	-0,000312	1,000000	0,000002	0,000002	-0,000002	1,000000	27,720395	0,018904	0,010092	-0,000037	-0,000032	-0,009130	27,730141	0,010278	0,010167	0,550000	-0,870000	-2,210000	-0,065255	0,013801	0,010142	-0,017851	-0,000111	-0,000138
c8	0,160000	4,093231	297,601069	0,001066	1,000000	0,000312	-0,000002	-0,000312	1,000000	0,000002	0,000002	-0,000002	1,000000	27,720395	0,018904	0,010092	-0,000037	-0,000032	-0,009130	27,730141	0,010278	0,010167	0,550000	-0,870000	2,210000	-0,065397	0,013965	0,010142	-0,017851	-0,000111	-0,000138
c9	0,180000	4,647480	297,601288	0,001281	1,000000	0,000516	-0,000003	-0,000516	1,000000	0,000003	0,000003	-0,000003	1,000000	27,703045	0,026355	0,011799	-0,000022	-0,000034	-0,011669	27,712728	0,011997	0,011825	0,550000	-0,870000	-2,210000	-0,084810	0,019889	0,011836	-0,029571	-0,000149	-0,000173
c10	0,180000	4,647480	297,601288	0,001281	1,000000	0,000516	-0,000003	-0,000516	1,000000	0,000003	0,000003	-0,000003	1,000000	27,703045	0,026355	0,011799	-0,000022	-0,000034	-0,011669	27,712728	0,011997	0,011825	0,550000	-0,870000	2,210000	-0,084960	0,019985	0,011836	-0,029571	-0,000149	-0,000173
c11	0,200000	5,201363	297,601524	0,001513	1,000000	0,000771	-0,000003	-0,000771	1,000000	0,000003	0,000003	-0,000003	1,000000	27,682128	0,031653	0,009939	-0,000013	-0,000039	-0,014189	27,691988	0,010409	0,010156	0,550000	-0,870000	-2,210000	-0,107908	0,023820	0,009973	-0,044194	-0,000191	-0,000191
c12	0,200000	5,201363	297,601524	0,001513	1,000000	0,000771	-0,000003	-0,000771	1,000000	0,000003	0,000003	-0,000003	1,000000	27,682128	0,031653	0,009939	-0,000013	-0,000039	-0,014189	27,691988	0,010409	0,010156	0,550000	-0,870000	2,210000	-0,108082	0,023879	0,009973	-0,044194	-0,000191	-0,000191
c13	0,220000	5,754792	297,601689	0,001672	0,999999	0,001077	-0,000004	-0,001077	0,999999	0,000004	0,000004	-0,000004	1,000000	27,659767	0,036915	0,006638	-0,000006	-0,000044	-0,016700	27,669518	0,007120	0,006761	0,550000	-0,870000	-2,210000	-0,132441	0,027718	0,006667	-0,061694	-0,000239	-0,000205
c14	0,220000	5,754792	297,601689	0,001672	0,999999	0,001077	-0,000004	-0,001077	0,999999	0,000004	0,000004	-0,000004	1,000000	27,659767	0,036915	0,006638	-0,000006	-0,000044	-0,016700	27,669518	0,007120	0,006761	0,550000	-0,870000	2,210000	-0,132637	0,027743	0,006667	-0,061694	-0,000239	-0,000205
c15	0,240000	6,307824	297,601842	0,001815	0,999999	0,001433	-0,000005	-0,001433	0,999999	0,000003	0,000005	-0,000003	1,000000	27,641297	0,047477	0,007231	0,000021	-0,000046	-0,019216	27,651087	0,007887	0,007401	0,550000	-0,870000	-2,210000	-0,153098	0,036954	0,007238	-0,082078	-0,000291	-0,000196
c16	0,240000	6,307824	297,601842	0,001815	0,999999	0,001433	-0,000005	-0,001433	0,999999	0,000003	0,000005	-0,000003	1,000000	27,641297	0,047477	0,007231	0,000021	-0,000046	-0,019216	27,651087	0,007887	0,007401	0,550000	-0,870000	2,210000	-0,153300	0,036862	0,007238	-0,082078	-0,000291	-0,000196
c17	0,260000	6,860445	297,601966	0,001928	0,999998	0,001838	-0,000006	-0,001838	0,999998	0,000003	0,000006	-0,000003	1,000000	27,618110	0,054728	0,003111	0,000029	-0,000053	-0,021711	27,628005	0,004047	0,003400	0,550000	-0,870000	-2,210000	-0,178441	0,042851	0,003115	-0,105333	-0,000347	-0,000166
c18	0,260000	6,860445	297,601966	0,001928	0,999998	0,001838	-0,000006	-0,001838	0,999998	0,000003	0,000006	-0,000003	1,000000	27,618110	0,054728	0,003111	0,000029	-0,000053	-0,021711	27,628005	0,004047	0,003400	0,550000	-0,870000	2,210000	-0,178673	0,042723	0,003115	-0,105333	-0,000347	-0,000166
c19	0,280000	7,412612	297,602024	0,001970	0,999997	0,002294	-0,000007	-0,002294	0,999997	0,000002	0,000007	-0,000002	1,000000	27,597845	0,066306	0,001921	0,000047	-0,000057	-0,024209	27,607597	0,002911	0,002071	0,550000	-0,870000	-2,210000	-0,200869	0,053094	0,001912	-0,131445	-0,000410	-0,000125
c20	0,280000	7,412612	297,602024	0,001970	0,999997	0,002294	-0,000007	-0,002294	0,999997	0,000002	0,000007	-0,000002	1,000000	27,597845	0,066306	0,001921	0,000047	-0,000057	-0,024209	27,607597	0,002911	0,002071	0,550000	-0,870000	2,210000	-0,201120	0,052887	0,001912	-0,131445	-0,000410	-0,000125
p1	0,500000	13,483199	297,603841	0,003401	0,999970	0,007779	-0,000034	-0,007779	0,999970	-0,000019	0,000034	0,000019	1,000000	27,597219	0,228332	0,010122	0,000145	-0,000203	-0,024366	27,598110	0,013592	0,011024	0,550000	-0,870000	-2,850000	-0,201178	0,215345	0,010108	-0,445711	-0,001966	0,001071
p2	0,525000	14,173050	297,604176	0,003669	0,999965	0,008399	0,000001	-0,008399	0,999965	-0,000023	-0,000001	0,000023	1,000000	27,587086	0,243116	0,008598	0,000158	0,003008	-0,025212	27,588434	0,011530	0,008711	0,550000	-0,870000	2,850000	-0,204054	0,228801	0,006807	-0,481223	0,000043	0,001309
p3	0,550000	14,862514	297,604414	0,003832	0,999959	0,009053	0,000076	-0,009053	0,999959	-0,000027	-0,000076	0,000027	1,000000	27,569415	0,258860	0,008157	0,000150	0,003012	-0,027100	27,570898	0,009235	0,006038	0,550000	-0,870000	-2,850000	-0,240525	0,244381	0,006370	-0,518684	0,004354	0,001569
p4	0,575000	15,551497	297,604650	0,003982	0,999952	0,009767	0,000191	-0,009767	0,999952	-0,000031	-0,000192	0,000029	1,000000	27,544994	0,277141	0,009689	0,000040	0,006237	-0,030036	27,546961	0,008207	0,004537	0,550000	-0,870000	2,850000	-0,241141	0,260505	0,006224	-0,559608	0,010980	0,001789
p5	0,600000	16,239747	297,604802	0,004033	0,999945	0,010492	0,000122	-0,010492	0,999945	-0,000034	-0,000122	0,000032	1,000000	27,515573	0,294510	0,004575	0,000238	-0,011893	-0,028039	27,517556	0,005726	0,001186	0,550000	-0,870000	-2,850000	-0,252703	0,279766	0,010909	-0,601185	0,006993	0,001929
p6	0,625000	16,927352	297,604987	0,004093	0,999938	0,011169	0,000049	-0,011169	0,999938	-0,000032	-0,000049	0,000032	1,000000	27,490261	0,315053	0,003903	-0,000237	0,006140	-0,026021	27,492573	0,008024	0,002611	0,550000	-0,870000	2,850000	-0,292657	0,301417	0,000733	-0,639951	0,002827	0,001857
p7	0,650000	17,614267	297,605168	0,004119	0,999930	0,011793	-0,000025	-0,011793	0,999930	-0,000030	0,000024	0,000030	1,000000	27,462220	0,331663	0,000074	0,000139	-0,012115	-0,023947	27,464608	0,007671	0,000687	0,550000	-0,870000	-2,850000	-0,301864	0,318887	0,006617	-0,675726	-0,001388	0,001722
p8	0,675000	18,300583	297,605444	0,004200	0,999924	0,012367	-0,000104	-0,012367	0,999924	-0,000027	0,000103	0,000028	1,000000	27,440059	0,353163	0,002350	-0,000274	0,005861	-0,021847	27,442760	0,013736	0,005171	0,550000	-0,870000	2,850000	-0,340022	0,341927	-0,000635	-0,708573	-0,005915	0,001542
p9	0,700000	18,986279	297,605804	0,004318	0,999917	0,012885	-0,000186	-0,012885	0,999917	-0,000026	0,000185	0,000028	1,000000	27,413259	0,368740	-0,000477	0,000286	-0,012526	-0,019675	27,416129	0,015376	0,004562	0,550000	-0,870000	-2,850000	-0,345936	0,358736	0,006163	-0,738302	-0,010622	0,001476
p10	0,725000	19,671390	297,606288	0,004502	0,999911	0,013350	-0,000276	-0,013350	0,999911	-0,000027	0,000275	0,000031	1,000000	27,392164	0,388962	0,002512	-0,000058	0,005393	-0,017462	27,395305	0,023116	0,010006	0,550000	-0,870000	2,850000	-0,385434	0,379522	-0,000404	-0,764950	-0,015780	0,001541
