  t, c   	 X0[0]  	 X0[1]  	 X0[2]  	 X0[3]  	 X0[4]  	 X0[5]  	 X0[6]  	 X0[7]  	 X0[8]  	 X0[9]  	 X0[10]  	 X0[11]  	 V[0]   	 V[1]   	 V[2]   	 Om[0]  	 Om[1]  	 Om[2]  	 Vc[0]  	 Vc[1]  	 Vc[2]  	 Amp[0][0] 	 Amp[0][1] 	 Amp[0][2] 	 Amp[1][0] 	 Amp[1][1] 	 Amp[1][2] 	 Amp[2][0] 	 Amp[2][1] 	 Amp[2][2] 	 Amp[3][0] 	 Amp[3][1] 	 Amp[3][2] 	 Amp[4][0] 	 Amp[4][1] 	 Amp[4][2] 	 Amp[5][0] 	 Amp[5][1] 	 Amp[5][2] 	teta,град	psi, град	fi, град 
0,000000	-0,350000	297,600000	0,000000	1,000000	0,000000	0,000000	0,000000	1,000000	0,000000	0,000000	0,000000	1,000000	27,777778	0,000000	0,000000	0,000000	0,000000	0,000000	27,777778	0,000000	0,000000	0,000000	0,000000	0,000000	0,000000	0,000000	0,000000	0,000000	0,000000	0,000000	0,000000	0,000000	0,000000	0,000000	0,000000	0,000000	0,000000	0,000000	0,000000	0,000000	0,000000	0,000000
0,005000	-0,211111	297,600000	0,000000	1,000000	0,000000	0,000000	0,000000	1,000000	0,000000	0,000000	0,000000	1,000000	27,778054	0,000276	0,000276	0,000001	0,000000	-0,000001	27,778003	0,000225	0,000225	0,000274	0,000279	0,000275	0,000274	0,000278	0,000275	0,000275	0,000277	0,000275	0,000276	0,000273	0,000275	0,000276	0,000273	0,000275	0,000276	0,000272	0,000275	0,000000	0,000000	0,000000
0,010000	-0,072219	297,600003	0,000003	1,000000	0,000000	0,000000	0,000000	1,000000	0,000000	0,000000	0,000000	1,000000	27,778765	0,000988	0,000987	0,000003	0,000001	-0,000004	27,778681	0,000903	0,000903	0,000982	0,000997	0,000984	0,000982	0,000995	0,000984	0,000983	0,000993	0,000984	0,000986	0,000979	0,000984	0,000986	0,000977	0,000984	0,000987	0,000975	0,000984	-0,000001	0,000000	0,000001
0,015000	0,066677	297,600011	0,000011	1,000000	0,000000	0,000000	0,000000	1,000000	0,000000	0,000000	0,000000	1,000000	27,779734	0,001957	0,001956	0,000006	0,000001	-0,000007	27,779633	0,001855	0,001855	0,001945	0,001974	0,001950	0,001946	0,001970	0,001950	0,001947	0,001966	0,001950	0,001952	0,001940	0,001950	0,001953	0,001936	0,001950	0,001954	0,001932	0,001950	-0,000002	0,000000	0,000002
0,020000	0,205578	297,600023	0,000023	1,000000	0,000000	0,000000	0,000000	1,000000	0,000000	0,000000	0,000000	1,000000	27,780646	0,002870	0,002868	0,000008	0,000002	-0,000011	27,780565	0,002787	0,002787	0,002853	0,002893	0,002860	0,002854	0,002888	0,002860	0,002855	0,002882	0,002860	0,002862	0,002846	0,002860	0,002863	0,002841	0,002860	0,002864	0,002836	0,002860	-0,000005	0,000001	0,000004
0,025000	0,344483	297,600039	0,000039	1,000000	0,000000	0,000000	0,000000	1,000000	0,000000	0,000000	0,000000	1,000000	27,781288	0,003515	0,003511	0,000009	0,000002	-0,000014	27,781240	0,003462	0,003462	0,003493	0,003538	0,003502	0,003494	0,003532	0,003502	0,003495	0,003527	0,003502	0,003501	0,003487	0,003502	0,003502	0,003481	0,003502	0,003503	0,003476	0,003502	-0,000009	0,000001	0,000007
0,030000	0,483391	297,600057	0,000057	1,000000	0,000000	0,000000	0,000000	1,000000	0,000000	0,000000	0,000000	1,000000	27,781486	0,003715	0,003709	0,000008	0,000001	-0,000016	27,781487	0,003709	0,003709	0,003692	0,003732	0,003702	0,003692	0,003728	0,003702	0,003693	0,003723	0,003702	0,003696	0,003689	0,003702	0,003697	0,003684	0,003702	0,003697	0,003680	0,003702	-0,000013	0,000002	0,000009
0,035000	0,622298	297,600075	0,000075	1,000000	0,000000	0,000000	0,000000	1,000000	0,000000	0,000000	0,000000	1,000000	27,781294	0,003525	0,003517	0,000004	-0,000001	-0,000017	27,781326	0,003548	0,003548	0,003504	0,003530	0,003513	0,003503	0,003528	0,003513	0,003503	0,003525	0,003513	0,003500	0,003506	0,003513	0,003500	0,003503	0,003513	0,003500	0,003501	0,003513	-0,000018	0,000002	0,000011
0,040000	0,761203	297,600092	0,000092	1,000000	0,000000	0,000000	0,000000	1,000000	0,000000	0,000000	0,000000	1,000000	27,780841	0,003074	0,003064	0,000000	-0,000002	-0,000016	27,780891	0,003114	0,003114	0,003057	0,003064	0,003065	0,003055	0,003064	0,003065	0,003054	0,003064	0,003065	0,003044	0,003066	0,003065	0,003043	0,003066	0,003065	0,003041	0,003066	0,003065	-0,000022	0,000001	0,000011
0,045000	0,900106	297,600106	0,000106	1,000000	0,000000	0,000000	0,000000	1,000000	0,000000	0,000000	0,000000	1,000000	27,780424	0,002659	0,002646	-0,000005	-0,000004	-0,000016	27,780456	0,002678	0,002678	0,002646	0,002632	0,002653	0,002643	0,002635	0,002653	0,002641	0,002639	0,002653	0,002623	0,002661	0,002653	0,002620	0,002665	0,002653	0,002618	0,002668	0,002653	-0,000027	0,000000	0,000010
0,050000	1,039008	297,600119	0,000119	1,000000	0,000001	0,000000	-0,000001	1,000000	0,000000	0,000000	0,000000	1,000000	27,780271	0,002508	0,002492	-0,000009	-0,000006	-0,000017	27,780269	0,002491	0,002491	0,002498	0,002467	0,002503	0,002494	0,002473	0,002503	0,002490	0,002479	0,002503	0,002465	0,002519	0,002503	0,002462	0,002525	0,002503	0,002458	0,002530	0,002503	-0,000032	-0,000001	0,000008
0,055000	1,177910	297,600132	0,000132	1,000000	0,000001	0,000000	-0,000001	1,000000	0,000000	0,000000	0,000000	1,000000	27,780600	0,002840	0,002821	-0,000011	-0,000007	-0,000020	27,780544	0,002766	0,002765	0,002829	0,002790	0,002834	0,002824	0,002797	0,002834	0,002820	0,002804	0,002834	0,002789	0,002855	0,002834	0,002785	0,002862	0,002834	0,002781	0,002869	0,002834	-0,000037	-0,000003	0,000005
0,060000	1,316815	297,600148	0,000148	1,000000	0,000001	0,000000	-0,000001	1,000000	0,000000	0,000000	0,000000	1,000000	27,781412	0,003655	0,003631	-0,000012	-0,000008	-0,000025	27,781313	0,003535	0,003534	0,003639	0,003600	0,003646	0,003635	0,003608	0,003646	0,003630	0,003615	0,003646	0,003596	0,003668	0,003646	0,003591	0,003676	0,003646	0,003586	0,003683	0,003646	-0,000044	-0,000005	0,000002
0,065000	1,455725	297,600169	0,000169	1,000000	0,000001	0,000000	-0,000001	1,000000	0,000000	0,000000	0,000000	1,000000	27,782620	0,004867	0,004838	-0,000011	-0,000008	-0,000031	27,782488	0,004710	0,004709	0,004844	0,004812	0,004852	0,004839	0,004819	0,004852	0,004834	0,004826	0,004852	0,004798	0,004875	0,004852	0,004792	0,004882	0,004852	0,004788	0,004889	0,004852	-0,000052	-0,000007	-0,000001
0,070000	1,594641	297,600196	0,000196	1,000000	0,000001	0,000000	-0,000001	1,000000	0,000000	0,000000	0,000000	1,000000	27,783947	0,006199	0,006164	-0,000010	-0,000009	-0,000037	27,783817	0,006039	0,006039	0,006166	0,006144	0,006177	0,006161	0,006150	0,006177	0,006155	0,006156	0,006177	0,006118	0,006200	0,006177	0,006112	0,006206	0,006177	0,006107	0,006212	0,006177	-0,000061	-0,000010	-0,000004
0,075000	1,733564	297,600230	0,000230	1,000000	0,000001	0,000000	-0,000001	1,000000	0,000000	0,000000	0,000000	1,000000	27,785145	0,007402	0,007360	-0,000009	-0,000009	-0,000043	27,785037	0,007259	0,007258	0,007361	0,007347	0,007373	0,007355	0,007352	0,007373	0,007349	0,007358	0,007373	0,007309	0,007399	0,007373	0,007304	0,007404	0,007373	0,007298	0,007410	0,007373	-0,000073	-0,000012	-0,000007
0,080000	1,872492	297,600269	0,000269	1,000000	0,000002	0,000000	-0,000002	1,000000	0,000000	0,000000	0,000000	1,000000	27,785946	0,008210	0,008161	-0,000010	-0,000010	-0,000048	27,785888	0,008110	0,008109	0,008162	0,008149	0,008175	0,008156	0,008155	0,008175	0,008149	0,008162	0,008175	0,008105	0,008206	0,008175	0,008099	0,008213	0,008175	0,008093	0,008219	0,008175	-0,000086	-0,000015	-0,000010
0,085000	2,011422	297,600311	0,000311	1,000000	0,000002	0,000000	-0,000002	1,000000	0,000000	0,000000	0,000000	1,000000	27,786283	0,008554	0,008496	-0,000013	-0,000011	-0,000051	27,786269	0,008491	0,008490	0,008500	0,008481	0,008513	0,008494	0,008489	0,008513	0,008486	0,008497	0,008513	0,008436	0,008554	0,008513	0,008428	0,008562	0,008513	0,008421	0,008570	0,008513	-0,000100	-0,000018	-0,000013
0,090000	2,150354	297,600354	0,000354	1,000000	0,000002	0,000000	-0,000002	1,000000	0,000000	0,000000	0,000000	1,000000	27,786173	0,008451	0,008384	-0,000017	-0,000013	-0,000052	27,786200	0,008422	0,008421	0,008396	0,008362	0,008406	0,008388	0,008372	0,008406	0,008379	0,008384	0,008406	0,008320	0,008460	0,008406	0,008312	0,008471	0,008406	0,008304	0,008482	0,008406	-0,000115	-0,000021	-0,000017
0,095000	2,289284	297,600395	0,000395	1,000000	0,000002	0,000000	-0,000002	1,000000	0,000000	0,000000	0,000000	1,000000	27,785847	0,008132	0,008056	-0,000023	-0,000015	-0,000053	27,785881	0,008103	0,008103	0,008076	0,008025	0,008084	0,008067	0,008038	0,008084	0,008057	0,008053	0,008084	0,007989	0,008153	0,008084	0,007979	0,008168	0,008084	0,007970	0,008181	0,008084	-0,000130	-0,000026	-0,000023
0,100000	2,428212	297,600434	0,000434	1,000000	0,000003	-0,000001	-0,000003	1,000000	0,000001	0,000001	-0,000001	1,000000	27,775228	0,007842	0,007744	-0,000028	-0,000017	-0,001494	27,784972	0,007784	0,007782	-0,003790	0,006925	0,007778	-0,003800	0,006941	0,007778	-0,003811	0,006959	0,007778	-0,003887	0,007082	0,007778	-0,003898	0,007099	0,007778	-0,003908	0,007116	0,007778	-0,000150	-0,000030	-0,000030
0,105000	2,567048	297,600473	0,000473	1,000000	0,000015	-0,000001	-0,000015	1,000000	0,000001	0,000001	-0,000001	1,000000	27,766459	0,008205	0,007736	-0,000032	-0,000019	-0,002597	27,766441	0,007757	0,007735	-0,013514	0,006667	0,007774	-0,013525	0,006686	0,007774	-0,013537	0,006706	0,007774	-0,013619	0,006847	0,007774	-0,013631	0,006867	0,007774	-0,013642	0,006886	0,007774	-0,000887	-0,000035	-0,000039
0,110000	2,705881	297,600513	0,000513	1,000000	0,000028	-0,000001	-0,000028	1,000000	0,000001	0,000001	-0,000001	1,000000	27,766871	0,008979	0,008145	-0,000033	-0,000020	-0,002599	27,766811	0,008128	0,008105	-0,013100	0,007434	0,008185	-0,013112	0,007454	0,008185	-0,013125	0,007475	0,008185	-0,013213	0,007623	0,008185	-0,013226	0,007644	0,008185	-0,013238	0,007664	0,008185	-0,001631	-0,000041	-0,000048
0,115000	2,844717	297,600556	0,000555	1,000000	0,000041	-0,000001	-0,000041	1,000000	0,000001	0,000001	-0,000001	1,000000	27,767732	0,010204	0,009004	-0,000033	-0,000021	-0,002604	27,767630	0,008949	0,008923	-0,012239	0,008658	0,009044	-0,012251	0,008678	0,009044	-0,012265	0,008699	0,009044	-0,012357	0,008844	0,009044	-0,012370	0,008865	0,009044	-0,012382	0,008885	0,009044	-0,002376	-0,000047	-0,000058
0,120000	2,983558	297,600604	0,000603	1,000000	0,000055	-0,000001	-0,000055	1,000000	0,000001	0,000001	-0,000001	1,000000	27,758542	0,011698	0,010120	-0,000031	-0,000021	-0,004048	27,768147	0,010057	0,010030	-0,022686	0,009364	0,010158	-0,022698	0,009383	0,010158	-0,022712	0,009403	0,010158	-0,022804	0,009539	0,010158	-0,022817	0,009559	0,010158	-0,022830	0,009578	0,010158	-0,003127	-0,000053	-0,000067
0,125000	3,122314	297,600658	0,000657	1,000000	0,000080	-0,000001	-0,000080	1,000000	0,000001	0,000001	-0,000001	1,000000	27,750932	0,013576	0,011270	-0,000029	-0,000021	-0,005155	27,750823	0,011240	0,011189	-0,031257	0,010641	0,011307	-0,031270	0,010658	0,011307	-0,031284	0,010677	0,011307	-0,031377	0,010805	0,011307	-0,031391	0,010824	0,011307	-0,031404	0,010841	0,011307	-0,004596	-0,000059	-0,000075
0,130000	3,261071	297,600717	0,000716	1,000000	0,000106	-0,000001	-0,000106	1,000000	0,000001	0,000001	-0,000001	1,000000	27,751806	0,015170	0,012142	-0,000027	-0,000022	-0,005158	27,751739	0,012160	0,012105	-0,030383	0,012239	0,012178	-0,030396	0,012256	0,012178	-0,030410	0,012273	0,012178	-0,030507	0,012394	0,012178	-0,030521	0,012411	0,012178	-0,030535	0,012427	0,012178	-0,006074	-0,000065	-0,000083
0,135000	3,399831	297,600779	0,000778	1,000000	0,000132	-0,000001	-0,000132	1,000000	0,000002	0,000001	-0,000002	1,000000	27,752235	0,016319	0,012568	-0,000027	-0,000023	-0,005160	27,752216	0,012639	0,012581	-0,029952	0,013388	0,012604	-0,029966	0,013404	0,012604	-0,029981	0,013421	0,012604	-0,030083	0,013540	0,012604	-0,030098	0,013557	0,012604	-0,030112	0,013573	0,012604	-0,007552	-0,000071	-0,000091
0,140000	3,538592	297,600843	0,000841	1,000000	0,000158	-0,000001	-0,000158	1,000000	0,000002	0,000001	-0,000002	1,000000	27,741808	0,016932	0,012447	-0,000028	-0,000025	-0,006599	27,751565	0,012582	0,012519	-0,041626	0,013205	0,012485	-0,041641	0,013222	0,012485	-0,041657	0,013240	0,012485	-0,041765	0,013365	0,012485	-0,041781	0,013383	0,012485	-0,041796	0,013400	0,012485	-0,009035	-0,000078	-0,000099
0,145000	3,677260	297,600904	0,000902	1,000000	0,000196	-0,000001	-0,000196	1,000000	0,000002	0,000001	-0,000002	1,000000	27,732513	0,017481	0,011912	-0,000031	-0,000027	-0,007699	27,732581	0,012108	0,012019	-0,051871	0,013139	0,011954	-0,051887	0,013157	0,011954	-0,051904	0,013177	0,011954	-0,052021	0,013316	0,011954	-0,052038	0,013336	0,011954	-0,052054	0,013355	0,011954	-0,011233	-0,000085	-0,000108
0,150000	3,815920	297,600963	0,000960	1,000000	0,000235	-0,000002	-0,000235	1,000000	0,000002	0,000002	-0,000002	1,000000	27,731756	0,017798	0,011151	-0,000034	-0,000029	-0,007696	27,731838	0,011371	0,011275	-0,052618	0,013447	0,011197	-0,052635	0,013468	0,011197	-0,052654	0,013489	0,011197	-0,052781	0,013641	0,011197	-0,052799	0,013663	0,011197	-0,052816	0,013683	0,011197	-0,013438	-0,000093	-0,000117
0,155000	3,954577	297,601017	0,001014	1,000000	0,000273	-0,000002	-0,000273	1,000000	0,000002	0,000002	-0,000002	1,000000	27,731086	0,018201	0,010477	-0,000036	-0,000031	-0,007693	27,731145	0,010685	0,010582	-0,053279	0,013845	0,010526	-0,053297	0,013867	0,010526	-0,053317	0,013890	0,010526	-0,053453	0,014051	0,010526	-0,053472	0,014074	0,010526	-0,053491	0,014096	0,010526	-0,015643	-0,000102	-0,000127
0,160000	4,093231	297,601069	0,001066	1,000000	0,000312	-0,000002	-0,000312	1,000000	0,000002	0,000002	-0,000002	1,000000	27,720395	0,018904	0,010092	-0,000037	-0,000032	-0,009130	27,730141	0,010278	0,010167	-0,065215	0,013756	0,010142	-0,065234	0,013778	0,010142	-0,065255	0,013801	0,010142	-0,065397	0,013965	0,010142	-0,065417	0,013988	0,010142	-0,065436	0,014010	0,010142	-0,017851	-0,000111	-0,000138
0,165000	4,231793	297,601121	0,001117	1,000000	0,000363	-0,000002	-0,000363	1,000000	0,000003	0,000002	-0,000003	1,000000	27,711694	0,020401	0,010151	-0,000036	-0,000033	-0,010230	27,711673	0,010326	0,010183	-0,074870	0,014651	0,010200	-0,074889	0,014673	0,010200	-0,074911	0,014696	0,010200	-0,075057	0,014853	0,010200	-0,075078	0,014876	0,010200	-0,075098	0,014897	0,010200	-0,020774	-0,000120	-0,000148
0,170000	4,370353	297,601173	0,001169	1,000000	0,000414	-0,000002	-0,000414	1,000000	0,000003	0,000002	-0,000003	1,000000	27,712126	0,022261	0,010579	-0,000032	-0,000034	-0,010230	27,712078	0,010740	0,010587	-0,074436	0,016524	0,010625	-0,074456	0,016544	0,010625	-0,074477	0,016564	0,010625	-0,074626	0,016705	0,010625	-0,074648	0,016725	0,010625	-0,074668	0,016744	0,010625	-0,023705	-0,000130	-0,000158
0,175000	4,508915	297,601229	0,001223	1,000000	0,000465	-0,000002	-0,000465	1,000000	0,000003	0,000002	-0,000003	1,000000	27,712780	0,024343	0,011229	-0,000027	-0,000034	-0,010230	27,712720	0,011390	0,011228	-0,073781	0,018624	0,011271	-0,073801	0,018640	0,011271	-0,073823	0,018657	0,011271	-0,073972	0,018775	0,011271	-0,073994	0,018792	0,011271	-0,074014	0,018808	0,011271	-0,026636	-0,000140	-0,000166
0,180000	4,647480	297,601288	0,001281	1,000000	0,000516	-0,000003	-0,000516	1,000000	0,000003	0,000003	-0,000003	1,000000	27,703045	0,026355	0,011799	-0,000022	-0,000034	-0,011669	27,712728	0,011997	0,011825	-0,084767	0,019862	0,011836	-0,084788	0,019875	0,011836	-0,084810	0,019889	0,011836	-0,084960	0,019985	0,011836	-0,084982	0,019998	0,011836	-0,085003	0,020011	0,011836	-0,029571	-0,000149	-0,000173
0,185000	4,785956	297,601349	0,001342	1,000000	0,000580	-0,000003	-0,000580	1,000000	0,000003	0,000003	-0,000003	1,000000	27,694548	0,028410	0,012062	-0,000018	-0,000035	-0,012768	27,694551	0,012342	0,012130	-0,094218	0,021326	0,012096	-0,094239	0,021337	0,012096	-0,094261	0,021348	0,012096	-0,094415	0,021426	0,012096	-0,094437	0,021438	0,012096	-0,094458	0,021448	0,012096	-0,033222	-0,000159	-0,000179
0,190000	4,924428	297,601411	0,001402	1,000000	0,000644	-0,000003	-0,000644	1,000000	0,000003	0,000003	-0,000003	1,000000	27,694304	0,029948	0,011814	-0,000015	-0,000036	-0,012764	27,694366	0,012169	0,011944	-0,094455	0,022877	0,011847	-0,094476	0,022885	0,011847	-0,094499	0,022895	0,011847	-0,094658	0,022960	0,011847	-0,094681	0,022969	0,011847	-0,094702	0,022978	0,011847	-0,036879	-0,000169	-0,000183
0,195000	5,062898	297,601470	0,001460	1,000000	0,000707	-0,000003	-0,000707	1,000000	0,000003	0,000003	-0,000003	1,000000	27,693566	0,030991	0,011073	-0,000013	-0,000037	-0,012758	27,693673	0,011489	0,011251	-0,095182	0,023928	0,011105	-0,095205	0,023936	0,011105	-0,095229	0,023945	0,011105	-0,095393	0,024004	0,011105	-0,095417	0,024013	0,011105	-0,095440	0,024021	0,011105	-0,040535	-0,000180	-0,000187
0,200000	5,201363	297,601524	0,001513	1,000000	0,000771	-0,000003	-0,000771	1,000000	0,000003	0,000003	-0,000003	1,000000	27,682128	0,031653	0,009939	-0,000013	-0,000039	-0,014189	27,691988	0,010409	0,010156	-0,107860	0,023803	0,009973	-0,107883	0,023811	0,009973	-0,107908	0,023820	0,009973	-0,108082	0,023879	0,009973	-0,108107	0,023887	0,009973	-0,108130	0,023895	0,009973	-0,044194	-0,000191	-0,000191
0,205000	5,339731	297,601572	0,001560	1,000000	0,000848	-0,000004	-0,000848	1,000000	0,000003	0,000004	-0,000003	1,000000	27,672129	0,032559	0,008701	-0,000014	-0,000041	-0,015282	27,672266	0,009221	0,008918	-0,118802	0,024106	0,008736	-0,118827	0,024114	0,008736	-0,118853	0,024123	0,008736	-0,119035	0,024184	0,008736	-0,119062	0,024193	0,008736	-0,119086	0,024202	0,008736	-0,048566	-0,000202	-0,000195
0,210000	5,478089	297,601615	0,001601	1,000000	0,000924	-0,000004	-0,000924	1,000000	0,000003	0,000004	-0,000003	1,000000	27,671033	0,033597	0,007602	-0,000013	-0,000043	-0,015274	27,671150	0,008123	0,007802	-0,119885	0,025152	0,007637	-0,119911	0,025159	0,007637	-0,119938	0,025168	0,007637	-0,120127	0,025225	0,007637	-0,120154	0,025233	0,007637	-0,120180	0,025241	0,007637	-0,052942	-0,000214	-0,000199
0,215000	5,616442	297,601653	0,001638	0,999999	0,001000	-0,000004	-0,001000	0,999999	0,000004	0,000004	-0,000004	1,000000	27,670332	0,035029	0,006897	-0,000010	-0,000044	-0,015266	27,670402	0,007395	0,007055	-0,120577	0,026597	0,006930	-0,120603	0,026603	0,006930	-0,120631	0,026610	0,006930	-0,120824	0,026655	0,006930	-0,120852	0,026661	0,006930	-0,120878	0,026667	0,006930	-0,057317	-0,000227	-0,000202
0,220000	5,754792	297,601689	0,001672	0,999999	0,001077	-0,000004	-0,001077	0,999999	0,000004	0,000004	-0,000004	1,000000	27,659767	0,036915	0,006638	-0,000006	-0,000044	-0,016700	27,669518	0,007120	0,006761	-0,132386	0,027712	0,006667	-0,132413	0,027715	0,006667	-0,132441	0,027718	0,006667	-0,132637	0,027743	0,006667	-0,132666	0,027746	0,006667	-0,132692	0,027750	0,006667	-0,061694	-0,000239	-0,000205
0,225000	5,893052	297,601725	0,001706	0,999999	0,001166	-0,000004	-0,001166	0,999999	0,000004	0,000004	-0,000004	1,000000	27,651154	0,039559	0,006786	0,000000	-0,000045	-0,017796	27,651153	0,007296	0,006879	-0,141951	0,029773	0,006810	-0,141978	0,029772	0,006810	-0,142007	0,029772	0,006810	-0,142205	0,029770	0,006810	-0,142233	0,029770	0,006810	-0,142260	0,029769	0,006810	-0,066786	-0,000252	-0,000205
0,230000	6,031308	297,601763	0,001741	0,999999	0,001255	-0,000005	-0,001255	0,999999	0,000004	0,000005	-0,000004	1,000000	27,651469	0,042359	0,007098	0,000008	-0,000045	-0,017790	27,651469	0,007634	0,007195	-0,141632	0,032602	0,007116	-0,141659	0,032597	0,007116	-0,141688	0,032592	0,007116	-0,141885	0,032557	0,007116	-0,141914	0,032552	0,007116	-0,141941	0,032547	0,007116	-0,071883	-0,000265	-0,000204
0,235000	6,169566	297,601802	0,001778	0,999999	0,001344	-0,000005	-0,001344	0,999999	0,000004	0,000005	-0,000004	1,000000	27,651713	0,045088	0,007339	0,000015	-0,000045	-0,017785	27,651733	0,007920	0,007458	-0,141383	0,035359	0,007351	-0,141410	0,035350	0,007351	-0,141439	0,035340	0,007351	-0,141637	0,035273	0,007351	-0,141665	0,035264	0,007351	-0,141692	0,035255	0,007351	-0,076979	-0,000278	-0,000201
0,240000	6,307824	297,601842	0,001815	0,999999	0,001433	-0,000005	-0,001433	0,999999	0,000003	0,000005	-0,000003	1,000000	27,641297	0,047477	0,007231	0,000021	-0,000046	-0,019216	27,651087	0,007887	0,007401	-0,153042	0,036980	0,007238	-0,153069	0,036967	0,007238	-0,153098	0,036954	0,007238	-0,153300	0,036862	0,007238	-0,153329	0,036849	0,007238	-0,153357	0,036836	0,007238	-0,082078	-0,000291	-0,000196
0,245000	6,445990	297,601880	0,001851	0,999999	0,001534	-0,000005	-0,001534	0,999999	0,000003	0,000005	-0,000003	1,000000	27,631979	0,049768	0,006675	0,000024	-0,000047	-0,020308	27,632097	0,007452	0,006896	-0,163305	0,038682	0,006680	-0,163333	0,038668	0,006680	-0,163363	0,038652	0,006680	-0,163571	0,038544	0,006680	-0,163601	0,038528	0,006680	-0,163629	0,038514	0,006680	-0,087890	-0,000304	-0,000189
0,250000	6,584148	297,601915	0,001883	0,999999	0,001635	-0,000006	-0,001635	0,999999	0,000003	0,000006	-0,000003	1,000000	27,630965	0,051592	0,005660	0,000027	-0,000049	-0,020297	27,631131	0,006517	0,005931	-0,164303	0,040521	0,005664	-0,164332	0,040505	0,005664	-0,164363	0,040488	0,005664	-0,164578	0,040369	0,005664	-0,164609	0,040352	0,005664	-0,164638	0,040336	0,005664	-0,093706	-0,000318	-0,000182
0,255000	6,722300	297,601944	0,001909	0,999998	0,001737	-0,000006	-0,001737	0,999998	0,000003	0,000006	-0,000003	1,000000	27,629702	0,053165	0,004395	0,000028	-0,000050	-0,020284	27,629882	0,005300	0,004684	-0,165550	0,042105	0,004398	-0,165580	0,042088	0,004398	-0,165612	0,042070	0,004398	-0,165835	0,041946	0,004398	-0,165867	0,041928	0,004398	-0,165898	0,041911	0,004398	-0,099519	-0,000332	-0,000174
0,260000	6,860445	297,601966	0,001928	0,999998	0,001838	-0,000006	-0,001838	0,999998	0,000003	0,000006	-0,000003	1,000000	27,618110	0,054728	0,003111	0,000029	-0,000053	-0,021711	27,628005	0,004047	0,003400	-0,178375	0,042887	0,003115	-0,178407	0,042870	0,003115	-0,178441	0,042851	0,003115	-0,178673	0,042723	0,003115	-0,178707	0,042704	0,003115	-0,178738	0,042687	0,003115	-0,105333	-0,000347	-0,000166
0,265000	6,998493	297,601984	0,001942	0,999998	0,001952	-0,000006	-0,001952	0,999998	0,000003	0,000006	-0,000003	1,000000	27,608353	0,056931	0,002119	0,000031	-0,000054	-0,022800	27,608491	0,003106	0,002372	-0,189073	0,044497	0,002122	-0,189106	0,044478	0,002122	-0,189141	0,044459	0,002122	-0,189381	0,044323	0,002122	-0,189416	0,044303	0,002122	-0,189448	0,044285	0,002122	-0,111859	-0,000362	-0,000157
0,270000	7,136533	297,601997	0,001952	0,999998	0,002066	-0,000007	-0,002066	0,999998	0,000003	0,000007	-0,000003	1,000000	27,607807	0,059573	0,001573	0,000035	-0,000056	-0,022789	27,607904	0,002557	0,001787	-0,189605	0,047159	0,001573	-0,189639	0,047138	0,001573	-0,189674	0,047116	0,001573	-0,189920	0,046963	0,001573	-0,189955	0,046941	0,001573	-0,189989	0,046920	0,001573	-0,118389	-0,000378	-0,000148
0,275000	7,274573	297,602010	0,001960	0,999998	0,002180	-0,000007	-0,002180	0,999998	0,000002	0,000007	-0,000002	1,000000	27,607790	0,062744	0,001556	0,000040	-0,000056	-0,022779	27,607841	0,002529	0,001725	-0,189611	0,050354	0,001553	-0,189645	0,050330	0,001553	-0,189681	0,050304	0,001553	-0,189929	0,050127	0,001553	-0,189965	0,050101	0,001553	-0,189999	0,050077	0,001553	-0,124916	-0,000394	-0,000138
0,280000	7,412612	297,602024	0,001970	0,999997	0,002294	-0,000007	-0,002294	0,999997	0,000002	0,000007	-0,000002	1,000000	27,597845	0,066306	0,001921	0,000047	-0,000057	-0,024209	27,607597	0,002911	0,002071	-0,200798	0,053152	0,001912	-0,200832	0,053124	0,001912	-0,200869	0,053094	0,001912	-0,201120	0,052887	0,001912	-0,201157	0,052857	0,001912	-0,201191	0,052829	0,001912	-0,131445	-0,000410	-0,000125
0,285000	7,550563	297,602040	0,001982	0,999997	0,002421	-0,000007	-0,002421	0,999997	0,000002	0,000007	-0,000002	1,000000	27,589629	0,070400	0,002471	0,000054	-0,000058	-0,025302	27,589662	0,003557	0,002619	-0,209962	0,056669	0,002456	-0,209997	0,056637	0,002456	-0,210034	0,056603	0,002456	-0,210289	0,056365	0,002456	-0,210326	0,056331	0,002456	-0,210360	0,056299	0,002456	-0,138688	-0,000426	-0,000111
0,290000	7,688513	297,602060	0,001996	0,999997	0,002547	-0,000008	-0,002547	0,999997	0,000002	0,000008	-0,000002	1,000000	27,590050	0,074361	0,002894	0,000060	-0,000059	-0,025291	27,590119	0,004053	0,003077	-0,209528	0,060659	0,002874	-0,209564	0,060623	0,002874	-0,209601	0,060584	0,002874	-0,209861	0,060317	0,002874	-0,209899	0,060279	0,002874	-0,209934	0,060242	0,002874	-0,145935	-0,000443	-0,000094
0,295000	7,826464	297,602081	0,002012	0,999996	0,002673	-0,000008	-0,002673	0,999996	0,000001	0,000008	-0,000001	1,000000	27,590154	0,078004	0,003001	0,000065	-0,000060	-0,025279	27,590270	0,004244	0,003228	-0,209407	0,064327	0,002977	-0,209444	0,064287	0,002977	-0,209482	0,064245	0,002977	-0,209749	0,063957	0,002977	-0,209788	0,063915	0,002977	-0,209824	0,063876	0,002977	-0,153178	-0,000460	-0,000076
0,300000	7,964415	297,602101	0,002028	0,999996	0,002800	-0,000008	-0,002800	0,999996	0,000001	0,000008	-0,000001	1,000000	27,589808	0,081195	0,002657	0,000068	-0,000063	-0,025265	27,589980	0,003997	0,002940	-0,209734	0,067535	0,002632	-0,209772	0,067494	0,002632	-0,209812	0,067450	0,002632	-0,210089	0,067149	0,002632	-0,210129	0,067105	0,002632	-0,210166	0,067064	0,002632	-0,160418	-0,000478	-0,000057
0,305000	8,102363	297,602119	0,002041	0,999996	0,002926	-0,000009	-0,002926	0,999996	0,000001	0,000009	-0,000001	1,000000	27,589105	0,084029	0,001957	0,000069	-0,000065	-0,025249	27,589313	0,003375	0,002276	-0,210414	0,070381	0,001933	-0,210453	0,070339	0,001933	-0,210495	0,070295	0,001933	-0,210784	0,069989	0,001933	-0,210825	0,069944	0,001933	-0,210865	0,069903	0,001933	-0,167654	-0,000496	-0,000038
0,310000	8,240307	297,602134	0,002050	0,999995	0,003052	-0,000009	-0,003052	0,999995	0,000000	0,000009	0,000000	1,000000	27,588211	0,086668	0,001065	0,000069	-0,000068	-0,025233	27,588437	0,002546	0,001403	-0,211284	0,073029	0,001043	-0,211325	0,072987	0,001043	-0,211369	0,072943	0,001043	-0,211671	0,072638	0,001043	-0,211714	0,072593	0,001043	-0,211755	0,072552	0,001043	-0,174885	-0,000515	-0,000018
0,315000	8,378247	297,602144	0,002054	0,999995	0,003178	-0,000009	-0,003178	0,999995	0,000000	0,000009	0,000000	1,000000	27,587433	0,089423	0,000291	0,000069	-0,000071	-0,025217	27,587641	0,001797	0,000612	-0,212038	0,075793	0,000270	-0,212081	0,075751	0,000270	-0,212126	0,075707	0,000270	-0,212441	0,075402	0,000270	-0,212486	0,075357	0,000270	-0,212529	0,075316	0,000270	-0,182111	-0,000535	0,000002
0,320000	8,516183	297,602152	0,002056	0,999995	0,003304	-0,000010	-0,003304	0,999995	0,000000	0,000010	0,000000	1,000000	27,586993	0,092515	-0,000146	0,000070	-0,000074	-0,025201	27,587172	0,001373	0,000145	-0,212455	0,078895	-0,000166	-0,212500	0,078853	-0,000166	-0,212547	0,078809	-0,000166	-0,212873	0,078500	-0,000166	-0,212921	0,078455	-0,000166	-0,212965	0,078413	-0,000166	-0,189333	-0,000556	0,000022
0,325000	8,654119	297,602159	0,002056	0,999994	0,003430	-0,000010	-0,003430	0,999994	-0,000001	0,000010	0,000001	1,000000	27,587082	0,096134	-0,000054	0,000072	-0,000076	-0,025188	27,587215	0,001458	0,000189	-0,212346	0,082530	-0,000075	-0,212392	0,082487	-0,000075	-0,212441	0,082441	-0,000075	-0,212777	0,082121	-0,000075	-0,212826	0,082074	-0,000075	-0,212871	0,082031	-0,000075	-0,196551	-0,000578	0,000042
0,330000	8,792057	297,602168	0,002059	0,999994	0,003556	-0,000010	-0,003556	0,999994	-0,000001	0,000010	0,000001	1,000000	27,587666	0,100246	0,000534	0,000076	-0,000078	-0,025175	27,587770	0,002052	0,000745	-0,211745	0,086663	0,000510	-0,211792	0,086618	0,000510	-0,211842	0,086569	0,000510	-0,212186	0,086231	0,000510	-0,212236	0,086182	0,000510	-0,212283	0,086136	0,000510	-0,203765	-0,000600	0,000063
0,335000	8,929998	297,602181	0,002065	0,999993	0,003682	-0,000011	-0,003682	0,999993	-0,000001	0,000011	0,000002	1,000000	27,588628	0,104735	0,001499	0,000082	-0,000080	-0,025163	27,588718	0,003035	0,001691	-0,210766	0,091176	0,001472	-0,210814	0,091127	0,001472	-0,210865	0,091075	0,001472	-0,211218	0,090714	0,001472	-0,211269	0,090662	0,001472	-0,211317	0,090613	0,001472	-0,210975	-0,000622	0,000086
0,340000	9,067945	297,602199	0,002077	0,999993	0,003808	-0,000011	-0,003808	0,999993	-0,000002	0,000011	0,000002	1,000000	27,589675	0,109307	0,002550	0,000087	-0,000082	-0,025151	27,589790	0,004140	0,002759	-0,209701	0,095773	0,002519	-0,209750	0,095721	0,002519	-0,209803	0,095665	0,002519	-0,210165	0,095282	0,002519	-0,210217	0,095227	0,002519	-0,210267	0,095175	0,002519	-0,218182	-0,000645	0,000110
0,345000	9,205897	297,602223	0,002093	0,999992	0,003934	-0,000012	-0,003934	0,999992	-0,000002	0,000012	0,000002	1,000000	27,590567	0,113723	0,003445	0,000091	-0,000084	-0,025138	27,590723	0,005107	0,003689	-0,208789	0,100210	0,003412	-0,208840	0,100156	0,003412	-0,208894	0,100098	0,003412	-0,209267	0,099696	0,003412	-0,209321	0,099638	0,003412	-0,209372	0,099583	0,003412	-0,225385	-0,000669	0,000135
0,350000	9,343852	297,602250	0,002114	0,999992	0,004059	-0,000012	-0,004059	0,999992	-0,000003	0,000012	0,000003	1,000000	27,591063	0,117741	0,003944	0,000093	-0,000088	-0,025123	27,591283	0,005703	0,004248	-0,208269	0,104244	0,003912	-0,208322	0,104188	0,003912	-0,208378	0,104129	0,003912	-0,208765	0,103717	0,003912	-0,208821	0,103658	0,003912	-0,208874	0,103602	0,003912	-0,232585	-0,000694	0,000161
0,355000	9,481809	297,602280	0,002136	0,999991	0,004185	-0,000013	-0,004185	0,999991	-0,000003	0,000013	0,000003	1,000000	27,591132	0,121330	0,004017	0,000093	-0,000091	-0,025106	27,591407	0,005866	0,004372	-0,208172	0,107844	0,003986	-0,208227	0,107788	0,003986	-0,208286	0,107728	0,003986	-0,208690	0,107315	0,003986	-0,208748	0,107255	0,003986	-0,208803	0,107199	0,003986	-0,239780	-0,000719	0,000188
0,360000	9,619766	297,602308	0,002157	0,999991	0,004310	-0,000013	-0,004310	0,999991	-0,000004	0,000013	0,000004	1,000000	27,590832	0,124547	0,003719	0,000092	-0,000096	-0,025088	27,591152	0,005654	0,004119	-0,208442	0,111066	0,003692	-0,208500	0,111011	0,003692	-0,208561	0,110952	0,003692	-0,208984	0,110546	0,003692	-0,209045	0,110487	0,003692	-0,209103	0,110432	0,003692	-0,246969	-0,000746	0,000215
0,365000	9,757720	297,602336	0,002176	0,999990	0,004436	-0,000014	-0,004436	0,999990	-0,000004	0,000014	0,000004	1,000000	27,590417	0,127649	0,003308	0,000090	-0,000100	-0,025068	27,590749	0,005295	0,003718	-0,208824	0,114171	0,003285	-0,208884	0,114117	0,003285	-0,208949	0,114060	0,003285	-0,209391	0,113663	0,003285	-0,209455	0,113605	0,003285	-0,209516	0,113551	0,003285	-0,254154	-0,000774	0,000240
0,370000	9,895673	297,602361	0,002194	0,999990	0,004561	-0,000014	-0,004561	0,999990	-0,000005	0,000014	0,000005	1,000000	27,590127	0,130872	0,003020	0,000088	-0,000105	-0,025049	27,590452	0,005041	0,003423	-0,209083	0,117399	0,003001	-0,209146	0,117346	0,003001	-0,209213	0,117290	0,003001	-0,209675	0,116901	0,003001	-0,209742	0,116845	0,003001	-0,209804	0,116792	0,003001	-0,261332	-0,000804	0,000266
0,375000	10,033625	297,602387	0,002211	0,999989	0,004686	-0,000015	-0,004686	0,999989	-0,000005	0,000015	0,000005	1,000000	27,590231	0,134488	0,003127	0,000088	-0,000109	-0,025031	27,590524	0,005152	0,003495	-0,208950	0,121023	0,003110	-0,209015	0,120970	0,003110	-0,209084	0,120914	0,003110	-0,209564	0,120527	0,003110	-0,209633	0,120471	0,003110	-0,209699	0,120419	0,003110	-0,268506	-0,000834	0,000291
0,380000	10,171579	297,602414	0,002230	0,999988	0,004811	-0,000015	-0,004811	0,999988	-0,000006	0,000015	0,000006	1,000000	27,590808	0,138575	0,003707	0,000089	-0,000112	-0,025014	27,591076	0,005740	0,004045	-0,208344	0,125124	0,003692	-0,208411	0,125071	0,003692	-0,208483	0,125014	0,003692	-0,208979	0,124621	0,003692	-0,209051	0,124565	0,003692	-0,209118	0,124511	0,003692	-0,275674	-0,000866	0,000316
0,385000	10,309538	297,602446	0,002253	0,999988	0,004936	-0,000016	-0,004936	0,999988	-0,000006	0,000016	0,000006	1,000000	27,591854	0,143128	0,004755	0,000092	-0,000115	-0,024997	27,592101	0,006795	0,005066	-0,207273	0,129697	0,004739	-0,207342	0,129642	0,004739	-0,207416	0,129583	0,004739	-0,207926	0,129177	0,004739	-0,208000	0,129118	0,004739	-0,208070	0,129063	0,004739	-0,282838	-0,000898	0,000341
0,390000	10,447502	297,602483	0,002282	0,999987	0,005061	-0,000016	-0,005061	0,999987	-0,000006	0,000016	0,000007	1,000000	27,593143	0,147923	0,006047	0,000096	-0,000119	-0,024981	27,593404	0,008125	0,006363	-0,205958	0,134514	0,006029	-0,206030	0,134456	0,006029	-0,206106	0,134395	0,006029	-0,206630	0,133972	0,006029	-0,206706	0,133910	0,006029	-0,206777	0,133853	0,006029	-0,289997	-0,000932	0,000368
0,395000	10,585473	297,602528	0,002318	0,999987	0,005186	-0,000017	-0,005186	0,999987	-0,000007	0,000017	0,000007	1,000000	27,594439	0,152721	0,007344	0,000100	-0,000122	-0,024964	27,594734	0,009480	0,007686	-0,204636	0,139335	0,007325	-0,204710	0,139275	0,007325	-0,204788	0,139212	0,007325	-0,205327	0,138771	0,007325	-0,205406	0,138707	0,007325	-0,205479	0,138647	0,007325	-0,297151	-0,000966	0,000396
0,400000	10,723450	297,602579	0,002360	0,999986	0,005311	-0,000018	-0,005311	0,999986	-0,000007	0,000017	0,000008	1,000000	27,595435	0,157219	0,008343	0,000103	-0,000126	-0,024945	27,595798	0,010571	0,008744	-0,203610	0,143852	0,008323	-0,203686	0,143791	0,008323	-0,203767	0,143725	0,008323	-0,204323	0,143272	0,008323	-0,204404	0,143206	0,008323	-0,204480	0,143145	0,008323	-0,304300	-0,001002	0,000425
0,405000	10,861431	297,602634	0,002405	0,999985	0,005436	-0,000018	-0,005436	0,999985	-0,000008	0,000018	0,000008	1,000000	27,595991	0,161273	0,008900	0,000104	-0,000130	-0,024924	27,596423	0,011226	0,009364	-0,203021	0,147922	0,008882	-0,203099	0,147860	0,008882	-0,203183	0,147793	0,008882	-0,203759	0,147335	0,008882	-0,203843	0,147268	0,008882	-0,203921	0,147206	0,008882	-0,311443	-0,001038	0,000454
0,410000	10,999414	297,602691	0,002453	0,999985	0,005560	-0,000019	-0,005560	0,999985	-0,000008	0,000019	0,000009	1,000000	27,596041	0,164818	0,008952	0,000103	-0,000135	-0,024901	27,596544	0,011384	0,009485	-0,202934	0,151478	0,008937	-0,203015	0,151416	0,008937	-0,203101	0,151350	0,008937	-0,203700	0,150895	0,008937	-0,203786	0,150829	0,008937	-0,203867	0,150767	0,008937	-0,318580	-0,001076	0,000484
0,415000	11,137396	297,602747	0,002500	0,999984	0,005685	-0,000020	-0,005685	0,999984	-0,000009	0,000019	0,000009	1,000000	27,595751	0,168020	0,008662	0,000101	-0,000141	-0,024876	27,596295	0,011176	0,009236	-0,203185	0,154688	0,008652	-0,203269	0,154627	0,008652	-0,203359	0,154562	0,008652	-0,203980	0,154115	0,008652	-0,204070	0,154050	0,008652	-0,204154	0,153989	0,008652	-0,325710	-0,001116	0,000513
0,420000	11,275376	297,602802	0,002545	0,999983	0,005809	-0,000020	-0,005809	0,999983	-0,000009	0,000020	0,000010	1,000000	27,595324	0,171083	0,008236	0,000099	-0,000146	-0,024850	27,595892	0,010815	0,008835	-0,203571	0,157757	0,008230	-0,203658	0,157698	0,008230	-0,203751	0,157635	0,008230	-0,204395	0,157197	0,008230	-0,204489	0,157134	0,008230	-0,204576	0,157074	0,008230	-0,332833	-0,001157	0,000541
0,425000	11,413355	297,602855	0,002588	0,999982	0,005933	-0,000021	-0,005933	0,999982	-0,000010	0,000021	0,000010	1,000000	27,595070	0,174316	0,007983	0,000098	-0,000151	-0,024824	27,595627	0,010591	0,008571	-0,203786	0,160999	0,007981	-0,203876	0,160941	0,007981	-0,203972	0,160878	0,007981	-0,204638	0,160446	0,007981	-0,204734	0,160384	0,007981	-0,204825	0,160325	0,007981	-0,339949	-0,001199	0,000569
0,430000	11,551333	297,602908	0,002631	0,999982	0,006057	-0,000022	-0,006057	0,999982	-0,000010	0,000022	0,000011	1,000000	27,595164	0,177893	0,008077	0,000098	-0,000155	-0,024799	27,595705	0,010706	0,008648	-0,203655	0,164592	0,008077	-0,203748	0,164533	0,008077	-0,203847	0,164470	0,008077	-0,204532	0,164037	0,008077	-0,204631	0,163974	0,008077	-0,204724	0,163915	0,008077	-0,347057	-0,001243	0,000597
0,435000	11,689313	297,602964	0,002675	0,999981	0,006181	-0,000023	-0,006181	0,999981	-0,000011	0,000022	0,000011	1,000000	27,595721	0,181931	0,008635	0,000101	-0,000159	-0,024774	27,596240	0,011272	0,009179	-0,203062	0,168652	0,008635	-0,203158	0,168591	0,008635	-0,203259	0,168527	0,008635	-0,203961	0,168082	0,008635	-0,204063	0,168018	0,008635	-0,204158	0,167958	0,008635	-0,354157	-0,001288	0,000625
0,440000	11,827297	297,603023	0,002724	0,999980	0,006305	-0,000023	-0,006305	0,999980	-0,000011	0,000023	0,000012	1,000000	27,596627	0,186313	0,009540	0,000105	-0,000162	-0,024750	27,597150	0,012207	0,010082	-0,202124	0,173062	0,009538	-0,202221	0,172999	0,009538	-0,202325	0,172932	0,009538	-0,203042	0,172469	0,009538	-0,203146	0,172402	0,009538	-0,203243	0,172339	0,009538	-0,361251	-0,001334	0,000654
0,445000	11,965286	297,603087	0,002778	0,999979	0,006429	-0,000024	-0,006429	0,999979	-0,000012	0,000024	0,000012	1,000000	27,597701	0,190861	0,010614	0,000110	-0,000165	-0,024725	27,598247	0,013327	0,011171	-0,201017	0,177641	0,010610	-0,201116	0,177575	0,010610	-0,201222	0,177505	0,010610	-0,201953	0,177019	0,010610	-0,202059	0,176949	0,010610	-0,202158	0,176883	0,010610	-0,368338	-0,001380	0,000684
0,450000	12,103280	297,603157	0,002836	0,999979	0,006552	-0,000025	-0,006552	0,999979	-0,000013	0,000025	0,000013	1,000000	27,598631	0,195261	0,011543	0,000115	-0,000169	-0,024699	27,599236	0,014340	0,012153	-0,200053	0,182072	0,011536	-0,200155	0,182004	0,011536	-0,200263	0,181930	0,011536	-0,201009	0,181422	0,011536	-0,201117	0,181349	0,011536	-0,201218	0,181280	0,011536	-0,375418	-0,001428	0,000716
0,455000	12,241278	297,603231	0,002899	0,999978	0,006676	-0,000026	-0,006676	0,999978	-0,000013	0,000026	0,000013	1,000000	27,599200	0,199297	0,012112	0,000119	-0,000172	-0,024671	27,599875	0,015007	0,012787	-0,199447	0,186137	0,012103	-0,199551	0,186066	0,012103	-0,199661	0,185990	0,012103	-0,200424	0,185465	0,012103	-0,200534	0,185389	0,012103	-0,200637	0,185317	0,012103	-0,382490	-0,001477	0,000749
0,460000	12,379278	297,603306	0,002964	0,999977	0,006799	-0,000027	-0,006799	0,999977	-0,000014	0,000027	0,000014	1,000000	27,599231	0,202792	0,012143	0,000121	-0,000177	-0,024641	27,599991	0,015157	0,012900	-0,199375	0,189657	0,012135	-0,199481	0,189584	0,012135	-0,199594	0,189507	0,012135	-0,200374	0,188971	0,012135	-0,200487	0,188894	0,012135	-0,200593	0,188821	0,012135	-0,389553	-0,001527	0,000784
0,465000	12,517277	297,603381	0,003027	0,999976	0,006922	-0,000028	-0,006922	0,999976	-0,000014	0,000028	0,000014	1,000000	27,598777	0,205796	0,011688	0,000122	-0,000181	-0,024608	27,599600	0,014807	0,012511	-0,199785	0,192682	0,011681	-0,199894	0,192609	0,011681	-0,200010	0,192531	0,011681	-0,200810	0,191993	0,011681	-0,200926	0,191915	0,011681	-0,201034	0,191842	0,011681	-0,396608	-0,001578	0,000818
0,470000	12,655273	297,603453	0,003088	0,999975	0,007045	-0,000029	-0,007045	0,999975	-0,000015	0,000028	0,000015	1,000000	27,597967	0,208441	0,010877	0,000122	-0,000185	-0,024573	27,598839	0,014092	0,011753	-0,200550	0,195346	0,010873	-0,200661	0,195273	0,010873	-0,200780	0,195195	0,010873	-0,201600	0,194657	0,010873	-0,201718	0,194579	0,010873	-0,201830	0,194506	0,010873	-0,403652	-0,001630	0,000853
0,475000	12,793265	297,603521	0,003144	0,999974	0,007168	-0,000030	-0,007168	0,999974	-0,000015	0,000029	0,000016	1,000000	27,597099	0,211024	0,010008	0,000122	-0,000190	-0,024538	27,597981	0,013283	0,010901	-0,201372	0,197948	0,010006	-0,201486	0,197875	0,010006	-0,201607	0,197797	0,010006	-0,202446	0,197260	0,010006	-0,202567	0,197182	0,010006	-0,202681	0,197109	0,010006	-0,410687	-0,001684	0,000887
0,480000	12,931252	297,603586	0,003196	0,999973	0,007290	-0,000030	-0,007290	0,999973	-0,000016	0,000030	0,000016	1,000000	27,596408	0,213779	0,009315	0,000123	-0,000193	-0,024503	27,597286	0,012634	0,010209	-0,202020	0,200726	0,009315	-0,202136	0,200652	0,009315	-0,202260	0,200574	0,009315	-0,203115	0,200032	0,009315	-0,203239	0,199953	0,009315	-0,203355	0,199879	0,009315	-0,417712	-0,001739	0,000922
0,485000	13,069238	297,603648	0,003246	0,999973	0,007413	-0,000031	-0,007413	0,999973	-0,000017	0,000031	0,000017	1,000000	27,596118	0,216931	0,009024	0,000126	-0,000197	-0,024468	27,596973	0,012363	0,009898	-0,202269	0,203908	0,009023	-0,202387	0,203833	0,009023	-0,202513	0,203752	0,009023	-0,203381	0,203196	0,009023	-0,203507	0,203116	0,009023	-0,203625	0,203040	0,009023	-0,424726	-0,001795	0,000957
0,490000	13,207223	297,603710	0,003296	0,999972	0,007535	-0,000032	-0,007535	0,999972	-0,000017	0,000032	0,000018	1,000000	27,596239	0,220491	0,009145	0,000131	-0,000199	-0,024434	27,597087	0,012511	0,010010	-0,202109	0,207504	0,009140	-0,202228	0,207425	0,009140	-0,202356	0,207341	0,009140	-0,203236	0,206763	0,009140	-0,203363	0,206679	0,009140	-0,203482	0,206601	0,009140	-0,431731	-0,001851	0,000993
0,495000	13,345209	297,603774	0,003347	0,999971	0,007657	-0,000033	-0,007657	0,999971	-0,000018	0,000033	0,000018	1,000000	27,596696	0,224381	0,009600	0,000138	-0,000201	-0,024400	27,597547	0,013001	0,010466	-0,201616	0,211436	0,009591	-0,201736	0,211353	0,009591	-0,201865	0,211265	0,009591	-0,202754	0,210657	0,009591	-0,202882	0,210569	0,009591	-0,203003	0,210486	0,009591	-0,438726	-0,001908	0,001031
0,500000	13,483199	297,603841	0,003401	0,999970	0,007779	-0,000034	-0,007779	0,999970	-0,000019	0,000034	0,000019	1,000000	27,597219	0,228332	0,010122	0,000145	-0,000203	-0,024366	27,598110	0,013592	0,011024	-0,201056	0,215432	0,010108	-0,201178	0,215345	0,010108	-0,201308	0,215252	0,010108	-0,202205	0,214611	0,010108	-0,202335	0,214518	0,010108	-0,202457	0,214431	0,010108	-0,445711	-0,001966	0,001071
0,505000	13,621187	297,603910	0,003458	0,999969	0,007901	-0,000034	-0,007901	0,999969	-0,000019	0,000034	0,000020	1,000000	27,596079	0,232123	0,010521	0,000151	0,000439	-0,024538	27,597176	0,014042	0,011432	-0,204561	0,219147	0,010148	-0,204297	0,219057	0,010148	-0,204017	0,218960	0,010148	-0,202078	0,218294	0,010148	-0,201797	0,218197	0,010148	-0,201534	0,218107	0,010148	-0,452716	-0,001932	0,001114
0,510000	13,759168	297,603981	0,003515	0,999968	0,008024	-0,000030	-0,008024	0,999968	-0,000020	0,000030	0,000020	1,000000	27,594502	0,235504	0,010575	0,000155	0,001080	-0,024709	27,595681	0,014090	0,011434	-0,208500	0,222449	0,009846	-0,207852	0,222356	0,009846	-0,207160	0,222257	0,009846	-0,202385	0,221571	0,009846	-0,201693	0,221472	0,009846	-0,201045	0,221378	0,009846	-0,459770	-0,001714	0,001159
0,515000	13,897141	297,604050	0,003571	0,999967	0,008148	-0,000023	-0,008148	0,999967	-0,000021	0,000023	0,000021	1,000000	27,592426	0,238411	0,010220	0,000158	0,001722	-0,024878	27,593678	0,013640	0,010933	-0,212938	0,225273	0,009136	-0,211905	0,225178	0,009136	-0,210802	0,225077	0,009136	-0,203189	0,224380	0,009136	-0,202087	0,224279	0,009136	-0,201053	0,224184	0,009136	-0,466873	-0,001313	0,001207
0,520000	14,035102	297,604115	0,003623	0,999966	0,008273	-0,000013	-0,008273	0,999966	-0,000022	0,000013	0,000022	1,000000	27,589875	0,240870	0,009482	0,000158	0,002365	-0,025045	27,591193	0,012718	0,009956	-0,217851	0,227641	0,008044	-0,216432	0,227546	0,008044	-0,214919	0,227445	0,008044	-0,204466	0,226745	0,008044	-0,202953	0,226643	0,008044	-0,201534	0,226548	0,008044	-0,474024	-0,000727	0,001258
0,525000	14,173050	297,604176	0,003669	0,999965	0,008399	0,000001	-0,008399	0,999965	-0,000023	-0,000001	0,000023	1,000000	27,587086	0,243116	0,008598	0,000158	0,003008	-0,025212	27,588434	0,011530	0,008711	-0,223002	0,229793	0,006807	-0,221198	0,229699	0,006807	-0,219273	0,229598	0,006807	-0,205979	0,228901	0,006807	-0,204054	0,228801	0,006807	-0,202250	0,228706	0,006807	-0,481223	0,000043	0,001309
0,530000	14,310980	297,604230	0,003709	0,999964	0,008526	0,000016	-0,008526	0,999964	-0,000024	-0,000016	0,000024	1,000000	27,582809	0,245408	0,007760	0,000157	0,003008	-0,025586	27,584318	0,010343	0,007448	-0,227605	0,231878	0,005968	-0,225800	0,231784	0,005968	-0,223875	0,231683	0,005968	-0,210582	0,230988	0,005968	-0,208657	0,230887	0,005968	-0,206852	0,230793	0,005968	-0,488499	0,000904	0,001362
0,535000	14,448889	297,604278	0,003743	0,999963	0,008655	0,000031	-0,008655	0,999963	-0,000025	-0,000031	0,000024	1,000000	27,578833	0,248057	0,007225	0,000157	0,003008	-0,025962	27,580323	0,009430	0,006457	-0,231910	0,234318	0,005434	-0,230105	0,234224	0,005434	-0,228180	0,234124	0,005434	-0,214884	0,233431	0,005434	-0,212959	0,233331	0,005434	-0,211154	0,233237	0,005434	-0,495883	0,001766	0,001414
0,540000	14,586780	297,604324	0,003773	0,999961	0,008785	0,000046	-0,008785	0,999961	-0,000026	-0,000046	0,000025	1,000000	27,575282	0,251189	0,007120	0,000156	0,003009	-0,026340	27,576758	0,008944	0,005894	-0,235793	0,237239	0,005330	-0,233987	0,237146	0,005330	-0,232062	0,237046	0,005330	-0,218761	0,236358	0,005330	-0,216836	0,236259	0,005330	-0,215030	0,236165	0,005330	-0,503374	0,002628	0,001466
0,545000	14,724655	297,604368	0,003802	0,999960	0,008918	0,000061	-0,008918	0,999960	-0,000026	-0,000061	0,000026	1,000000	27,572203	0,254850	0,007491	0,000154	0,003011	-0,026720	27,573666	0,008928	0,005804	-0,239207	0,240684	0,005702	-0,237401	0,240592	0,005702	-0,235474	0,240494	0,005702	-0,222167	0,239815	0,005702	-0,220240	0,239717	0,005702	-0,218434	0,239625	0,005702	-0,510975	0,003491	0,001518
0,550000	14,862514	297,604414	0,003832	0,999959	0,009053	0,000076	-0,009053	0,999959	-0,000027	-0,000076	0,000027	1,000000	27,569415	0,258860	0,008157	0,000150	0,003012	-0,027100	27,570898	0,009235	0,006038	-0,242333	0,244471	0,006370	-0,240525	0,244381	0,006370	-0,238598	0,244285	0,006370	-0,225282	0,243624	0,006370	-0,223354	0,243528	0,006370	-0,221547	0,243439	0,006370	-0,518684	0,004354	0,001569
0,555000	15,000357	297,604461	0,003863	0,999958	0,009190	0,000092	-0,009190	0,999958	-0,000028	-0,000093	0,000027	1,000000	27,565214	0,263021	0,008955	0,000141	0,003658	-0,027689	27,566888	0,009658	0,006377	-0,249272	0,248277	0,006821	-0,247078	0,248193	0,006821	-0,244737	0,248103	0,006821	-0,228570	0,247481	0,006821	-0,226229	0,247391	0,006821	-0,224035	0,247307	0,006821	-0,526532	0,005309	0,001620
0,560000	15,138179	297,604510	0,003895	0,999956	0,009329	0,000112	-0,009329	0,999956	-0,000029	-0,000113	0,000028	1,000000	27,560784	0,267042	0,009620	0,000126	0,004303	-0,028278	27,562533	0,009898	0,006529	-0,256440	0,251926	0,007143	-0,253859	0,251850	0,007143	-0,251105	0,251769	0,007143	-0,232086	0,251210	0,007143	-0,229333	0,251129	0,007143	-0,226751	0,251053	0,007143	-0,534548	0,006450	0,001669
0,565000	15,275977	297,604560	0,003928	0,999955	0,009472	0,000135	-0,009472	0,999955	-0,000030	-0,000136	0,000029	1,000000	27,555963	0,270762	0,009989	0,000106	0,004948	-0,028865	27,557790	0,009765	0,006303	-0,263998	0,255250	0,007176	-0,261029	0,255187	0,007176	-0,257863	0,255119	0,007176	-0,235993	0,254652	0,007176	-0,232827	0,254584	0,007176	-0,229858	0,254521	0,007176	-0,542733	0,007775	0,001715
0,570000	15,413751	297,604607	0,003957	0,999954	0,009618	0,000162	-0,009618	0,999954	-0,000031	-0,000162	0,000029	1,000000	27,550654	0,274082	0,009967	0,000077	0,005592	-0,029452	27,552565	0,009168	0,005605	-0,272040	0,258150	0,006824	-0,268685	0,258104	0,006824	-0,265106	0,258054	0,006824	-0,240387	0,257714	0,006824	-0,236808	0,257664	0,006824	-0,233452	0,257618	0,006824	-0,551087	0,009285	0,001756
0,575000	15,551497	297,604650	0,003982	0,999952	0,009767	0,000191	-0,009767	0,999952	-0,000031	-0,000192	0,000029	1,000000	27,544994	0,277141	0,009689	0,000040	0,006237	-0,030036	27,546961	0,008207	0,004537	-0,280432	0,260760	0,006224	-0,276690	0,260736	0,006224	-0,272699	0,260710	0,006224	-0,245132	0,260531	0,006224	-0,241141	0,260505	0,006224	-0,237399	0,260481	0,006224	-0,559608	0,010980	0,001789
0,580000	15,689211	297,604688	0,004001	0,999951	0,009919	0,000223	-0,009919	0,999951	-0,000032	-0,000223	0,000029	1,000000	27,537683	0,280145	0,009297	-0,000002	0,006238	-0,030829	27,539836	0,007095	0,003293	-0,288437	0,263181	0,005868	-0,284694	0,263182	0,005868	-0,280702	0,263184	0,005868	-0,253130	0,263194	0,005868	-0,249138	0,263195	0,005868	-0,245395	0,263197	0,005868	-0,568326	0,012767	0,001812
0,585000	15,826888	297,604720	0,004014	0,999949	0,010075	0,000254	-0,010075	0,999949	-0,000032	-0,000254	0,000029	1,000000	27,530528	0,283426	0,009068	-0,000053	0,006239	-0,031622	27,532685	0,006118	0,002177	-0,296286	0,265850	0,005683	-0,292543	0,265882	0,005683	-0,288550	0,265916	0,005683	-0,260973	0,266151	0,005683	-0,256980	0,266185	0,005683	-0,253237	0,266217	0,005683	-0,577271	0,014555	0,001822
0,590000	15,964532	297,604748	0,004022	0,999948	0,010218	0,000234	-0,010218	0,999948	-0,000032	-0,000234	0,000030	1,000000	27,524590	0,286612	0,007641	0,000266	-0,010582	-0,026810	27,526586	0,005378	0,001252	-0,240004	0,272784	0,013230	-0,246353	0,272624	0,013230	-0,253126	0,272454	0,013230	-0,299900	0,271278	0,013230	-0,306672	0,271108	0,013230	-0,313022	0,270948	0,013230	-0,585472	0,013431	0,001851
0,595000	16,102151	297,604775	0,004027	0,999946	0,010354	0,000180	-0,010354	0,999946	-0,000033	-0,000180	0,000031	1,000000	27,519852	0,290285	0,005922	0,000254	-0,011238	-0,027424	27,521829	0,005311	0,000979	-0,243014	0,276079	0,011881	-0,249756	0,275927	0,011881	-0,256949	0,275764	0,011881	-0,306620	0,274640	0,011881	-0,313812	0,274477	0,011881	-0,320555	0,274324	0,011881	-0,593241	0,010306	0,001893
0,600000	16,239747	297,604802	0,004033	0,999945	0,010492	0,000122	-0,010492	0,999945	-0,000034	-0,000122	0,000032	1,000000	27,515573	0,294510	0,004575	0,000238	-0,011893	-0,028039	27,517556	0,005726	0,001186	-0,245567	0,279908	0,010909	-0,252703	0,279766	0,010909	-0,260315	0,279614	0,010909	-0,312883	0,278564	0,010909	-0,320494	0,278412	0,010909	-0,327630	0,278269	0,010909	-0,601185	0,006993	0,001929
0,605000	16,377319	297,604833	0,004040	0,999943	0,010635	0,000062	-0,010635	0,999943	-0,000034	-0,000063	0,000034	1,000000	27,510116	0,299160	0,003508	0,000212	-0,011903	-0,028864	27,512275	0,006494	0,001732	-0,251708	0,284017	0,009870	-0,258850	0,283890	0,009870	-0,266468	0,283754	0,009870	-0,319079	0,282817	0,009870	-0,326697	0,282681	0,009870	-0,333839	0,282554	0,009870	-0,609336	0,003584	0,001958
0,610000	16,514864	297,604868	0,004051	0,999942	0,010781	0,000003	-0,010781	0,999942	-0,000035	-0,000003	0,000034	1,000000	27,504671	0,303948	0,002459	0,000178	-0,011912	-0,029689	27,506896	0,007325	0,002335	-0,257839	0,288232	0,008856	-0,264986	0,288126	0,008856	-0,272610	0,288012	0,008856	-0,325263	0,287226	0,008856	-0,332886	0,287113	0,008856	-0,340034	0,287006	0,008856	-0,617723	0,000173	0,001977
0,615000	16,652383	297,604907	0,004064	0,999940	0,010915	-0,000006	-0,010915	0,999940	-0,000034	0,000006	0,000034	1,000000	27,499789	0,308073	0,002779	-0,000221	0,004882	-0,024871	27,501937	0,007855	0,002921	-0,316468	0,293630	0,000287	-0,313539	0,293763	0,000287	-0,310415	0,293905	0,000287	-0,288838	0,294883	0,000287	-0,285714	0,295024	0,000287	-0,282785	0,295157	0,000287	-0,625371	-0,000332	0,001952
0,620000	16,789880	297,604947	0,004079	0,999939	0,011040	0,000020	-0,011040	0,999939	-0,000033	-0,000020	0,000033	1,000000	27,495230	0,311724	0,003499	-0,000225	0,005511	-0,025447	27,497468	0,008144	0,002974	-0,323700	0,296952	0,000664	-0,320393	0,297087	0,000664	-0,316866	0,297231	0,000664	-0,292507	0,298226	0,000664	-0,288980	0,298370	0,000664	-0,285673	0,298505	0,000664	-0,632579	0,001157	0,001905
0,625000	16,927352	297,604987	0,004093	0,999938	0,011169	0,000049	-0,011169	0,999938	-0,000032	-0,000049	0,000032	1,000000	27,490261	0,315053	0,003903	-0,000237	0,006140	-0,026021	27,492573	0,008024	0,002611	-0,331338	0,299923	0,000733	-0,327654	0,300066	0,000733	-0,323725	0,300217	0,000733	-0,296586	0,301266	0,000733	-0,292657	0,301417	0,000733	-0,288973	0,301560	0,000733	-0,639951	0,002827	0,001857
0,630000	17,064796	297,605026	0,004104	0,999936	0,011301	0,000080	-0,011301	0,999936	-0,000032	-0,000080	0,000031	1,000000	27,483486	0,318172	0,004037	-0,000256	0,006123	-0,026804	27,486009	0,007610	0,001927	-0,338736	0,302546	0,000892	-0,335062	0,302699	0,000892	-0,331143	0,302864	0,000892	-0,304078	0,303997	0,000892	-0,300160	0,304161	0,000892	-0,296486	0,304314	0,000892	-0,647517	0,004583	0,001807
0,635000	17,202206	297,605063	0,004111	0,999935	0,011437	0,000110	-0,011437	0,999935	-0,000031	-0,000111	0,000029	1,000000	27,476677	0,321375	0,004141	-0,000285	0,006106	-0,027587	27,479226	0,007141	0,001179	-0,346167	0,305220	0,001030	-0,342503	0,305391	0,001030	-0,338596	0,305573	0,001030	-0,311607	0,306831	0,001030	-0,307699	0,307013	0,001030	-0,304036	0,307184	0,001030	-0,655308	0,006336	0,001749
0,640000	17,339583	297,605097	0,004115	0,999933	0,011560	0,000090	-0,011560	0,999933	-0,000030	-0,000090	0,000029	1,000000	27,470951	0,324340	0,002904	0,000119	-0,010762	-0,022747	27,473354	0,006763	0,000478	-0,289489	0,312241	0,008719	-0,295946	0,312169	0,008719	-0,302833	0,312093	0,008719	-0,350400	0,311565	0,008719	-0,357288	0,311489	0,008719	-0,363745	0,311417	0,008719	-0,662349	0,005166	0,001723
0,645000	17,476936	297,605132	0,004117	0,999932	0,011675	0,000034	-0,011675	0,999932	-0,000030	-0,000035	0,000030	1,000000	27,466333	0,327703	0,001281	0,000132	-0,011439	-0,023346	27,468720	0,006959	0,000324	-0,292293	0,315317	0,007458	-0,299156	0,315238	0,007458	-0,306477	0,315153	0,007458	-0,357036	0,314572	0,007458	-0,364356	0,314487	0,007458	-0,371219	0,314408	0,007458	-0,668951	0,001986	0,001722
0,650000	17,614267	297,605168	0,004119	0,999930	0,011793	-0,000025	-0,011793	0,999930	-0,000030	0,000024	0,000030	1,000000	27,462220	0,331663	0,000074	0,000139	-0,012115	-0,023947	27,464608	0,007671	0,000687	-0,294595	0,318970	0,006617	-0,301864	0,318887	0,006617	-0,309617	0,318798	0,006617	-0,363166	0,318185	0,006617	-0,370920	0,318096	0,006617	-0,378189	0,318013	0,006617	-0,675726	-0,001388	0,001722
0,655000	17,751575	297,605210	0,004125	0,999929	0,011915	-0,000085	-0,011915	0,999929	-0,000030	0,000085	0,000031	1,000000	27,457078	0,336194	-0,000707	0,000138	-0,012144	-0,024760	27,459628	0,008875	0,001529	-0,300344	0,323051	0,005852	-0,307630	0,322969	0,005852	-0,315402	0,322880	0,005852	-0,369078	0,322272	0,005852	-0,376850	0,322184	0,005852	-0,384137	0,322101	0,005852	-0,682702	-0,004863	0,001720
0,660000	17,888859	297,605259	0,004136	0,999927	0,012041	-0,000146	-0,012041	0,999928	-0,000030	0,000146	0,000032	1,000000	27,452150	0,341062	-0,001272	0,000129	-0,012172	-0,025573	27,454752	0,010338	0,002625	-0,305883	0,327441	0,005311	-0,313186	0,327363	0,005311	-0,320976	0,327281	0,005311	-0,374776	0,326713	0,005311	-0,382566	0,326631	0,005311	-0,389869	0,326553	0,005311	-0,689912	-0,008346	0,001717
0,665000	18,026119	297,605315	0,004153	0,999926	0,012154	-0,000156	-0,012154	0,999926	-0,000029	0,000156	0,000031	1,000000	27,447985	0,345469	-0,000302	-0,000305	0,004635	-0,020726	27,450503	0,011707	0,003878	-0,363814	0,333017	-0,002586	-0,361033	0,333200	-0,002586	-0,358067	0,333395	-0,002586	-0,337581	0,334745	-0,002586	-0,334615	0,334940	-0,002586	-0,331834	0,335124	-0,002586	-0,696377	-0,008922	0,001669
0,670000	18,163360	297,605377	0,004175	0,999925	0,012259	-0,000131	-0,012259	0,999925	-0,000028	0,000131	0,000030	1,000000	27,444235	0,349486	0,001191	-0,000285	0,005248	-0,021287	27,446846	0,012927	0,004734	-0,370168	0,336793	-0,001447	-0,367019	0,336965	-0,001447	-0,363661	0,337147	-0,001447	-0,340465	0,338409	-0,001447	-0,337106	0,338592	-0,001447	-0,333957	0,338763	-0,001447	-0,702394	-0,007506	0,001602
0,675000	18,300583	297,605444	0,004200	0,999924	0,012367	-0,000104	-0,012367	0,999924	-0,000027	0,000103	0,000028	1,000000	27,440059	0,353163	0,002350	-0,000274	0,005861	-0,021847	27,442760	0,013736	0,005171	-0,376945	0,340202	-0,000635	-0,373429	0,340367	-0,000635	-0,369678	0,340542	-0,000635	-0,343773	0,341752	-0,000635	-0,340022	0,341927	-0,000635	-0,336506	0,342091	-0,000635	-0,708573	-0,005915	0,001542
0,680000	18,437779	297,605514	0,004226	0,999922	0,012478	-0,000074	-0,012478	0,999922	-0,000026	0,000074	0,000027	1,000000	27,433941	0,356490	0,003100	-0,000269	0,005826	-0,022616	27,436878	0,014129	0,005162	-0,383611	0,343122	0,000131	-0,380116	0,343284	0,000131	-0,376387	0,343456	0,000131	-0,350638	0,344646	0,000131	-0,346910	0,344818	0,000131	-0,343414	0,344980	0,000131	-0,714942	-0,004240	0,001485
0,685000	18,574945	297,605585	0,004251	0,999921	0,012593	-0,000045	-0,012593	0,999921	-0,000025	0,000045	0,000025	1,000000	27,427568	0,359679	0,003599	-0,000274	0,005790	-0,023385	27,430560	0,014254	0,004875	-0,390530	0,345871	0,000653	-0,387056	0,346036	0,000653	-0,383350	0,346211	0,000653	-0,357759	0,347423	0,000653	-0,354054	0,347599	0,000653	-0,350580	0,347763	0,000653	-0,721531	-0,002576	0,001428
0,690000	18,712080	297,605656	0,004274	0,999919	0,012695	-0,000067	-0,012695	0,999919	-0,000025	0,000067	0,000026	1,000000	27,422063	0,362408	0,002534	0,000217	-0,011130	-0,018512	27,424933	0,014251	0,004414	-0,333421	0,352975	0,008467	-0,340099	0,352845	0,008467	-0,347222	0,352706	0,008467	-0,396418	0,351748	0,008467	-0,403541	0,351609	0,008467	-0,410219	0,351479	0,008467	-0,727362	-0,003845	0,001417
0,695000	18,849190	297,605729	0,004296	0,999918	0,012789	-0,000125	-0,012789	0,999918	-0,000025	0,000124	0,000027	1,000000	27,417453	0,365322	0,000866	0,000254	-0,011828	-0,019093	27,420321	0,014605	0,004280	-0,336128	0,355698	0,007150	-0,343225	0,355546	0,007150	-0,350795	0,355383	0,007150	-0,403077	0,354259	0,007150	-0,410647	0,354096	0,007150	-0,417744	0,353943	0,007150	-0,732749	-0,007133	0,001443
0,700000	18,986279	297,605804	0,004318	0,999917	0,012885	-0,000186	-0,012885	0,999917	-0,000026	0,000185	0,000028	1,000000	27,413259	0,368740	-0,000477	0,000286	-0,012526	-0,019675	27,416129	0,015376	0,004562	-0,338420	0,358907	0,006163	-0,345936	0,358736	0,006163	-0,353952	0,358552	0,006163	-0,409319	0,357286	0,006163	-0,417335	0,357103	0,006163	-0,424851	0,356931	0,006163	-0,738302	-0,010622	0,001476
0,705000	19,123345	297,605884	0,004343	0,999916	0,012986	-0,000248	-0,012986	0,999916	-0,000026	0,000248	0,000030	1,000000	27,408065	0,372757	-0,001369	0,000311	-0,012574	-0,020468	27,411088	0,016657	0,005340	-0,344140	0,362572	0,005276	-0,351684	0,362386	0,005276	-0,359732	0,362187	0,005276	-0,415308	0,360813	0,005276	-0,423356	0,360614	0,005276	-0,430900	0,360427	0,005276	-0,744052	-0,014218	0,001515
0,710000	19,260386	297,605972	0,004373	0,999914	0,013090	-0,000311	-0,013090	0,999914	-0,000027	0,000311	0,000031	1,000000	27,403210	0,377233	-0,001922	0,000328	-0,012621	-0,021264	27,406270	0,018313	0,006490	-0,349526	0,366669	0,004734	-0,357098	0,366472	0,004734	-0,365176	0,366262	0,004734	-0,420959	0,364814	0,004734	-0,429036	0,364604	0,004734	-0,436609	0,364407	0,004734	-0,750030	-0,017827	0,001560
0,715000	19,397404	297,606069	0,004410	0,999913	0,013181	-0,000324	-0,013181	0,999913	-0,000027	0,000323	0,000031	1,000000	27,399299	0,381428	-0,000799	-0,000140	0,004199	-0,016381	27,402261	0,020053	0,007938	-0,407218	0,371935	-0,002986	-0,404698	0,372019	-0,002986	-0,402011	0,372109	-0,002986	-0,383450	0,372729	-0,002986	-0,380762	0,372819	-0,002986	-0,378243	0,372903	-0,002986	-0,755254	-0,018529	0,001560
0,720000	19,534406	297,606175	0,004453	0,999912	0,013265	-0,000301	-0,013265	0,999912	-0,000027	0,000301	0,000031	1,000000	27,395922	0,385344	0,001002	-0,000095	0,004797	-0,016922	27,398969	0,021763	0,009154	-0,413126	0,375709	-0,001553	-0,410248	0,375766	-0,001553	-0,407178	0,375827	-0,001553	-0,385978	0,376248	-0,001553	-0,382908	0,376309	-0,001553	-0,380030	0,376366	-0,001553	-0,760025	-0,017240	0,001543
0,725000	19,671390	297,606288	0,004502	0,999911	0,013350	-0,000276	-0,013350	0,999911	-0,000027	0,000275	0,000031	1,000000	27,392164	0,388962	0,002512	-0,000058	0,005393	-0,017462	27,395305	0,023116	0,010006	-0,419413	0,379159	-0,000404	-0,416177	0,379193	-0,000404	-0,412725	0,379230	-0,000404	-0,388886	0,379485	-0,000404	-0,385434	0,379522	-0,000404	-0,382198	0,379557	-0,000404	-0,764950	-0,015780	0,001541
0,730000	19,808350	297,606406	0,004553	0,999910	0,013440	-0,000249	-0,013440	0,999910	-0,000027	0,000249	0,000030	1,000000	27,386388	0,392151	0,003536	-0,000027	0,005340	-0,018212	27,389780	0,023992	0,010349	-0,425658	0,382041	0,000623	-0,422454	0,382057	0,000623	-0,419036	0,382074	0,000623	-0,395431	0,382195	0,000623	-0,392014	0,382212	0,000623	-0,388809	0,382229	0,000623	-0,770059	-0,014242	0,001550
0,735000	19,945281	297,606528	0,004604	0,999908	0,013533	-0,000222	-0,013533	0,999908	-0,000027	0,000222	0,000030	1,000000	27,380171	0,395012	0,004118	-0,000006	0,005287	-0,018961	27,383640	0,024425	0,010237	-0,432342	0,384563	0,001216	-0,429170	0,384567	0,001216	-0,425787	0,384571	0,001216	-0,402420	0,384597	0,001216	-0,399036	0,384600	0,001216	-0,395864	0,384604	0,001216	-0,775384	-0,012720	0,001566
0,740000	20,082181	297,606650	0,004654	0,999907	0,013612	-0,000247	-0,013612	0,999907	-0,000029	0,000247	0,000032	1,000000	27,374590	0,397182	0,002908	0,000573	-0,011687	-0,014049	27,377960	0,024508	0,009728	-0,375091	0,391433	0,008836	-0,382103	0,391089	0,008836	-0,389583	0,390722	0,008836	-0,441238	0,388188	0,008836	-0,448718	0,387820	0,008836	-0,455730	0,387476	0,008836	-0,779942	-0,014141	0,001643
0,745000	20,219056	297,606773	0,004701	0,999906	0,013684	-0,000307	-0,013684	0,999906	-0,000031	0,000307	0,000035	1,000000	27,369636	0,399260	0,000815	0,000640	-0,012405	-0,014607	27,373018	0,024676	0,009267	-0,378053	0,393434	0,007081	-0,385496	0,393050	0,007081	-0,393435	0,392641	0,007081	-0,448265	0,389812	0,007081	-0,456204	0,389403	0,007081	-0,463648	0,389019	0,007081	-0,784047	-0,017592	0,001770
0,750000	20,355907	297,606897	0,004747	0,999905	0,013758	-0,000371	-0,013758	0,999905	-0,000033	0,000371	0,000038	1,000000	27,364920	0,401662	-0,001135	0,000701	-0,013123	-0,015165	27,368307	0,025074	0,009034	-0,380779	0,395738	0,005473	-0,388652	0,395318	0,005473	-0,397051	0,394869	0,005473	-0,455053	0,391772	0,005473	-0,463452	0,391324	0,005473	-0,471325	0,390903	0,005473	-0,788312	-0,021249	0,001912
0,755000	20,492735	297,607025	0,004792	0,999904	0,013835	-0,000439	-0,013835	0,999904	-0,000036	0,000438	0,000042	1,000000	27,360634	0,404577	-0,002749	0,000755	-0,013840	-0,015725	27,364014	0,025886	0,009215	-0,383078	0,398535	0,004205	-0,391382	0,398082	0,004205	-0,400239	0,397598	0,004205	-0,461410	0,394259	0,004205	-0,470268	0,393775	0,004205	-0,478572	0,393322	0,004205	-0,792736	-0,025111	0,002067
0,760000	20,629544	297,607158	0,004840	0,999903	0,013915	-0,000510	-0,013915	0,999903	-0,000039	0,000509	0,000046	1,000000	27,356745	0,407975	-0,004062	0,000803	-0,014556	-0,016285	27,360141	0,027114	0,009811	-0,384984	0,401789	0,003245	-0,393717	0,401307	0,003245	-0,403033	0,400793	0,003245	-0,467370	0,397242	0,003245	-0,476685	0,396728	0,003245	-0,485419	0,396246	0,003245	-0,797322	-0,029179	0,002234
0,765000	20,766335	297,607298	0,004892	0,999902	0,013981	-0,000533	-0,013981	0,999902	-0,000041	0,000533	0,000049	1,000000	27,353960	0,411228	-0,003665	0,000312	0,001625	-0,011153	27,357231	0,028585	0,010824	-0,439127	0,406171	-0,004831	-0,438152	0,405984	-0,004831	-0,437112	0,405784	-0,004831	-0,429930	0,404403	-0,004831	-0,428890	0,404203	-0,004831	-0,427916	0,404016	-0,004831	-0,801084	-0,030526	0,002356
0,770000	20,903115	297,607446	0,004949	0,999901	0,014038	-0,000525	-0,014038	0,999901	-0,000043	0,000525	0,000050	1,000000	27,351871	0,414319	-0,002488	0,000389	0,001554	-0,011456	27,355203	0,030174	0,011799	-0,441234	0,409359	-0,003681	-0,440302	0,409126	-0,003681	-0,439307	0,408877	-0,003681	-0,432439	0,407158	-0,003681	-0,431444	0,406910	-0,003681	-0,430512	0,406676	-0,003681	-0,804323	-0,030071	0,002463
0,775000	21,039884	297,607601	0,005011	0,999901	0,014096	-0,000518	-0,014096	0,999901	-0,000045	0,000517	0,000053	1,000000	27,349536	0,417209	-0,001563	0,000460	0,001483	-0,011759	27,352943	0,031541	0,012549	-0,443587	0,412327	-0,002778	-0,442698	0,412051	-0,002778	-0,441749	0,411757	-0,002778	-0,435194	0,409726	-0,002778	-0,434245	0,409432	-0,002778	-0,433355	0,409156	-0,002778	-0,807648	-0,029636	0,002591
0,780000	21,176641	297,607761	0,005074	0,999900	0,014155	-0,000511	-0,014155	0,999900	-0,000048	0,000510	0,000055	1,000000	27,346714	0,419658	-0,001132	0,000524	0,001412	-0,012060	27,350215	0,032456	0,012837	-0,446427	0,414832	-0,002365	-0,445580	0,414518	-0,002365	-0,444677	0,414182	-0,002365	-0,438437	0,411866	-0,002365	-0,437534	0,411531	-0,002365	-0,436687	0,411217	-0,002365	-0,811060	-0,029221	0,002738
0,785000	21,313382	297,607925	0,005138	0,999899	0,014216	-0,000504	-0,014216	0,999899	-0,000051	0,000503	0,000058	1,000000	27,343372	0,421634	-0,001227	0,000581	0,001340	-0,012362	27,346952	0,032856	0,012601	-0,449784	0,416840	-0,002470	-0,448980	0,416492	-0,002470	-0,448123	0,416120	-0,002470	-0,442199	0,413550	-0,002470	-0,441341	0,413178	-0,002470	-0,440537	0,412829	-0,002470	-0,814558	-0,028826	0,002902
0,790000	21,450108	297,608089	0,005199	0,999898	0,014262	-0,000549	-0,014262	0,999898	-0,000055	0,000548	0,000063	1,000000	27,340524	0,422711	-0,003252	0,001258	-0,015704	-0,006977	27,344011	0,032770	0,011845	-0,389145	0,423215	0,004290	-0,398567	0,422460	0,004290	-0,408618	0,421655	0,004290	-0,478030	0,416093	0,004290	-0,488081	0,415288	0,004290	-0,497503	0,414533	0,004290	-0,817157	-0,031390	0,003145
0,795000	21,586820	297,608252	0,005255	0,999898	0,014297	-0,000629	-0,014297	0,999898	-0,000060	0,000628	0,000069	1,000000	27,338049	0,423375	-0,006434	0,001370	-0,016444	-0,007080	27,341554	0,032513	0,010868	-0,389155	0,424207	0,001419	-0,399022	0,423385	0,001419	-0,409546	0,422508	0,001419	-0,482230	0,416453	0,001419	-0,492755	0,415576	0,001419	-0,502621	0,414754	0,001419	-0,819171	-0,035995	0,003456
0,800000	21,723521	297,608414	0,005307	0,999897	0,014332	-0,000713	-0,014332	0,999897	-0,000066	0,000712	0,000076	1,000000	27,335616	0,424096	-0,009675	0,001479	-0,017184	-0,007183	27,339120	0,032281	0,009913	-0,389128	0,425248	-0,001511	-0,399438	0,424361	-0,001511	-0,410435	0,423414	-0,001511	-0,486387	0,416876	-0,001511	-0,497384	0,415930	-0,001511	-0,507694	0,415042	-0,001511	-0,821215	-0,040812	0,003795
0,805000	21,860210	297,608576	0,005354	0,999896	0,014369	-0,000801	-0,014369	0,999897	-0,000073	0,000800	0,000084	1,000000	27,333504	0,425154	-0,012697	0,001586	-0,017922	-0,007287	27,336983	0,032339	0,009248	-0,388783	0,426617	-0,004220	-0,399536	0,425666	-0,004220	-0,411006	0,424651	-0,004220	-0,490221	0,417643	-0,004220	-0,501691	0,416628	-0,004220	-0,512444	0,415676	-0,004220	-0,823288	-0,045841	0,004162
0,810000	21,996889	297,608739	0,005399	0,999896	0,014405	-0,000893	-0,014405	0,999896	-0,000080	0,000891	0,000092	1,000000	27,331801	0,426639	-0,015411	0,001689	-0,018659	-0,007391	27,335264	0,032806	0,008997	-0,388031	0,428403	-0,006618	-0,399227	0,427389	-0,006618	-0,411169	0,426308	-0,006618	-0,493643	0,418841	-0,006618	-0,505585	0,417760	-0,006618	-0,516781	0,416746	-0,006618	-0,825390	-0,051082	0,004556
0,815000	22,133563	297,608905	0,005445	0,999896	0,014425	-0,000937	-0,014425	0,999896	-0,000086	0,000935	0,000099	1,000000	27,331348	0,428089	-0,016330	0,001226	-0,002446	-0,001782	27,334642	0,033674	0,009238	-0,439543	0,431338	-0,016052	-0,441010	0,430602	-0,016052	-0,442575	0,429818	-0,016052	-0,453385	0,424400	-0,016052	-0,454950	0,423616	-0,016052	-0,456417	0,422880	-0,016052	-0,826536	-0,053599	0,004917
0,820000	22,270237	297,609077	0,005492	0,999895	0,014434	-0,000949	-0,014434	0,999896	-0,000092	0,000948	0,000106	1,000000	27,331791	0,429477	-0,016222	0,001368	-0,002531	-0,001623	27,335098	0,034816	0,009683	-0,438665	0,433306	-0,016020	-0,440184	0,432484	-0,016020	-0,441804	0,431609	-0,016020	-0,452993	0,425560	-0,016020	-0,454613	0,424684	-0,016020	-0,456132	0,423863	-0,016020	-0,827024	-0,054312	0,005278
0,825000	22,406914	297,609254	0,005542	0,999895	0,014441	-0,000962	-0,014442	0,999896	-0,000099	0,000961	0,000113	1,000000	27,332210	0,430818	-0,016150	0,001512	-0,002617	-0,001463	27,335548	0,035952	0,010122	-0,437812	0,435228	-0,016026	-0,439382	0,434321	-0,016026	-0,441057	0,433354	-0,016026	-0,452624	0,426673	-0,016026	-0,454299	0,425705	-0,016026	-0,455869	0,424799	-0,016026	-0,827466	-0,055049	0,005680
0,830000	22,543592	297,609437	0,005593	0,999895	0,014448	-0,000976	-0,014448	0,999896	-0,000107	0,000974	0,000121	1,000000	27,332307	0,431815	-0,016412	0,001655	-0,002702	-0,001302	27,335705	0,036802	0,010271	-0,437280	0,436809	-0,016366	-0,438902	0,435816	-0,016366	-0,440631	0,434756	-0,016366	-0,452576	0,427441	-0,016366	-0,454306	0,426382	-0,016366	-0,455927	0,425389	-0,016366	-0,827862	-0,055811	0,006123
0,835000	22,680270	297,609622	0,005644	0,999895	0,014454	-0,000989	-0,014455	0,999896	-0,000115	0,000988	0,000130	1,000000	27,331947	0,432332	-0,017144	0,001799	-0,002788	-0,001141	27,335401	0,037204	0,009964	-0,437206	0,437911	-0,017176	-0,438879	0,436832	-0,017176	-0,440663	0,435681	-0,017176	-0,452984	0,427729	-0,017176	-0,454768	0,426577	-0,017176	-0,456440	0,425498	-0,017176	-0,828212	-0,056598	0,006606
0,840000	22,816945	297,609808	0,005692	0,999895	0,014460	-0,001004	-0,014460	0,999895	-0,000124	0,001002	0,000139	0,999999	27,331072	0,432312	-0,018403	0,001943	-0,002872	-0,000979	27,334579	0,037101	0,009146	-0,437649	0,438478	-0,018514	-0,439372	0,437312	-0,018514	-0,441211	0,436068	-0,018514	-0,453905	0,427478	-0,018514	-0,455743	0,426234	-0,018514	-0,457466	0,425068	-0,018514	-0,828516	-0,057408	0,007131
0,845000	22,953614	297,609992	0,005734	0,999895	0,014464	-0,001018	-0,014464	0,999895	-0,000134	0,001016	0,000149	0,999999	27,329853	0,431924	-0,020019	0,002088	-0,002956	-0,000818	27,333378	0,036631	0,007953	-0,438439	0,438678	-0,020210	-0,440212	0,437425	-0,020210	-0,442104	0,436088	-0,020210	-0,455169	0,426859	-0,020210	-0,457061	0,425523	-0,020210	-0,458835	0,424270	-0,020210	-0,828773	-0,058243	0,007696
0,850000	23,090277	297,610174	0,005770	0,999895	0,014468	-0,001034	-0,014468	0,999895	-0,000145	0,001031	0,000160	0,999999	27,328502	0,431381	-0,021780	0,002233	-0,003039	-0,000657	27,332024	0,036011	0,006610	-0,439363	0,438724	-0,022051	-0,441186	0,437384	-0,022051	-0,443131	0,435955	-0,022051	-0,456564	0,426086	-0,022051	-0,458509	0,424657	-0,022051	-0,460332	0,423317	-0,022051	-0,828985	-0,059102	0,008302
0,855000	23,226934	297,610352	0,005799	0,999895	0,014471	-0,001049	-0,014471	0,999895	-0,000156	0,001047	0,000171	0,999999	27,327337	0,431003	-0,023365	0,002378	-0,003122	-0,000495	27,330823	0,035539	0,005416	-0,440103	0,438934	-0,023717	-0,441976	0,437507	-0,023717	-0,443973	0,435985	-0,023717	-0,457771	0,425475	-0,023717	-0,459768	0,423954	-0,023717	-0,461641	0,422527	-0,023717	-0,829150	-0,059984	0,008950
0,860000	23,363585	297,610529	0,005823	0,999895	0,014473	-0,001065	-0,014473	0,999895	-0,000168	0,001063	0,000184	0,999999	27,326546	0,430975	-0,024590	0,002523	-0,003204	-0,000334	27,329991	0,035426	0,004587	-0,440471	0,439495	-0,025023	-0,442393	0,437981	-0,025023	-0,444443	0,436367	-0,025023	-0,458603	0,425216	-0,025023	-0,460653	0,423601	-0,025023	-0,462575	0,422088	-0,025023	-0,829269	-0,060891	0,009639
0,865000	23,500234	297,610707	0,005845	0,999895	0,014474	-0,001082	-0,014474	0,999895	-0,000181	0,001079	0,000197	0,999999	27,326256	0,431426	-0,025325	0,002668	-0,003285	-0,000173	27,329656	0,035796	0,004248	-0,440339	0,440534	-0,025839	-0,442310	0,438934	-0,025839	-0,444412	0,437226	-0,025839	-0,458933	0,425435	-0,025839	-0,461035	0,423728	-0,025839	-0,463006	0,422128	-0,025839	-0,829342	-0,061820	0,010369
0,870000	23,636882	297,610889	0,005866	0,999895	0,014474	-0,001098	-0,014475	0,999895	-0,000194	0,001095	0,000210	0,999999	27,326364	0,432252	-0,025675	0,002812	-0,003367	-0,000012	27,329745	0,036578	0,004329	-0,439810	0,441948	-0,026270	-0,441830	0,440261	-0,026270	-0,443984	0,438461	-0,026270	-0,458865	0,426030	-0,026270	-0,461020	0,424230	-0,026270	-0,463040	0,422542	-0,026270	-0,829369	-0,062773	0,011140
0,875000	23,773532	297,611074	0,005889	0,999895	0,014474	-0,001116	-0,014474	0,999895	-0,000209	0,001113	0,000225	0,999999	27,326701	0,433284	-0,025807	0,002957	-0,003448	0,000149	27,330083	0,037600	0,004654	-0,439051	0,443568	-0,026483	-0,441120	0,441794	-0,026483	-0,443327	0,439901	-0,026483	-0,458568	0,426831	-0,026483	-0,460774	0,424938	-0,026483	-0,462843	0,423164	-0,026483	-0,829349	-0,063749	0,011952
0,880000	23,910183	297,611265	0,005913	0,999895	0,014473	-0,001133	-0,014473	0,999895	-0,000223	0,001130	0,000240	0,999999	27,326960	0,434215	-0,026029	0,003102	-0,003529	0,000311	27,330378	0,038582	0,004938	-0,438370	0,445088	-0,026786	-0,440488	0,443227	-0,026786	-0,442747	0,441242	-0,026786	-0,458347	0,427532	-0,026786	-0,460606	0,425547	-0,026786	-0,462724	0,423686	-0,026786	-0,829283	-0,064749	0,012806
0,885000	24,046835	297,611461	0,005938	0,999895	0,014471	-0,001151	-0,014471	0,999895	-0,000239	0,001148	0,000256	0,999999	27,326932	0,434837	-0,026550	0,003246	-0,003611	0,000473	27,330395	0,039292	0,004947	-0,437976	0,446298	-0,027388	-0,440143	0,444350	-0,027388	-0,442454	0,442272	-0,027388	-0,458413	0,427923	-0,027388	-0,460724	0,425846	-0,027388	-0,462891	0,423898	-0,027388	-0,829171	-0,065772	0,013700
0,890000	24,183486	297,611658	0,005962	0,999895	0,014468	-0,001170	-0,014468	0,999895	-0,000255	0,001166	0,000272	0,999999	27,326444	0,434976	-0,027543	0,003391	-0,003692	0,000636	27,329961	0,039564	0,004510	-0,438044	0,447024	-0,028463	-0,440259	0,444990	-0,028463	-0,442622	0,442819	-0,028463	-0,458939	0,427831	-0,028463	-0,461302	0,425661	-0,028463	-0,463517	0,423627	-0,028463	-0,829013	-0,066818	0,014636
0,895000	24,320134	297,611856	0,005982	0,999895	0,014465	-0,001189	-0,014465	0,999895	-0,000272	0,001185	0,000290	0,999999	27,325549	0,434684	-0,028956	0,003535	-0,003772	0,000798	27,329096	0,039416	0,003647	-0,438520	0,447320	-0,029957	-0,440784	0,445199	-0,029957	-0,443198	0,442936	-0,029957	-0,459872	0,427310	-0,029957	-0,462286	0,425047	-0,029957	-0,464549	0,422926	-0,029957	-0,828808	-0,067887	0,015613
0,900000	24,456776	297,612051	0,005997	0,999895	0,014460	-0,001208	-0,014461	0,999895	-0,000290	0,001204	0,000308	0,999999	27,324379	0,434095	-0,030655	0,003680	-0,003852	0,000960	27,327939	0,038984	0,002494	-0,439274	0,447317	-0,031738	-0,441585	0,445110	-0,031738	-0,444051	0,442755	-0,031738	-0,461078	0,426490	-0,031738	-0,463544	0,424135	-0,031738	-0,465855	0,421927	-0,031738	-0,828556	-0,068980	0,016630
0,905000	24,593412	297,612245	0,006006	0,999895	0,014455	-0,001228	-0,014455	0,999895	-0,000309	0,001223	0,000326	0,999999	27,323234	0,433508	-0,032341	0,003824	-0,003932	0,001121	27,326770	0,038539	0,001329	-0,440003	0,447316	-0,033505	-0,442363	0,445022	-0,033505	-0,444879	0,442575	-0,033505	-0,462259	0,425674	-0,033505	-0,464775	0,423226	-0,033505	-0,467134	0,420932	-0,033505	-0,828258	-0,070095	0,017689
0,910000	24,730043	297,612437	0,006009	0,999895	0,014449	-0,001248	-0,014449	0,999896	-0,000328	0,001243	0,000346	0,999999	27,322352	0,433161	-0,033775	0,003967	-0,004011	0,001282	27,325851	0,038337	0,000411	-0,440472	0,447554	-0,035021	-0,442878	0,445174	-0,035021	-0,445446	0,442635	-0,035021	-0,463175	0,425098	-0,035021	-0,465742	0,422559	-0,035021	-0,468149	0,420179	-0,035021	-0,827915	-0,071233	0,018789
0,915000	24,866671	297,612629	0,006010	0,999895	0,014442	-0,001269	-0,014443	0,999896	-0,000348	0,001263	0,000366	0,999999	27,321964	0,433286	-0,034728	0,004111	-0,004090	0,001443	27,325408	0,038598	-0,000037	-0,440448	0,448261	-0,036055	-0,442902	0,445795	-0,036055	-0,445519	0,443164	-0,036055	-0,463597	0,424995	-0,036055	-0,466215	0,422364	-0,036055	-0,468669	0,419897	-0,036055	-0,827525	-0,072394	0,019929
0,920000	25,003298	297,612824	0,006010	0,999895	0,014434	-0,001289	-0,014435	0,999896	-0,000368	0,001284	0,000387	0,999999	27,322084	0,433895	-0,035185	0,004254	-0,004169	0,001604	27,325490	0,039370	0,000034	-0,439916	0,449452	-0,036592	-0,442418	0,446899	-0,036592	-0,445086	0,444177	-0,036592	-0,463512	0,425377	-0,036592	-0,466180	0,422654	-0,036592	-0,468682	0,420102	-0,036592	-0,827089	-0,073577	0,021110
0,925000	25,139926	297,613025	0,006011	0,999895	0,014426	-0,001311	-0,014427	0,999896	-0,000390	0,001305	0,000409	0,999999	27,322638	0,434916	-0,035218	0,004396	-0,004248	0,001764	27,326020	0,040576	0,000548	-0,438950	0,451052	-0,036706	-0,441499	0,448415	-0,036706	-0,444217	0,445601	-0,036706	-0,462993	0,426171	-0,036706	-0,465711	0,423358	-0,036706	-0,468260	0,420720	-0,036706	-0,826607	-0,074783	0,022331
0,930000	25,276559	297,613232	0,006016	0,999895	0,014417	-0,001333	-0,014417	0,999896	-0,000412	0,001327	0,000431	0,999999	27,323358	0,436081	-0,035097	0,004538	-0,004327	0,001925	27,326755	0,041981	0,001264	-0,437817	0,452795	-0,036665	-0,440413	0,450072	-0,036665	-0,443182	0,447168	-0,036665	-0,462307	0,427111	-0,036665	-0,465076	0,424207	-0,036665	-0,467672	0,421484	-0,036665	-0,826079	-0,076011	0,023593
0,935000	25,413195	297,613446	0,006024	0,999895	0,014407	-0,001355	-0,014407	0,999896	-0,000434	0,001348	0,000454	0,999999	27,324004	0,437148	-0,035062	0,004679	-0,004406	0,002087	27,327433	0,043330	0,001924	-0,436757	0,454440	-0,036710	-0,439400	0,451632	-0,036710	-0,442220	0,448637	-0,036710	-0,461696	0,427954	-0,036710	-0,464516	0,424959	-0,036710	-0,467160	0,422152	-0,036710	-0,825505	-0,077263	0,024896
0,940000	25,549833	297,613666	0,006035	0,999895	0,014396	-0,001377	-0,014396	0,999896	-0,000458	0,001371	0,000478	0,999999	27,324310	0,437853	-0,035379	0,004821	-0,004486	0,002248	27,327793	0,044370	0,002270	-0,436037	0,455721	-0,037106	-0,438728	0,452828	-0,037106	-0,441599	0,449743	-0,037106	-0,461425	0,428435	-0,037106	-0,464296	0,425350	-0,037106	-0,466987	0,422458	-0,037106	-0,824884	-0,078537	0,026238
0,945000	25,686472	297,613890	0,006047	0,999896	0,014384	-0,001400	-0,014385	0,999896	-0,000482	0,001393	0,000502	0,999999	27,324205	0,438124	-0,036118	0,004962	-0,004565	0,002410	27,327732	0,045000	0,002198	-0,435728	0,456567	-0,037924	-0,438467	0,453590	-0,037924	-0,441388	0,450415	-0,037924	-0,461564	0,428483	-0,037924	-0,464486	0,425308	-0,037924	-0,467225	0,422331	-0,037924	-0,824218	-0,079833	0,027621
0,950000	25,823109	297,614115	0,006056	0,999896	0,014372	-0,001424	-0,014372	0,999897	-0,000507	0,001416	0,000527	0,999999	27,323706	0,437978	-0,037264	0,005103	-0,004644	0,002571	27,327267	0,045238	0,001728	-0,435814	0,456995	-0,039149	-0,438600	0,453934	-0,039149	-0,441572	0,450668	-0,039149	-0,462098	0,428115	-0,039149	-0,465070	0,424849	-0,039149	-0,467856	0,421788	-0,039149	-0,823505	-0,081153	0,029043
0,955000	25,959744	297,614342	0,006063	0,999896	0,014358	-0,001447	-0,014359	0,999897	-0,000532	0,001440	0,000553	0,999999	27,323042	0,437644	-0,038585	0,005243	-0,004722	0,002732	27,326603	0,045280	0,001060	-0,436066	0,457235	-0,040549	-0,438899	0,454089	-0,040549	-0,441922	0,450734	-0,040549	-0,462795	0,427560	-0,040549	-0,465818	0,424204	-0,040549	-0,468651	0,421059	-0,040549	-0,822746	-0,082495	0,030506
0,960000	26,096375	297,614568	0,006066	0,999896	0,014344	-0,001472	-0,014345	0,999897	-0,000559	0,001463	0,000580	0,999999	27,322449	0,437358	-0,039848	0,005383	-0,004801	0,002893	27,325990	0,045372	0,000441	-0,436250	0,457521	-0,041891	-0,439130	0,454291	-0,041891	-0,442203	0,450846	-0,041891	-0,463422	0,427052	-0,041891	-0,466495	0,423607	-0,041891	-0,469375	0,420377	-0,041891	-0,821941	-0,083860	0,032008
0,965000	26,233004	297,614796	0,006068	0,999896	0,014329	-0,001496	-0,014330	0,999897	-0,000586	0,001488	0,000607	0,999999	27,322218	0,437412	-0,040761	0,005523	-0,004879	0,003053	27,325712	0,045789	0,000154	-0,436072	0,458144	-0,042882	-0,438999	0,454831	-0,042882	-0,442122	0,451296	-0,042882	-0,463687	0,426886	-0,042882	-0,466809	0,423351	-0,042882	-0,469737	0,420037	-0,042882	-0,821090	-0,085247	0,033551
0,970000	26,369633	297,615028	0,006069	0,999896	0,014314	-0,001521	-0,014315	0,999897	-0,000613	0,001512	0,000635	0,999999	27,322470	0,437927	-0,041200	0,005662	-0,004957	0,003213	27,325923	0,046682	0,000351	-0,435410	0,459228	-0,043400	-0,438384	0,455831	-0,043400	-0,441557	0,452207	-0,043400	-0,463467	0,427181	-0,043400	-0,466639	0,423557	-0,043400	-0,469614	0,420160	-0,043400	-0,820194	-0,086657	0,035133
0,975000	26,506264	297,615265	0,006072	0,999897	0,014297	-0,001547	-0,014298	0,999898	-0,000641	0,001537	0,000663	0,999999	27,323248	0,438944	-0,041127	0,005801	-0,005035	0,003374	27,326662	0,048088	0,001071	-0,434223	0,460812	-0,043404	-0,437244	0,457332	-0,043404	-0,440467	0,453619	-0,043404	-0,462722	0,427980	-0,043404	-0,465945	0,424267	-0,043404	-0,468966	0,420787	-0,043404	-0,819251	-0,088089	0,036754
0,980000	26,642901	297,615511	0,006081	0,999897	0,014280	-0,001572	-0,014281	0,999898	-0,000670	0,001563	0,000693	0,999999	27,324365	0,440277	-0,040726	0,005939	-0,005114	0,003535	27,327775	0,049857	0,002159	-0,432696	0,462712	-0,043081	-0,435764	0,459148	-0,043081	-0,439037	0,455347	-0,043081	-0,461639	0,429096	-0,043081	-0,464912	0,425294	-0,043081	-0,467980	0,421731	-0,043081	-0,818262	-0,089543	0,038415
0,985000	26,779544	297,615766	0,006095	0,999897	0,014262	-0,001599	-0,014263	0,999898	-0,000700	0,001588	0,000723	0,999998	27,325600	0,441706	-0,040218	0,006077	-0,005192	0,003696	27,329026	0,051761	0,003386	-0,431050	0,464706	-0,042650	-0,434165	0,461060	-0,042650	-0,437488	0,457170	-0,042650	-0,460438	0,430308	-0,042650	-0,463761	0,426418	-0,042650	-0,466876	0,422772	-0,042650	-0,817228	-0,091020	0,040115
0,990000	26,916192	297,616030	0,006116	0,999897	0,014243	-0,001625	-0,014244	0,999898	-0,000730	0,001615	0,000753	0,999998	27,326638	0,442916	-0,039918	0,006215	-0,005271	0,003857	27,330114	0,053505	0,004450	-0,429599	0,466481	-0,042426	-0,432761	0,462752	-0,042426	-0,436135	0,458774	-0,042426	-0,459433	0,431302	-0,042426	-0,462806	0,427324	-0,042426	-0,465969	0,423594	-0,042426	-0,816147	-0,092520	0,041855
0,995000	27,052845	297,616302	0,006140	0,999897	0,014223	-0,001652	-0,014224	0,999899	-0,000761	0,001641	0,000785	0,999998	27,327307	0,443733	-0,040000	0,006353	-0,005350	0,004019	27,330833	0,054891	0,005150	-0,428518	0,467863	-0,042585	-0,431728	0,464051	-0,042585	-0,435151	0,459985	-0,042585	-0,458798	0,431902	-0,042585	-0,462222	0,427836	-0,042585	-0,465432	0,424024	-0,042585	-0,815020	-0,094042	0,043633
1,000000	27,189500	297,616579	0,006167	0,999898	0,014202	-0,001680	-0,014204	0,999899	-0,000793	0,001668	0,000817	0,999998	27,327496	0,444048	-0,040572	0,006491	-0,005429	0,004181	27,331077	0,055813	0,005379	-0,427916	0,468743	-0,043234	-0,431173	0,464848	-0,043234	-0,434647	0,460694	-0,043234	-0,458642	0,432001	-0,043234	-0,462116	0,427847	-0,043234	-0,465374	0,423952	-0,043234	-0,813847	-0,095587	0,045451
