Cx_otM_ET_1943			
M1 Ì2 alpha0 alpha1 alpha2 alpha3
0,000000 0,733570 0,157000 0,000000 0,000000 0,000000
0,733570 0,909620 -3,871879 15,734575 -20,511918 8,928144
0,909620 0,997650 122,720358 -390,742644 413,613130 -145,266282
0,997650 1,173710 -19,848947 52,409513 -45,299813 13,064840
1,173710 1,584510 -0,639686 2,250136 -1,600055 0,363206
1,584510 2,640840 0,643812 -0,278701 0,069619 -0,006031
2,640840 3,726652 0,621061 -0,242875 0,053243 -0,003765
3,726652 10000,000000 0,260000 0,000000 0,000000 0,000000
