3БМ42
ПодКалибр(мм) 36,0
Масса(кг) 4,99
Длина(мм) 569,15
Центр_масс_от_носа(мм) 251,85
Головная_часть(мм) 197,32
Начальная_скорость(м/с) 1700,0
Начальный_угол(град) 5,0
Момент_инерции_Ix 0,0012
Момент_инерции_Iz 0,0667
Длина_хода_нарезов(калибров) 0
ix58 1,71
iz 1,0
Cxa(M,a) 0,0 0,8 1,0 1,2 5,0
-0,6038 7,2711 -13,433 8,1696 15,2717
-0,6038 7,2711 -13,433 8,1696 15,2717
-29,608 77,199 -63,354 17,121 15,2717
2,4233 -1,1573 0,2501 -0,0188 15,2717
Cya(M,a)
0 15,63 67,89 -1,425 5,474
0 15,63 67,89 -1,425 5,474
0 15,63 67,89 -1,425 5,474
0 15,63 67,89 -1,425 5,474
Cza 0 0 0 0 0
Mza -6,8892 2,2804 -0,2132 0
Mya 0 0 0 0
Mxa 0,004 0 0 -0,00005
Mwa 0,006 0,0 0,0