  t, c   	 X0[0]  	 X0[1]  	 X0[2]  	 X0[3]  	 X0[4]  	 X0[5]  	 X0[6]  	 X0[7]  	 X0[8]  	 X0[9]  	 X0[10]  	 X0[11]  	 V[0]   	 V[1]   	 V[2]   	 Om[0]  	 Om[1]  	 Om[2]  	 Vc[0]  	 Vc[1]  	 Vc[2]  	 Amp[0][0] 	 Amp[0][1] 	 Amp[0][2] 	 Amp[1][0] 	 Amp[1][1] 	 Amp[1][2] 	 Amp[2][0] 	 Amp[2][1] 	 Amp[2][2] 	 Amp[3][0] 	 Amp[3][1] 	 Amp[3][2] 	 Amp[4][0] 	 Amp[4][1] 	 Amp[4][2] 	 Amp[5][0] 	 Amp[5][1] 	 Amp[5][2] 	teta,град	psi, град	fi, град 
0,000000	-0,350000	297,600000	0,000000	1,000000	0,000000	0,000000	0,000000	1,000000	0,000000	0,000000	0,000000	1,000000	27,780000	0,000000	0,000000	0,000000	0,000000	0,000000	27,780000	0,000000	0,000000	0,000000	0,000000	0,000000	0,000000	0,000000	0,000000	0,000000	0,000000	0,000000	0,000000	0,000000	0,000000	0,000000	0,000000	0,000000	0,000000	0,000000	0,000000	0,000000	0,000000	0,000000
0,005000	-0,211100	297,600000	0,000000	1,000000	0,000000	0,000000	0,000000	1,000000	0,000000	0,000000	0,000000	1,000000	27,780276	0,000276	0,000276	0,000001	0,000000	-0,000001	27,780225	0,000225	0,000225	0,000274	0,000279	0,000275	0,000274	0,000278	0,000275	0,000275	0,000277	0,000275	0,000276	0,000273	0,000275	0,000276	0,000273	0,000275	0,000276	0,000272	0,000275	0,000000	0,000000	0,000000
0,010000	-0,072197	297,600003	0,000003	1,000000	0,000000	0,000000	0,000000	1,000000	0,000000	0,000000	0,000000	1,000000	27,780987	0,000988	0,000987	0,000003	0,000001	-0,000004	27,780903	0,000903	0,000903	0,000982	0,000997	0,000984	0,000982	0,000995	0,000984	0,000983	0,000993	0,000984	0,000986	0,000979	0,000984	0,000986	0,000977	0,000984	0,000987	0,000975	0,000984	-0,000001	0,000000	0,000001
0,015000	0,066711	297,600011	0,000011	1,000000	0,000000	0,000000	0,000000	1,000000	0,000000	0,000000	0,000000	1,000000	27,781956	0,001957	0,001956	0,000006	0,000001	-0,000007	27,781855	0,001855	0,001855	0,001945	0,001974	0,001950	0,001946	0,001970	0,001950	0,001947	0,001966	0,001950	0,001952	0,001940	0,001950	0,001953	0,001936	0,001950	0,001954	0,001932	0,001950	-0,000002	0,000000	0,000002
0,020000	0,205623	297,600023	0,000023	1,000000	0,000000	0,000000	0,000000	1,000000	0,000000	0,000000	0,000000	1,000000	27,782868	0,002870	0,002868	0,000008	0,000002	-0,000011	27,782787	0,002787	0,002787	0,002853	0,002893	0,002860	0,002854	0,002888	0,002860	0,002855	0,002882	0,002860	0,002862	0,002846	0,002860	0,002863	0,002841	0,002860	0,002864	0,002836	0,002860	-0,000005	0,000001	0,000004
0,025000	0,344539	297,600039	0,000039	1,000000	0,000000	0,000000	0,000000	1,000000	0,000000	0,000000	0,000000	1,000000	27,783510	0,003515	0,003511	0,000009	0,000002	-0,000014	27,783462	0,003462	0,003462	0,003493	0,003538	0,003502	0,003494	0,003532	0,003502	0,003495	0,003527	0,003502	0,003501	0,003487	0,003502	0,003502	0,003481	0,003502	0,003503	0,003476	0,003502	-0,000009	0,000001	0,000007
0,030000	0,483457	297,600057	0,000057	1,000000	0,000000	0,000000	0,000000	1,000000	0,000000	0,000000	0,000000	1,000000	27,783709	0,003715	0,003709	0,000008	0,000001	-0,000016	27,783709	0,003709	0,003709	0,003692	0,003732	0,003702	0,003692	0,003728	0,003702	0,003693	0,003723	0,003702	0,003696	0,003689	0,003702	0,003697	0,003684	0,003702	0,003697	0,003680	0,003702	-0,000013	0,000002	0,000009
0,035000	0,622375	297,600075	0,000075	1,000000	0,000000	0,000000	0,000000	1,000000	0,000000	0,000000	0,000000	1,000000	27,783516	0,003525	0,003517	0,000004	-0,000001	-0,000017	27,783548	0,003548	0,003548	0,003504	0,003530	0,003513	0,003503	0,003528	0,003513	0,003503	0,003525	0,003513	0,003500	0,003506	0,003513	0,003500	0,003503	0,003513	0,003500	0,003501	0,003513	-0,000018	0,000002	0,000011
0,040000	0,761292	297,600092	0,000092	1,000000	0,000000	0,000000	0,000000	1,000000	0,000000	0,000000	0,000000	1,000000	27,783063	0,003074	0,003064	0,000000	-0,000002	-0,000016	27,783114	0,003114	0,003114	0,003057	0,003064	0,003065	0,003055	0,003064	0,003065	0,003054	0,003064	0,003065	0,003044	0,003066	0,003065	0,003043	0,003066	0,003065	0,003041	0,003066	0,003065	-0,000022	0,000001	0,000011
0,045000	0,900206	297,600106	0,000106	1,000000	0,000000	0,000000	0,000000	1,000000	0,000000	0,000000	0,000000	1,000000	27,782646	0,002659	0,002646	-0,000005	-0,000004	-0,000016	27,782678	0,002678	0,002678	0,002646	0,002632	0,002653	0,002643	0,002635	0,002653	0,002641	0,002639	0,002653	0,002623	0,002661	0,002653	0,002620	0,002665	0,002653	0,002618	0,002668	0,002653	-0,000027	0,000000	0,000010
0,050000	1,039119	297,600119	0,000119	1,000000	0,000001	0,000000	-0,000001	1,000000	0,000000	0,000000	0,000000	1,000000	27,782493	0,002508	0,002492	-0,000009	-0,000006	-0,000017	27,782492	0,002491	0,002491	0,002498	0,002467	0,002503	0,002494	0,002473	0,002503	0,002490	0,002479	0,002503	0,002465	0,002519	0,002503	0,002462	0,002525	0,002503	0,002458	0,002530	0,002503	-0,000032	-0,000001	0,000008
0,055000	1,178032	297,600132	0,000132	1,000000	0,000001	0,000000	-0,000001	1,000000	0,000000	0,000000	0,000000	1,000000	27,782822	0,002840	0,002821	-0,000011	-0,000007	-0,000020	27,782766	0,002766	0,002765	0,002829	0,002790	0,002834	0,002824	0,002797	0,002834	0,002820	0,002804	0,002834	0,002789	0,002855	0,002834	0,002785	0,002862	0,002834	0,002781	0,002869	0,002834	-0,000037	-0,000003	0,000005
0,060000	1,316948	297,600148	0,000148	1,000000	0,000001	0,000000	-0,000001	1,000000	0,000000	0,000000	0,000000	1,000000	27,783634	0,003655	0,003631	-0,000012	-0,000008	-0,000025	27,783535	0,003535	0,003534	0,003639	0,003600	0,003646	0,003635	0,003608	0,003646	0,003630	0,003615	0,003646	0,003596	0,003668	0,003646	0,003591	0,003676	0,003646	0,003586	0,003683	0,003646	-0,000044	-0,000005	0,000002
0,065000	1,455869	297,600169	0,000169	1,000000	0,000001	0,000000	-0,000001	1,000000	0,000000	0,000000	0,000000	1,000000	27,784842	0,004867	0,004838	-0,000011	-0,000008	-0,000031	27,784710	0,004710	0,004709	0,004844	0,004812	0,004852	0,004839	0,004819	0,004852	0,004834	0,004826	0,004852	0,004798	0,004875	0,004852	0,004792	0,004882	0,004852	0,004788	0,004889	0,004852	-0,000052	-0,000007	-0,000001
0,070000	1,594796	297,600196	0,000196	1,000000	0,000001	0,000000	-0,000001	1,000000	0,000000	0,000000	0,000000	1,000000	27,786169	0,006199	0,006164	-0,000010	-0,000009	-0,000037	27,786039	0,006039	0,006039	0,006166	0,006144	0,006177	0,006161	0,006150	0,006177	0,006155	0,006156	0,006177	0,006118	0,006200	0,006177	0,006112	0,006206	0,006177	0,006107	0,006212	0,006177	-0,000061	-0,000010	-0,000004
0,075000	1,733730	297,600230	0,000230	1,000000	0,000001	0,000000	-0,000001	1,000000	0,000000	0,000000	0,000000	1,000000	27,787367	0,007402	0,007360	-0,000009	-0,000009	-0,000043	27,787259	0,007259	0,007258	0,007361	0,007347	0,007373	0,007355	0,007352	0,007373	0,007349	0,007358	0,007373	0,007309	0,007399	0,007373	0,007304	0,007404	0,007373	0,007298	0,007410	0,007373	-0,000073	-0,000012	-0,000007
0,080000	1,872669	297,600269	0,000269	1,000000	0,000002	0,000000	-0,000002	1,000000	0,000000	0,000000	0,000000	1,000000	27,788169	0,008210	0,008161	-0,000010	-0,000010	-0,000048	27,788110	0,008110	0,008109	0,008162	0,008149	0,008175	0,008156	0,008155	0,008175	0,008149	0,008162	0,008175	0,008105	0,008206	0,008175	0,008099	0,008213	0,008175	0,008093	0,008219	0,008175	-0,000086	-0,000015	-0,000010
0,085000	2,011611	297,600311	0,000311	1,000000	0,000002	0,000000	-0,000002	1,000000	0,000000	0,000000	0,000000	1,000000	27,788505	0,008554	0,008496	-0,000013	-0,000011	-0,000051	27,788491	0,008491	0,008490	0,008500	0,008481	0,008513	0,008494	0,008489	0,008513	0,008486	0,008497	0,008513	0,008436	0,008554	0,008513	0,008428	0,008562	0,008513	0,008421	0,008570	0,008513	-0,000100	-0,000018	-0,000013
0,090000	2,150554	297,600354	0,000354	1,000000	0,000002	0,000000	-0,000002	1,000000	0,000000	0,000000	0,000000	1,000000	27,788395	0,008451	0,008384	-0,000017	-0,000013	-0,000052	27,788422	0,008422	0,008421	0,008396	0,008362	0,008406	0,008388	0,008372	0,008406	0,008379	0,008384	0,008406	0,008320	0,008460	0,008406	0,008312	0,008471	0,008406	0,008304	0,008482	0,008406	-0,000115	-0,000021	-0,000017
0,095000	2,289495	297,600395	0,000395	1,000000	0,000002	0,000000	-0,000002	1,000000	0,000000	0,000000	0,000000	1,000000	27,788069	0,008132	0,008056	-0,000023	-0,000015	-0,000053	27,788104	0,008103	0,008103	0,008076	0,008025	0,008084	0,008067	0,008038	0,008084	0,008057	0,008053	0,008084	0,007989	0,008153	0,008084	0,007979	0,008168	0,008084	0,007970	0,008181	0,008084	-0,000130	-0,000026	-0,000023
0,100000	2,428434	297,600434	0,000434	1,000000	0,000003	-0,000001	-0,000003	1,000000	0,000001	0,000001	-0,000001	1,000000	27,777450	0,007842	0,007744	-0,000028	-0,000017	-0,001494	27,787194	0,007784	0,007782	-0,003790	0,006925	0,007778	-0,003800	0,006941	0,007778	-0,003811	0,006959	0,007778	-0,003887	0,007082	0,007778	-0,003898	0,007099	0,007778	-0,003908	0,007116	0,007778	-0,000150	-0,000030	-0,000030
0,105000	2,567281	297,600473	0,000473	1,000000	0,000015	-0,000001	-0,000015	1,000000	0,000001	0,000001	-0,000001	1,000000	27,768681	0,008205	0,007736	-0,000032	-0,000019	-0,002597	27,768663	0,007757	0,007735	-0,013514	0,006667	0,007774	-0,013525	0,006686	0,007774	-0,013537	0,006706	0,007774	-0,013619	0,006847	0,007774	-0,013631	0,006867	0,007774	-0,013642	0,006886	0,007774	-0,000887	-0,000035	-0,000039
0,110000	2,706125	297,600513	0,000513	1,000000	0,000028	-0,000001	-0,000028	1,000000	0,000001	0,000001	-0,000001	1,000000	27,769093	0,008979	0,008145	-0,000033	-0,000020	-0,002599	27,769033	0,008128	0,008105	-0,013100	0,007434	0,008185	-0,013112	0,007454	0,008185	-0,013125	0,007476	0,008185	-0,013213	0,007623	0,008185	-0,013226	0,007644	0,008185	-0,013238	0,007664	0,008185	-0,001631	-0,000041	-0,000048
0,115000	2,844973	297,600556	0,000555	1,000000	0,000041	-0,000001	-0,000041	1,000000	0,000001	0,000001	-0,000001	1,000000	27,769955	0,010204	0,009004	-0,000033	-0,000021	-0,002604	27,769852	0,008949	0,008923	-0,012239	0,008658	0,009044	-0,012251	0,008678	0,009044	-0,012265	0,008699	0,009044	-0,012357	0,008844	0,009044	-0,012370	0,008865	0,009044	-0,012382	0,008885	0,009044	-0,002376	-0,000047	-0,000058
0,120000	2,983825	297,600604	0,000603	1,000000	0,000055	-0,000001	-0,000055	1,000000	0,000001	0,000001	-0,000001	1,000000	27,760764	0,011698	0,010120	-0,000031	-0,000021	-0,004048	27,770369	0,010057	0,010030	-0,022686	0,009364	0,010158	-0,022698	0,009383	0,010158	-0,022712	0,009403	0,010158	-0,022804	0,009540	0,010158	-0,022817	0,009559	0,010158	-0,022830	0,009578	0,010158	-0,003127	-0,000053	-0,000067
0,125000	3,122592	297,600658	0,000657	1,000000	0,000080	-0,000001	-0,000080	1,000000	0,000001	0,000001	-0,000001	1,000000	27,753154	0,013576	0,011270	-0,000029	-0,000021	-0,005154	27,753045	0,011240	0,011189	-0,031257	0,010641	0,011307	-0,031270	0,010659	0,011307	-0,031284	0,010677	0,011307	-0,031377	0,010806	0,011307	-0,031391	0,010824	0,011307	-0,031404	0,010842	0,011307	-0,004596	-0,000059	-0,000075
0,130000	3,261360	297,600717	0,000716	1,000000	0,000106	-0,000001	-0,000106	1,000000	0,000001	0,000001	-0,000001	1,000000	27,754029	0,015170	0,012142	-0,000027	-0,000022	-0,005158	27,753962	0,012160	0,012105	-0,030383	0,012240	0,012178	-0,030396	0,012256	0,012178	-0,030410	0,012273	0,012178	-0,030507	0,012394	0,012178	-0,030521	0,012411	0,012178	-0,030535	0,012428	0,012178	-0,006074	-0,000065	-0,000083
0,135000	3,400131	297,600779	0,000778	1,000000	0,000132	-0,000001	-0,000132	1,000000	0,000002	0,000001	-0,000002	1,000000	27,754457	0,016319	0,012568	-0,000027	-0,000023	-0,005160	27,754438	0,012639	0,012581	-0,029952	0,013388	0,012604	-0,029966	0,013404	0,012604	-0,029981	0,013421	0,012604	-0,030083	0,013540	0,012604	-0,030098	0,013557	0,012604	-0,030112	0,013573	0,012604	-0,007552	-0,000071	-0,000091
0,140000	3,538903	297,600843	0,000841	1,000000	0,000158	-0,000001	-0,000158	1,000000	0,000002	0,000001	-0,000002	1,000000	27,744030	0,016932	0,012447	-0,000028	-0,000025	-0,006599	27,753787	0,012582	0,012519	-0,041626	0,013205	0,012485	-0,041641	0,013222	0,012485	-0,041657	0,013240	0,012485	-0,041765	0,013365	0,012485	-0,041781	0,013383	0,012485	-0,041796	0,013400	0,012485	-0,009035	-0,000078	-0,000099
0,145000	3,677582	297,600904	0,000902	1,000000	0,000196	-0,000001	-0,000196	1,000000	0,000002	0,000001	-0,000002	1,000000	27,734735	0,017481	0,011912	-0,000031	-0,000027	-0,007699	27,734803	0,012108	0,012019	-0,051871	0,013139	0,011954	-0,051887	0,013158	0,011954	-0,051904	0,013178	0,011954	-0,052021	0,013317	0,011954	-0,052038	0,013337	0,011954	-0,052054	0,013355	0,011954	-0,011233	-0,000085	-0,000108
0,150000	3,816254	297,600963	0,000960	1,000000	0,000235	-0,000002	-0,000235	1,000000	0,000002	0,000002	-0,000002	1,000000	27,733978	0,017798	0,011151	-0,000034	-0,000029	-0,007696	27,734060	0,011371	0,011275	-0,052618	0,013448	0,011197	-0,052635	0,013468	0,011197	-0,052654	0,013490	0,011197	-0,052781	0,013641	0,011197	-0,052799	0,013663	0,011197	-0,052816	0,013684	0,011197	-0,013438	-0,000093	-0,000117
0,155000	3,954922	297,601017	0,001014	1,000000	0,000273	-0,000002	-0,000273	1,000000	0,000002	0,000002	-0,000002	1,000000	27,733308	0,018202	0,010477	-0,000036	-0,000031	-0,007693	27,733367	0,010685	0,010582	-0,053279	0,013846	0,010526	-0,053297	0,013867	0,010526	-0,053317	0,013891	0,010526	-0,053453	0,014051	0,010526	-0,053472	0,014075	0,010526	-0,053491	0,014096	0,010526	-0,015643	-0,000102	-0,000127
0,160000	4,093587	297,601069	0,001066	1,000000	0,000312	-0,000002	-0,000312	1,000000	0,000002	0,000002	-0,000002	1,000000	27,722617	0,018905	0,010092	-0,000037	-0,000032	-0,009130	27,732364	0,010278	0,010167	-0,065215	0,013756	0,010142	-0,065234	0,013779	0,010142	-0,065255	0,013802	0,010142	-0,065397	0,013965	0,010142	-0,065417	0,013989	0,010142	-0,065436	0,014011	0,010142	-0,017851	-0,000111	-0,000138
0,165000	4,232160	297,601121	0,001117	1,000000	0,000363	-0,000002	-0,000363	1,000000	0,000003	0,000002	-0,000003	1,000000	27,713916	0,020402	0,010151	-0,000036	-0,000033	-0,010230	27,713896	0,010326	0,010183	-0,074870	0,014652	0,010200	-0,074889	0,014673	0,010200	-0,074911	0,014696	0,010200	-0,075057	0,014854	0,010200	-0,075078	0,014877	0,010200	-0,075098	0,014898	0,010200	-0,020774	-0,000120	-0,000148
0,170000	4,370730	297,601173	0,001169	1,000000	0,000414	-0,000002	-0,000414	1,000000	0,000003	0,000002	-0,000003	1,000000	27,714348	0,022262	0,010579	-0,000032	-0,000034	-0,010230	27,714300	0,010740	0,010587	-0,074435	0,016525	0,010625	-0,074456	0,016544	0,010625	-0,074477	0,016565	0,010625	-0,074626	0,016706	0,010625	-0,074648	0,016726	0,010625	-0,074668	0,016745	0,010625	-0,023705	-0,000130	-0,000158
0,175000	4,509304	297,601229	0,001223	1,000000	0,000465	-0,000002	-0,000465	1,000000	0,000003	0,000002	-0,000003	1,000000	27,715003	0,024344	0,011229	-0,000027	-0,000034	-0,010230	27,714942	0,011390	0,011228	-0,073781	0,018625	0,011271	-0,073801	0,018641	0,011271	-0,073823	0,018658	0,011271	-0,073972	0,018776	0,011271	-0,073994	0,018793	0,011271	-0,074014	0,018809	0,011271	-0,026636	-0,000140	-0,000166
0,180000	4,647880	297,601288	0,001281	1,000000	0,000516	-0,000003	-0,000516	1,000000	0,000003	0,000003	-0,000003	1,000000	27,705267	0,026356	0,011799	-0,000022	-0,000034	-0,011669	27,714951	0,011997	0,011825	-0,084767	0,019864	0,011836	-0,084788	0,019876	0,011836	-0,084810	0,019890	0,011836	-0,084960	0,019986	0,011836	-0,084982	0,019999	0,011836	-0,085003	0,020012	0,011836	-0,029571	-0,000149	-0,000173
0,185000	4,786367	297,601349	0,001342	1,000000	0,000580	-0,000003	-0,000580	1,000000	0,000003	0,000003	-0,000003	1,000000	27,696770	0,028411	0,012062	-0,000018	-0,000035	-0,012768	27,696773	0,012342	0,012130	-0,094218	0,021328	0,012096	-0,094239	0,021338	0,012096	-0,094261	0,021349	0,012096	-0,094415	0,021428	0,012096	-0,094437	0,021439	0,012096	-0,094458	0,021450	0,012096	-0,033222	-0,000159	-0,000179
0,190000	4,924851	297,601411	0,001402	1,000000	0,000644	-0,000003	-0,000644	1,000000	0,000003	0,000003	-0,000003	1,000000	27,696526	0,029949	0,011814	-0,000015	-0,000036	-0,012764	27,696588	0,012169	0,011944	-0,094455	0,022878	0,011847	-0,094476	0,022887	0,011847	-0,094499	0,022896	0,011847	-0,094658	0,022961	0,011847	-0,094681	0,022971	0,011847	-0,094702	0,022980	0,011847	-0,036879	-0,000169	-0,000183
0,195000	5,063332	297,601470	0,001460	1,000000	0,000707	-0,000003	-0,000707	1,000000	0,000003	0,000003	-0,000003	1,000000	27,695788	0,030993	0,011073	-0,000013	-0,000037	-0,012758	27,695895	0,011489	0,011251	-0,095182	0,023930	0,011105	-0,095205	0,023938	0,011105	-0,095229	0,023946	0,011105	-0,095393	0,024006	0,011105	-0,095417	0,024014	0,011105	-0,095440	0,024022	0,011105	-0,040535	-0,000180	-0,000187
0,200000	5,201807	297,601524	0,001513	1,000000	0,000771	-0,000003	-0,000771	1,000000	0,000003	0,000003	-0,000003	1,000000	27,684350	0,031655	0,009939	-0,000013	-0,000039	-0,014189	27,694210	0,010409	0,010156	-0,107860	0,023805	0,009973	-0,107883	0,023813	0,009973	-0,107908	0,023821	0,009973	-0,108082	0,023881	0,009973	-0,108107	0,023889	0,009973	-0,108130	0,023897	0,009973	-0,044193	-0,000191	-0,000191
0,205000	5,340186	297,601572	0,001560	1,000000	0,000848	-0,000004	-0,000848	1,000000	0,000003	0,000004	-0,000003	1,000000	27,674351	0,032561	0,008701	-0,000014	-0,000041	-0,015282	27,674488	0,009221	0,008918	-0,118802	0,024107	0,008736	-0,118827	0,024116	0,008736	-0,118853	0,024125	0,008736	-0,119035	0,024186	0,008736	-0,119062	0,024195	0,008736	-0,119086	0,024203	0,008736	-0,048565	-0,000202	-0,000195
0,210000	5,478555	297,601615	0,001601	1,000000	0,000924	-0,000004	-0,000924	1,000000	0,000003	0,000004	-0,000003	1,000000	27,673256	0,033599	0,007602	-0,000013	-0,000043	-0,015274	27,673372	0,008123	0,007802	-0,119885	0,025154	0,007637	-0,119911	0,025161	0,007637	-0,119938	0,025170	0,007637	-0,120127	0,025227	0,007637	-0,120154	0,025235	0,007637	-0,120180	0,025243	0,007637	-0,052942	-0,000214	-0,000199
0,215000	5,616920	297,601653	0,001638	0,999999	0,001000	-0,000004	-0,001000	0,999999	0,000004	0,000004	-0,000004	1,000000	27,672554	0,035031	0,006897	-0,000010	-0,000044	-0,015266	27,672624	0,007395	0,007055	-0,120577	0,026599	0,006930	-0,120603	0,026605	0,006930	-0,120631	0,026612	0,006930	-0,120824	0,026657	0,006930	-0,120852	0,026663	0,006930	-0,120878	0,026669	0,006930	-0,057317	-0,000227	-0,000202
0,220000	5,755281	297,601689	0,001672	0,999999	0,001077	-0,000004	-0,001077	0,999999	0,000004	0,000004	-0,000004	1,000000	27,661989	0,036918	0,006638	-0,000006	-0,000044	-0,016700	27,671740	0,007120	0,006761	-0,132386	0,027714	0,006667	-0,132413	0,027717	0,006667	-0,132441	0,027721	0,006667	-0,132637	0,027745	0,006667	-0,132666	0,027749	0,006667	-0,132692	0,027752	0,006667	-0,061694	-0,000239	-0,000205
0,225000	5,893552	297,601725	0,001706	0,999999	0,001166	-0,000004	-0,001166	0,999999	0,000004	0,000004	-0,000004	1,000000	27,653376	0,039561	0,006786	0,000000	-0,000045	-0,017796	27,653375	0,007296	0,006879	-0,141951	0,029775	0,006810	-0,141978	0,029775	0,006810	-0,142007	0,029775	0,006810	-0,142205	0,029772	0,006810	-0,142233	0,029772	0,006810	-0,142260	0,029772	0,006810	-0,066786	-0,000252	-0,000205
0,230000	6,031819	297,601763	0,001741	0,999999	0,001255	-0,000005	-0,001255	0,999999	0,000004	0,000005	-0,000004	1,000000	27,653691	0,042362	0,007098	0,000008	-0,000045	-0,017790	27,653691	0,007634	0,007195	-0,141632	0,032605	0,007116	-0,141659	0,032600	0,007116	-0,141688	0,032595	0,007116	-0,141885	0,032560	0,007116	-0,141914	0,032555	0,007116	-0,141941	0,032550	0,007116	-0,071883	-0,000265	-0,000204
0,235000	6,170089	297,601802	0,001778	0,999999	0,001344	-0,000005	-0,001344	0,999999	0,000004	0,000005	-0,000004	1,000000	27,653935	0,045091	0,007339	0,000015	-0,000045	-0,017784	27,653955	0,007920	0,007458	-0,141383	0,035362	0,007351	-0,141410	0,035353	0,007351	-0,141439	0,035343	0,007351	-0,141637	0,035276	0,007351	-0,141665	0,035267	0,007351	-0,141692	0,035258	0,007351	-0,076979	-0,000278	-0,000201
0,240000	6,308358	297,601842	0,001815	0,999999	0,001433	-0,000005	-0,001433	0,999999	0,000003	0,000005	-0,000003	1,000000	27,643519	0,047480	0,007231	0,000021	-0,000046	-0,019216	27,653309	0,007887	0,007401	-0,153042	0,036983	0,007238	-0,153069	0,036971	0,007238	-0,153098	0,036957	0,007238	-0,153300	0,036865	0,007238	-0,153329	0,036852	0,007238	-0,153356	0,036839	0,007238	-0,082077	-0,000291	-0,000196
0,245000	6,446535	297,601880	0,001851	0,999999	0,001534	-0,000005	-0,001534	0,999999	0,000003	0,000005	-0,000003	1,000000	27,634201	0,049771	0,006675	0,000024	-0,000047	-0,020308	27,634320	0,007452	0,006896	-0,163305	0,038686	0,006680	-0,163333	0,038671	0,006680	-0,163363	0,038655	0,006680	-0,163571	0,038547	0,006680	-0,163601	0,038532	0,006680	-0,163629	0,038517	0,006680	-0,087890	-0,000304	-0,000189
0,250000	6,584703	297,601915	0,001883	0,999999	0,001635	-0,000006	-0,001635	0,999999	0,000003	0,000006	-0,000003	1,000000	27,633188	0,051595	0,005660	0,000027	-0,000049	-0,020297	27,633353	0,006517	0,005931	-0,164303	0,040525	0,005664	-0,164332	0,040509	0,005664	-0,164363	0,040491	0,005664	-0,164578	0,040373	0,005664	-0,164609	0,040356	0,005664	-0,164638	0,040340	0,005664	-0,093706	-0,000318	-0,000182
0,255000	6,722866	297,601944	0,001909	0,999998	0,001737	-0,000006	-0,001737	0,999998	0,000003	0,000006	-0,000003	1,000000	27,631924	0,053168	0,004395	0,000028	-0,000050	-0,020284	27,632104	0,005300	0,004684	-0,165549	0,042109	0,004398	-0,165580	0,042092	0,004398	-0,165612	0,042074	0,004398	-0,165835	0,041950	0,004398	-0,165867	0,041932	0,004398	-0,165898	0,041915	0,004398	-0,099519	-0,000332	-0,000174
0,260000	6,861022	297,601966	0,001928	0,999998	0,001838	-0,000006	-0,001838	0,999998	0,000003	0,000006	-0,000003	1,000000	27,620332	0,054732	0,003111	0,000029	-0,000053	-0,021711	27,630227	0,004047	0,003400	-0,178375	0,042891	0,003115	-0,178407	0,042874	0,003115	-0,178441	0,042855	0,003115	-0,178673	0,042727	0,003115	-0,178707	0,042708	0,003115	-0,178738	0,042691	0,003115	-0,105332	-0,000347	-0,000166
0,265000	6,999082	297,601984	0,001942	0,999998	0,001952	-0,000006	-0,001952	0,999998	0,000003	0,000006	-0,000003	1,000000	27,610575	0,056935	0,002119	0,000031	-0,000054	-0,022800	27,610713	0,003106	0,002372	-0,189073	0,044501	0,002122	-0,189106	0,044482	0,002122	-0,189141	0,044463	0,002122	-0,189381	0,044327	0,002122	-0,189416	0,044307	0,002122	-0,189448	0,044289	0,002122	-0,111859	-0,000362	-0,000157
0,270000	7,137133	297,601997	0,001952	0,999998	0,002066	-0,000007	-0,002066	0,999998	0,000003	0,000007	-0,000003	1,000000	27,610029	0,059578	0,001573	0,000035	-0,000056	-0,022789	27,610126	0,002557	0,001787	-0,189605	0,047163	0,001573	-0,189639	0,047142	0,001573	-0,189674	0,047120	0,001573	-0,189920	0,046968	0,001573	-0,189955	0,046946	0,001573	-0,189989	0,046925	0,001573	-0,118389	-0,000378	-0,000148
0,275000	7,275184	297,602010	0,001960	0,999998	0,002180	-0,000007	-0,002180	0,999998	0,000002	0,000007	-0,000002	1,000000	27,610013	0,062749	0,001556	0,000040	-0,000056	-0,022779	27,610063	0,002529	0,001725	-0,189611	0,050359	0,001553	-0,189645	0,050335	0,001553	-0,189681	0,050309	0,001553	-0,189929	0,050132	0,001553	-0,189965	0,050106	0,001553	-0,189999	0,050082	0,001553	-0,124916	-0,000394	-0,000138
0,280000	7,413234	297,602024	0,001970	0,999997	0,002294	-0,000007	-0,002294	0,999997	0,000002	0,000007	-0,000002	1,000000	27,600068	0,066311	0,001921	0,000047	-0,000057	-0,024209	27,609820	0,002911	0,002071	-0,200798	0,053157	0,001912	-0,200832	0,053129	0,001912	-0,200869	0,053099	0,001912	-0,201120	0,052892	0,001912	-0,201157	0,052862	0,001912	-0,201191	0,052834	0,001912	-0,131445	-0,000410	-0,000125
0,285000	7,551197	297,602040	0,001982	0,999997	0,002421	-0,000007	-0,002421	0,999997	0,000002	0,000007	-0,000002	1,000000	27,591851	0,070405	0,002471	0,000054	-0,000058	-0,025301	27,591884	0,003557	0,002619	-0,209962	0,056675	0,002456	-0,209997	0,056642	0,002456	-0,210034	0,056608	0,002456	-0,210289	0,056370	0,002456	-0,210326	0,056336	0,002456	-0,210360	0,056304	0,002456	-0,138687	-0,000426	-0,000111
0,290000	7,689157	297,602060	0,001996	0,999997	0,002547	-0,000008	-0,002547	0,999997	0,000002	0,000008	-0,000002	1,000000	27,592272	0,074366	0,002894	0,000060	-0,000059	-0,025291	27,592341	0,004053	0,003077	-0,209528	0,060664	0,002874	-0,209564	0,060628	0,002874	-0,209601	0,060589	0,002874	-0,209861	0,060323	0,002874	-0,209899	0,060284	0,002874	-0,209934	0,060248	0,002874	-0,145934	-0,000443	-0,000094
0,295000	7,827120	297,602081	0,002012	0,999996	0,002673	-0,000008	-0,002673	0,999996	0,000001	0,000008	-0,000001	1,000000	27,592377	0,078010	0,003001	0,000065	-0,000060	-0,025279	27,592492	0,004244	0,003228	-0,209407	0,064332	0,002977	-0,209444	0,064293	0,002977	-0,209482	0,064251	0,002977	-0,209749	0,063962	0,002977	-0,209788	0,063920	0,002977	-0,209824	0,063881	0,002977	-0,153178	-0,000460	-0,000076
0,300000	7,965082	297,602101	0,002028	0,999996	0,002800	-0,000008	-0,002800	0,999996	0,000001	0,000008	-0,000001	1,000000	27,592030	0,081201	0,002657	0,000068	-0,000063	-0,025265	27,592203	0,003997	0,002940	-0,209734	0,067541	0,002632	-0,209772	0,067500	0,002632	-0,209812	0,067456	0,002632	-0,210089	0,067155	0,002632	-0,210129	0,067111	0,002632	-0,210166	0,067070	0,002632	-0,160418	-0,000478	-0,000057
0,305000	8,103041	297,602119	0,002041	0,999996	0,002926	-0,000009	-0,002926	0,999996	0,000001	0,000009	-0,000001	1,000000	27,591328	0,084035	0,001957	0,000069	-0,000065	-0,025249	27,591535	0,003375	0,002276	-0,210414	0,070387	0,001933	-0,210453	0,070345	0,001933	-0,210495	0,070301	0,001933	-0,210784	0,069995	0,001933	-0,210825	0,069951	0,001933	-0,210865	0,069909	0,001933	-0,167653	-0,000496	-0,000038
0,310000	8,240996	297,602134	0,002050	0,999995	0,003052	-0,000009	-0,003052	0,999995	0,000000	0,000009	0,000000	1,000000	27,590433	0,086675	0,001065	0,000069	-0,000068	-0,025233	27,590659	0,002546	0,001403	-0,211284	0,073035	0,001043	-0,211325	0,072994	0,001043	-0,211369	0,072950	0,001043	-0,211671	0,072644	0,001043	-0,211714	0,072600	0,001043	-0,211755	0,072558	0,001043	-0,174884	-0,000515	-0,000018
0,315000	8,378947	297,602144	0,002054	0,999995	0,003178	-0,000009	-0,003178	0,999995	0,000000	0,000009	0,000000	1,000000	27,589655	0,089430	0,000291	0,000069	-0,000071	-0,025217	27,589864	0,001797	0,000612	-0,212038	0,075799	0,000270	-0,212081	0,075758	0,000270	-0,212126	0,075714	0,000270	-0,212441	0,075408	0,000270	-0,212486	0,075364	0,000270	-0,212529	0,075323	0,000270	-0,182111	-0,000535	0,000002
0,320000	8,516894	297,602152	0,002056	0,999995	0,003304	-0,000010	-0,003304	0,999995	0,000000	0,000010	0,000000	1,000000	27,589215	0,092522	-0,000146	0,000070	-0,000074	-0,025201	27,589394	0,001373	0,000145	-0,212455	0,078902	-0,000166	-0,212500	0,078860	-0,000166	-0,212547	0,078816	-0,000166	-0,212873	0,078507	-0,000166	-0,212920	0,078462	-0,000166	-0,212965	0,078420	-0,000166	-0,189332	-0,000556	0,000022
0,325000	8,654841	297,602159	0,002056	0,999994	0,003430	-0,000010	-0,003430	0,999994	-0,000001	0,000010	0,000001	1,000000	27,589304	0,096141	-0,000054	0,000072	-0,000076	-0,025187	27,589437	0,001458	0,000189	-0,212346	0,082538	-0,000075	-0,212392	0,082494	-0,000075	-0,212441	0,082448	-0,000075	-0,212777	0,082128	-0,000075	-0,212826	0,082081	-0,000075	-0,212871	0,082038	-0,000075	-0,196550	-0,000578	0,000042
0,330000	8,792790	297,602168	0,002059	0,999994	0,003556	-0,000010	-0,003556	0,999994	-0,000001	0,000010	0,000001	1,000000	27,589888	0,100253	0,000533	0,000076	-0,000078	-0,025175	27,589993	0,002052	0,000745	-0,211745	0,086671	0,000510	-0,211792	0,086625	0,000510	-0,211841	0,086576	0,000510	-0,212186	0,086238	0,000510	-0,212236	0,086189	0,000510	-0,212283	0,086143	0,000510	-0,203764	-0,000600	0,000063
0,335000	8,930743	297,602181	0,002065	0,999993	0,003682	-0,000011	-0,003682	0,999993	-0,000001	0,000011	0,000002	1,000000	27,590850	0,104742	0,001499	0,000082	-0,000080	-0,025163	27,590941	0,003035	0,001691	-0,210766	0,091184	0,001472	-0,210814	0,091135	0,001472	-0,210865	0,091083	0,001472	-0,211218	0,090722	0,001472	-0,211269	0,090670	0,001472	-0,211317	0,090621	0,001472	-0,210974	-0,000622	0,000086
0,340000	9,068700	297,602199	0,002077	0,999993	0,003808	-0,000011	-0,003808	0,999993	-0,000002	0,000011	0,000002	1,000000	27,591897	0,109315	0,002550	0,000087	-0,000082	-0,025151	27,592012	0,004140	0,002759	-0,209701	0,095781	0,002519	-0,209750	0,095729	0,002519	-0,209803	0,095674	0,002519	-0,210165	0,095290	0,002519	-0,210217	0,095235	0,002519	-0,210266	0,095183	0,002519	-0,218181	-0,000645	0,000110
0,345000	9,206663	297,602223	0,002093	0,999992	0,003934	-0,000012	-0,003934	0,999992	-0,000002	0,000012	0,000002	1,000000	27,592790	0,113731	0,003445	0,000091	-0,000084	-0,025138	27,592945	0,005107	0,003689	-0,208789	0,100219	0,003412	-0,208840	0,100164	0,003412	-0,208894	0,100106	0,003412	-0,209267	0,099704	0,003412	-0,209321	0,099646	0,003412	-0,209372	0,099592	0,003412	-0,225384	-0,000669	0,000135
0,350000	9,344630	297,602250	0,002114	0,999992	0,004059	-0,000012	-0,004059	0,999992	-0,000003	0,000012	0,000003	1,000000	27,593285	0,117749	0,003944	0,000093	-0,000088	-0,025123	27,593506	0,005703	0,004248	-0,208269	0,104253	0,003911	-0,208322	0,104197	0,003911	-0,208378	0,104137	0,003911	-0,208765	0,103726	0,003911	-0,208821	0,103666	0,003911	-0,208874	0,103610	0,003911	-0,232584	-0,000694	0,000161
0,355000	9,482598	297,602280	0,002136	0,999991	0,004185	-0,000013	-0,004185	0,999991	-0,000003	0,000013	0,000003	1,000000	27,593355	0,121339	0,004017	0,000093	-0,000091	-0,025106	27,593629	0,005866	0,004372	-0,208172	0,107853	0,003986	-0,208227	0,107796	0,003986	-0,208286	0,107737	0,003986	-0,208690	0,107324	0,003986	-0,208748	0,107264	0,003986	-0,208803	0,107208	0,003986	-0,239779	-0,000719	0,000188
0,360000	9,620566	297,602308	0,002157	0,999991	0,004310	-0,000013	-0,004310	0,999991	-0,000004	0,000013	0,000004	1,000000	27,593054	0,124556	0,003719	0,000092	-0,000096	-0,025087	27,593374	0,005654	0,004119	-0,208442	0,111075	0,003692	-0,208500	0,111020	0,003692	-0,208561	0,110961	0,003692	-0,208984	0,110555	0,003692	-0,209045	0,110496	0,003692	-0,209103	0,110441	0,003692	-0,246968	-0,000746	0,000215
0,365000	9,758531	297,602336	0,002176	0,999990	0,004436	-0,000014	-0,004436	0,999990	-0,000004	0,000014	0,000004	1,000000	27,592640	0,127658	0,003308	0,000090	-0,000100	-0,025068	27,592971	0,005295	0,003718	-0,208824	0,114181	0,003285	-0,208884	0,114127	0,003285	-0,208948	0,114069	0,003285	-0,209391	0,113672	0,003285	-0,209455	0,113615	0,003285	-0,209516	0,113561	0,003285	-0,254153	-0,000774	0,000240
0,370000	9,896495	297,602361	0,002194	0,999990	0,004561	-0,000014	-0,004561	0,999990	-0,000005	0,000014	0,000005	1,000000	27,592349	0,130882	0,003020	0,000088	-0,000105	-0,025049	27,592675	0,005041	0,003423	-0,209083	0,117408	0,003001	-0,209146	0,117356	0,003001	-0,209213	0,117299	0,003001	-0,209675	0,116910	0,003001	-0,209742	0,116854	0,003001	-0,209804	0,116801	0,003001	-0,261331	-0,000804	0,000266
0,375000	10,034459	297,602387	0,002211	0,999989	0,004686	-0,000015	-0,004686	0,999989	-0,000005	0,000015	0,000005	1,000000	27,592453	0,134498	0,003127	0,000088	-0,000109	-0,025031	27,592746	0,005152	0,003495	-0,208949	0,121033	0,003110	-0,209015	0,120980	0,003110	-0,209084	0,120924	0,003110	-0,209564	0,120537	0,003110	-0,209633	0,120481	0,003110	-0,209698	0,120429	0,003110	-0,268505	-0,000834	0,000291
0,380000	10,172424	297,602414	0,002230	0,999988	0,004811	-0,000015	-0,004811	0,999988	-0,000006	0,000015	0,000006	1,000000	27,593031	0,138585	0,003707	0,000089	-0,000112	-0,025014	27,593298	0,005740	0,004045	-0,208344	0,125134	0,003692	-0,208411	0,125081	0,003692	-0,208483	0,125024	0,003692	-0,208979	0,124632	0,003692	-0,209051	0,124575	0,003692	-0,209118	0,124522	0,003692	-0,275673	-0,000866	0,000316
0,385000	10,310393	297,602446	0,002253	0,999988	0,004936	-0,000016	-0,004936	0,999988	-0,000006	0,000016	0,000006	1,000000	27,594076	0,143139	0,004755	0,000092	-0,000115	-0,024997	27,594323	0,006795	0,005066	-0,207273	0,129707	0,004739	-0,207342	0,129652	0,004739	-0,207416	0,129593	0,004739	-0,207926	0,129187	0,004739	-0,208000	0,129129	0,004739	-0,208069	0,129073	0,004739	-0,282837	-0,000898	0,000341
0,390000	10,448369	297,602483	0,002282	0,999987	0,005061	-0,000016	-0,005061	0,999987	-0,000006	0,000016	0,000007	1,000000	27,595366	0,147933	0,006047	0,000096	-0,000119	-0,024981	27,595626	0,008125	0,006363	-0,205958	0,134524	0,006029	-0,206030	0,134467	0,006029	-0,206105	0,134406	0,006029	-0,206630	0,133982	0,006029	-0,206706	0,133921	0,006029	-0,206777	0,133864	0,006029	-0,289995	-0,000932	0,000368
0,395000	10,586351	297,602528	0,002318	0,999987	0,005186	-0,000017	-0,005186	0,999987	-0,000007	0,000017	0,000007	1,000000	27,596661	0,152732	0,007344	0,000100	-0,000122	-0,024964	27,596957	0,009480	0,007686	-0,204636	0,139346	0,007325	-0,204709	0,139286	0,007325	-0,204788	0,139223	0,007325	-0,205327	0,138782	0,007325	-0,205406	0,138718	0,007325	-0,205479	0,138658	0,007325	-0,297149	-0,000966	0,000396
0,400000	10,724339	297,602579	0,002360	0,999986	0,005311	-0,000018	-0,005311	0,999986	-0,000007	0,000017	0,000008	1,000000	27,597657	0,157230	0,008343	0,000103	-0,000126	-0,024945	27,598020	0,010571	0,008744	-0,203610	0,143864	0,008323	-0,203686	0,143802	0,008323	-0,203766	0,143737	0,008323	-0,204323	0,143283	0,008323	-0,204404	0,143218	0,008323	-0,204479	0,143156	0,008323	-0,304298	-0,001002	0,000425
0,405000	10,862331	297,602634	0,002405	0,999985	0,005436	-0,000018	-0,005436	0,999985	-0,000008	0,000018	0,000008	1,000000	27,598213	0,161284	0,008900	0,000104	-0,000130	-0,024924	27,598645	0,011226	0,009364	-0,203021	0,147933	0,008881	-0,203099	0,147871	0,008881	-0,203183	0,147805	0,008881	-0,203759	0,147346	0,008881	-0,203843	0,147280	0,008881	-0,203921	0,147218	0,008881	-0,311442	-0,001038	0,000454
0,410000	11,000325	297,602691	0,002453	0,999985	0,005560	-0,000019	-0,005560	0,999985	-0,000008	0,000019	0,000009	1,000000	27,598264	0,164830	0,008952	0,000103	-0,000135	-0,024901	27,598766	0,011384	0,009485	-0,202933	0,151490	0,008937	-0,203015	0,151428	0,008937	-0,203101	0,151362	0,008937	-0,203699	0,150907	0,008937	-0,203786	0,150841	0,008937	-0,203867	0,150779	0,008937	-0,318579	-0,001076	0,000484
0,415000	11,138318	297,602747	0,002500	0,999984	0,005685	-0,000020	-0,005685	0,999984	-0,000009	0,000019	0,000009	1,000000	27,597973	0,168032	0,008662	0,000101	-0,000141	-0,024876	27,598518	0,011176	0,009236	-0,203184	0,154700	0,008651	-0,203269	0,154639	0,008651	-0,203359	0,154574	0,008651	-0,203980	0,154127	0,008651	-0,204070	0,154062	0,008651	-0,204154	0,154001	0,008651	-0,325709	-0,001116	0,000513
0,420000	11,276309	297,602802	0,002545	0,999983	0,005809	-0,000020	-0,005809	0,999983	-0,000009	0,000020	0,000010	1,000000	27,597546	0,171096	0,008236	0,000099	-0,000146	-0,024850	27,598114	0,010815	0,008835	-0,203571	0,157770	0,008230	-0,203658	0,157710	0,008230	-0,203751	0,157647	0,008230	-0,204395	0,157209	0,008230	-0,204489	0,157146	0,008230	-0,204576	0,157086	0,008230	-0,332832	-0,001157	0,000541
0,425000	11,414299	297,602855	0,002588	0,999982	0,005933	-0,000021	-0,005933	0,999982	-0,000010	0,000021	0,000010	1,000000	27,597292	0,174328	0,007983	0,000098	-0,000151	-0,024824	27,597849	0,010591	0,008571	-0,203785	0,161012	0,007980	-0,203876	0,160953	0,007980	-0,203972	0,160891	0,007980	-0,204638	0,160459	0,007980	-0,204734	0,160396	0,007980	-0,204825	0,160338	0,007980	-0,339947	-0,001199	0,000569
0,430000	11,552288	297,602908	0,002631	0,999982	0,006057	-0,000022	-0,006057	0,999982	-0,000010	0,000022	0,000011	1,000000	27,597386	0,177905	0,008077	0,000098	-0,000155	-0,024799	27,597927	0,010706	0,008648	-0,203654	0,164604	0,008077	-0,203747	0,164546	0,008077	-0,203847	0,164483	0,008077	-0,204532	0,164049	0,008077	-0,204631	0,163987	0,008077	-0,204724	0,163928	0,008077	-0,347055	-0,001243	0,000597
0,435000	11,690279	297,602964	0,002675	0,999981	0,006181	-0,000023	-0,006181	0,999981	-0,000011	0,000022	0,000011	1,000000	27,597944	0,181944	0,008635	0,000101	-0,000159	-0,024774	27,598463	0,011272	0,009179	-0,203062	0,168665	0,008635	-0,203157	0,168604	0,008635	-0,203259	0,168540	0,008635	-0,203961	0,168096	0,008635	-0,204062	0,168031	0,008635	-0,204158	0,167971	0,008635	-0,354156	-0,001288	0,000625
0,440000	11,828274	297,603023	0,002724	0,999980	0,006305	-0,000023	-0,006305	0,999980	-0,000011	0,000023	0,000012	1,000000	27,598849	0,186326	0,009540	0,000105	-0,000162	-0,024750	27,599372	0,012207	0,010082	-0,202124	0,173075	0,009538	-0,202221	0,173012	0,009538	-0,202325	0,172945	0,009538	-0,203042	0,172482	0,009538	-0,203146	0,172415	0,009538	-0,203243	0,172352	0,009538	-0,361250	-0,001333	0,000654
0,445000	11,966274	297,603087	0,002778	0,999979	0,006429	-0,000024	-0,006429	0,999979	-0,000012	0,000024	0,000012	1,000000	27,599923	0,190875	0,010614	0,000110	-0,000165	-0,024725	27,600469	0,013327	0,011171	-0,201017	0,177655	0,010610	-0,201116	0,177589	0,010610	-0,201222	0,177519	0,010610	-0,201953	0,177033	0,010610	-0,202059	0,176963	0,010610	-0,202158	0,176897	0,010610	-0,368336	-0,001380	0,000684
0,450000	12,104280	297,603157	0,002836	0,999979	0,006552	-0,000025	-0,006552	0,999979	-0,000013	0,000025	0,000013	1,000000	27,600853	0,195275	0,011543	0,000115	-0,000169	-0,024699	27,601458	0,014340	0,012153	-0,200053	0,182086	0,011536	-0,200155	0,182017	0,011536	-0,200263	0,181944	0,011536	-0,201009	0,181436	0,011536	-0,201117	0,181363	0,011536	-0,201218	0,181294	0,011536	-0,375416	-0,001428	0,000716
0,455000	12,242289	297,603231	0,002899	0,999978	0,006676	-0,000026	-0,006676	0,999978	-0,000013	0,000026	0,000013	1,000000	27,601422	0,199311	0,012112	0,000119	-0,000172	-0,024671	27,602097	0,015007	0,012787	-0,199447	0,186151	0,012103	-0,199551	0,186080	0,012103	-0,199661	0,186004	0,012103	-0,200423	0,185479	0,012103	-0,200534	0,185403	0,012103	-0,200637	0,185331	0,012103	-0,382488	-0,001477	0,000749
0,460000	12,380300	297,603306	0,002964	0,999977	0,006799	-0,000027	-0,006799	0,999977	-0,000014	0,000027	0,000014	1,000000	27,601453	0,202806	0,012143	0,000121	-0,000177	-0,024641	27,602213	0,015157	0,012900	-0,199375	0,189671	0,012135	-0,199481	0,189598	0,012135	-0,199594	0,189521	0,012135	-0,200374	0,188986	0,012135	-0,200487	0,188908	0,012135	-0,200593	0,188836	0,012135	-0,389551	-0,001527	0,000784
0,465000	12,518310	297,603381	0,003027	0,999976	0,006922	-0,000028	-0,006922	0,999976	-0,000014	0,000028	0,000014	1,000000	27,600999	0,205811	0,011688	0,000122	-0,000181	-0,024608	27,601822	0,014807	0,012511	-0,199785	0,192697	0,011681	-0,199894	0,192624	0,011681	-0,200010	0,192546	0,011681	-0,200810	0,192007	0,011681	-0,200926	0,191929	0,011681	-0,201034	0,191856	0,011681	-0,396606	-0,001578	0,000818
0,470000	12,656317	297,603453	0,003088	0,999975	0,007045	-0,000029	-0,007045	0,999975	-0,000015	0,000028	0,000015	1,000000	27,600189	0,208456	0,010877	0,000122	-0,000185	-0,024573	27,601061	0,014092	0,011753	-0,200550	0,195361	0,010873	-0,200661	0,195288	0,010873	-0,200780	0,195210	0,010873	-0,201599	0,194672	0,010873	-0,201718	0,194594	0,010873	-0,201829	0,194521	0,010873	-0,403651	-0,001630	0,000853
0,475000	12,794320	297,603521	0,003144	0,999974	0,007168	-0,000030	-0,007168	0,999974	-0,000015	0,000029	0,000016	1,000000	27,599321	0,211039	0,010008	0,000122	-0,000190	-0,024538	27,600204	0,013283	0,010901	-0,201372	0,197963	0,010006	-0,201486	0,197890	0,010006	-0,201607	0,197812	0,010006	-0,202446	0,197275	0,010006	-0,202567	0,197197	0,010006	-0,202681	0,197124	0,010006	-0,410685	-0,001684	0,000887
0,480000	12,932319	297,603586	0,003196	0,999973	0,007290	-0,000030	-0,007290	0,999973	-0,000016	0,000030	0,000016	1,000000	27,598630	0,213794	0,009315	0,000123	-0,000193	-0,024502	27,599508	0,012634	0,010209	-0,202020	0,200741	0,009315	-0,202136	0,200668	0,009315	-0,202260	0,200589	0,009315	-0,203115	0,200047	0,009315	-0,203239	0,199968	0,009315	-0,203355	0,199895	0,009315	-0,417710	-0,001739	0,000922
0,485000	13,070315	297,603648	0,003246	0,999973	0,007413	-0,000031	-0,007413	0,999973	-0,000017	0,000031	0,000017	1,000000	27,598340	0,216947	0,009024	0,000126	-0,000197	-0,024468	27,599195	0,012363	0,009898	-0,202269	0,203924	0,009023	-0,202387	0,203848	0,009023	-0,202512	0,203768	0,009023	-0,203381	0,203212	0,009023	-0,203507	0,203131	0,009023	-0,203625	0,203056	0,009023	-0,424724	-0,001795	0,000957
0,490000	13,208311	297,603710	0,003296	0,999972	0,007535	-0,000032	-0,007535	0,999972	-0,000017	0,000032	0,000018	1,000000	27,598462	0,220506	0,009145	0,000131	-0,000199	-0,024433	27,599309	0,012511	0,010010	-0,202109	0,207519	0,009140	-0,202228	0,207441	0,009140	-0,202356	0,207357	0,009140	-0,203235	0,206779	0,009140	-0,203363	0,206695	0,009140	-0,203482	0,206617	0,009140	-0,431729	-0,001851	0,000993
0,495000	13,346309	297,603774	0,003347	0,999971	0,007657	-0,000033	-0,007657	0,999971	-0,000018	0,000033	0,000018	1,000000	27,598918	0,224397	0,009600	0,000138	-0,000201	-0,024400	27,599769	0,013001	0,010466	-0,201615	0,211452	0,009591	-0,201736	0,211369	0,009591	-0,201865	0,211281	0,009591	-0,202754	0,210673	0,009591	-0,202882	0,210585	0,009591	-0,203003	0,210502	0,009591	-0,438724	-0,001908	0,001031
0,500000	13,484310	297,603841	0,003401	0,999970	0,007779	-0,000034	-0,007779	0,999970	-0,000019	0,000034	0,000019	1,000000	27,599441	0,228349	0,010122	0,000145	-0,000203	-0,024365	27,600332	0,013592	0,011024	-0,201056	0,215448	0,010108	-0,201178	0,215361	0,010108	-0,201308	0,215268	0,010108	-0,202205	0,214627	0,010108	-0,202335	0,214534	0,010108	-0,202457	0,214447	0,010108	-0,445709	-0,001966	0,001071
0,505000	13,622309	297,603910	0,003458	0,999969	0,007901	-0,000034	-0,007901	0,999969	-0,000019	0,000034	0,000020	1,000000	27,598301	0,232139	0,010521	0,000151	0,000439	-0,024538	27,599398	0,014042	0,011432	-0,204561	0,219164	0,010148	-0,204297	0,219073	0,010148	-0,204017	0,218977	0,010148	-0,202078	0,218310	0,010148	-0,201797	0,218214	0,010148	-0,201534	0,218123	0,010148	-0,452714	-0,001932	0,001114
0,510000	13,760302	297,603981	0,003515	0,999968	0,008024	-0,000030	-0,008024	0,999968	-0,000020	0,000030	0,000020	1,000000	27,596724	0,235520	0,010575	0,000155	0,001080	-0,024709	27,597903	0,014090	0,011434	-0,208500	0,222466	0,009845	-0,207852	0,222373	0,009845	-0,207160	0,222274	0,009845	-0,202385	0,221588	0,009845	-0,201693	0,221488	0,009845	-0,201045	0,221395	0,009845	-0,459768	-0,001714	0,001159
0,515000	13,898286	297,604050	0,003571	0,999967	0,008148	-0,000023	-0,008148	0,999967	-0,000021	0,000023	0,000021	1,000000	27,594648	0,238428	0,010220	0,000158	0,001722	-0,024878	27,595900	0,013640	0,010933	-0,212938	0,225290	0,009136	-0,211905	0,225195	0,009136	-0,210802	0,225094	0,009136	-0,203189	0,224397	0,009136	-0,202087	0,224296	0,009136	-0,201053	0,224201	0,009136	-0,466870	-0,001313	0,001207
0,520000	14,036258	297,604115	0,003623	0,999966	0,008273	-0,000013	-0,008273	0,999966	-0,000022	0,000013	0,000022	1,000000	27,592097	0,240887	0,009482	0,000158	0,002365	-0,025045	27,593415	0,012718	0,009956	-0,217851	0,227658	0,008044	-0,216432	0,227563	0,008044	-0,214918	0,227462	0,008044	-0,204466	0,226762	0,008044	-0,202953	0,226661	0,008044	-0,201534	0,226566	0,008044	-0,474021	-0,000727	0,001258
0,525000	14,174217	297,604176	0,003669	0,999965	0,008399	0,000001	-0,008399	0,999965	-0,000023	-0,000001	0,000023	1,000000	27,589308	0,243134	0,008598	0,000158	0,003008	-0,025212	27,590656	0,011530	0,008711	-0,223002	0,229811	0,006807	-0,221198	0,229716	0,006807	-0,219273	0,229615	0,006807	-0,205979	0,228919	0,006807	-0,204054	0,228818	0,006807	-0,202250	0,228724	0,006807	-0,481220	0,000043	0,001309
0,530000	14,312158	297,604230	0,003709	0,999964	0,008526	0,000016	-0,008526	0,999964	-0,000024	-0,000016	0,000024	1,000000	27,585031	0,245426	0,007760	0,000157	0,003008	-0,025586	27,586540	0,010343	0,007448	-0,227605	0,231896	0,005968	-0,225800	0,231802	0,005968	-0,223875	0,231701	0,005968	-0,210582	0,231006	0,005968	-0,208657	0,230905	0,005968	-0,206852	0,230811	0,005968	-0,488496	0,000904	0,001362
0,535000	14,450078	297,604278	0,003743	0,999963	0,008655	0,000031	-0,008655	0,999963	-0,000025	-0,000031	0,000024	1,000000	27,581055	0,248075	0,007225	0,000157	0,003008	-0,025962	27,582545	0,009430	0,006457	-0,231910	0,234336	0,005434	-0,230105	0,234242	0,005434	-0,228180	0,234142	0,005434	-0,214884	0,233450	0,005434	-0,212959	0,233349	0,005434	-0,211154	0,233255	0,005434	-0,495880	0,001766	0,001414
0,540000	14,587980	297,604324	0,003773	0,999961	0,008785	0,000046	-0,008785	0,999961	-0,000026	-0,000046	0,000025	1,000000	27,577504	0,251208	0,007120	0,000156	0,003009	-0,026340	27,578980	0,008944	0,005894	-0,235793	0,237257	0,005330	-0,233987	0,237164	0,005330	-0,232062	0,237064	0,005330	-0,218761	0,236377	0,005330	-0,216835	0,236277	0,005330	-0,215030	0,236184	0,005330	-0,503372	0,002628	0,001466
0,545000	14,725866	297,604368	0,003802	0,999960	0,008918	0,000061	-0,008918	0,999960	-0,000026	-0,000061	0,000026	1,000000	27,574425	0,254869	0,007491	0,000154	0,003011	-0,026719	27,575888	0,008928	0,005804	-0,239207	0,240703	0,005702	-0,237401	0,240611	0,005702	-0,235474	0,240513	0,005702	-0,222167	0,239834	0,005702	-0,220240	0,239735	0,005702	-0,218434	0,239643	0,005702	-0,510972	0,003491	0,001518
0,550000	14,863737	297,604414	0,003832	0,999959	0,009053	0,000076	-0,009053	0,999959	-0,000027	-0,000076	0,000027	1,000000	27,571637	0,258878	0,008157	0,000150	0,003012	-0,027100	27,573121	0,009235	0,006038	-0,242333	0,244489	0,006370	-0,240525	0,244400	0,006370	-0,238597	0,244304	0,006370	-0,225282	0,243643	0,006370	-0,223354	0,243547	0,006370	-0,221547	0,243457	0,006370	-0,518681	0,004354	0,001569
0,555000	15,001591	297,604461	0,003863	0,999958	0,009190	0,000092	-0,009190	0,999958	-0,000028	-0,000093	0,000027	1,000000	27,567436	0,263040	0,008955	0,000141	0,003658	-0,027689	27,569110	0,009658	0,006377	-0,249272	0,248296	0,006821	-0,247078	0,248212	0,006821	-0,244737	0,248122	0,006821	-0,228570	0,247500	0,006821	-0,226229	0,247410	0,006821	-0,224035	0,247326	0,006821	-0,526529	0,005309	0,001620
0,560000	15,139423	297,604510	0,003895	0,999956	0,009329	0,000112	-0,009329	0,999956	-0,000029	-0,000113	0,000028	1,000000	27,563006	0,267062	0,009620	0,000126	0,004303	-0,028278	27,564755	0,009898	0,006529	-0,256440	0,251945	0,007143	-0,253858	0,251869	0,007143	-0,251105	0,251789	0,007143	-0,232086	0,251230	0,007143	-0,229332	0,251149	0,007143	-0,226751	0,251073	0,007143	-0,534545	0,006450	0,001669
0,565000	15,277233	297,604560	0,003928	0,999955	0,009472	0,000135	-0,009472	0,999955	-0,000030	-0,000136	0,000029	1,000000	27,558185	0,270781	0,009989	0,000106	0,004948	-0,028865	27,560012	0,009765	0,006303	-0,263998	0,255270	0,007176	-0,261029	0,255207	0,007176	-0,257862	0,255139	0,007176	-0,235993	0,254672	0,007176	-0,232827	0,254604	0,007176	-0,229858	0,254541	0,007176	-0,542731	0,007775	0,001715
0,570000	15,415017	297,604607	0,003957	0,999954	0,009618	0,000162	-0,009618	0,999954	-0,000031	-0,000162	0,000029	1,000000	27,552877	0,274102	0,009967	0,000077	0,005592	-0,029451	27,554787	0,009168	0,005605	-0,272040	0,258170	0,006824	-0,268685	0,258124	0,006824	-0,265105	0,258074	0,006824	-0,240387	0,257734	0,006824	-0,236808	0,257684	0,006824	-0,233452	0,257638	0,006824	-0,551084	0,009285	0,001755
0,575000	15,552775	297,604650	0,003982	0,999952	0,009767	0,000191	-0,009767	0,999952	-0,000031	-0,000192	0,000029	1,000000	27,547216	0,277161	0,009690	0,000040	0,006237	-0,030036	27,549183	0,008206	0,004537	-0,280432	0,260780	0,006224	-0,276690	0,260756	0,006224	-0,272698	0,260730	0,006224	-0,245132	0,260551	0,006224	-0,241141	0,260525	0,006224	-0,237398	0,260501	0,006224	-0,559605	0,010980	0,001789
0,580000	15,690500	297,604688	0,004001	0,999951	0,009919	0,000223	-0,009919	0,999951	-0,000032	-0,000223	0,000029	1,000000	27,539905	0,280165	0,009297	-0,000002	0,006238	-0,030829	27,542058	0,007095	0,003293	-0,288437	0,263202	0,005868	-0,284694	0,263203	0,005868	-0,280702	0,263205	0,005868	-0,253130	0,263215	0,005868	-0,249138	0,263216	0,005868	-0,245395	0,263217	0,005868	-0,568323	0,012767	0,001812
0,585000	15,828188	297,604720	0,004014	0,999949	0,010075	0,000254	-0,010075	0,999949	-0,000032	-0,000254	0,000029	1,000000	27,532750	0,283447	0,009069	-0,000053	0,006239	-0,031622	27,534907	0,006118	0,002177	-0,296286	0,265871	0,005684	-0,292543	0,265903	0,005684	-0,288550	0,265937	0,005684	-0,260973	0,266172	0,005684	-0,256980	0,266206	0,005684	-0,253237	0,266238	0,005684	-0,577268	0,014555	0,001822
0,590000	15,965843	297,604748	0,004022	0,999948	0,010218	0,000234	-0,010218	0,999948	-0,000032	-0,000234	0,000030	1,000000	27,526812	0,286633	0,007641	0,000266	-0,010584	-0,026810	27,528808	0,005378	0,001252	-0,239999	0,272805	0,013231	-0,246349	0,272646	0,013231	-0,253122	0,272475	0,013231	-0,299902	0,271299	0,013231	-0,306676	0,271129	0,013231	-0,313026	0,270969	0,013231	-0,585469	0,013431	0,001851
0,595000	16,103473	297,604775	0,004027	0,999946	0,010354	0,000180	-0,010354	0,999946	-0,000033	-0,000180	0,000031	1,000000	27,522074	0,290306	0,005922	0,000254	-0,011239	-0,027423	27,524051	0,005311	0,000979	-0,243009	0,276101	0,011882	-0,249752	0,275948	0,011882	-0,256945	0,275786	0,011882	-0,306623	0,274661	0,011882	-0,313816	0,274499	0,011882	-0,320559	0,274346	0,011882	-0,593237	0,010305	0,001893
0,600000	16,241080	297,604802	0,004033	0,999945	0,010492	0,000122	-0,010492	0,999945	-0,000034	-0,000122	0,000032	1,000000	27,517795	0,294531	0,004574	0,000238	-0,011894	-0,028038	27,519779	0,005726	0,001186	-0,245562	0,279930	0,010910	-0,252699	0,279788	0,010910	-0,260311	0,279636	0,010910	-0,312885	0,278585	0,010910	-0,320497	0,278433	0,010910	-0,327634	0,278291	0,010910	-0,601181	0,006992	0,001929
0,605000	16,378664	297,604833	0,004040	0,999943	0,010635	0,000062	-0,010635	0,999943	-0,000034	-0,000063	0,000034	1,000000	27,512338	0,299182	0,003507	0,000212	-0,011904	-0,028863	27,514497	0,006494	0,001732	-0,251703	0,284039	0,009870	-0,258846	0,283912	0,009870	-0,266465	0,283776	0,009870	-0,319082	0,282839	0,009870	-0,326700	0,282703	0,009870	-0,333843	0,282576	0,009870	-0,609332	0,003583	0,001958
0,610000	16,516220	297,604868	0,004051	0,999942	0,010781	0,000003	-0,010781	0,999942	-0,000035	-0,000003	0,000034	1,000000	27,506893	0,303970	0,002458	0,000178	-0,011914	-0,029688	27,509118	0,007325	0,002335	-0,257834	0,288255	0,008856	-0,264982	0,288148	0,008856	-0,272607	0,288034	0,008856	-0,325265	0,287249	0,008856	-0,332890	0,287135	0,008856	-0,340038	0,287028	0,008856	-0,617719	0,000171	0,001978
0,615000	16,653750	297,604907	0,004064	0,999940	0,010914	-0,000006	-0,010914	0,999940	-0,000034	0,000006	0,000034	1,000000	27,502011	0,308095	0,002778	-0,000221	0,004882	-0,024870	27,504159	0,007855	0,002921	-0,316468	0,293653	0,000286	-0,313539	0,293786	0,000286	-0,310414	0,293927	0,000286	-0,288837	0,294905	0,000286	-0,285713	0,295047	0,000286	-0,282784	0,295180	0,000286	-0,625367	-0,000334	0,001952
0,620000	16,791257	297,604947	0,004079	0,999939	0,011040	0,000020	-0,011040	0,999939	-0,000033	-0,000020	0,000033	1,000000	27,497452	0,311746	0,003498	-0,000225	0,005511	-0,025445	27,499690	0,008144	0,002974	-0,323699	0,296975	0,000663	-0,320392	0,297110	0,000663	-0,316865	0,297254	0,000663	-0,292506	0,298249	0,000663	-0,288979	0,298393	0,000663	-0,285673	0,298528	0,000663	-0,632574	0,001155	0,001905
0,625000	16,928741	297,604987	0,004093	0,999938	0,011169	0,000049	-0,011169	0,999938	-0,000032	-0,000049	0,000032	1,000000	27,492483	0,315075	0,003903	-0,000237	0,006140	-0,026020	27,494795	0,008024	0,002611	-0,331337	0,299946	0,000732	-0,327653	0,300089	0,000732	-0,323724	0,300240	0,000732	-0,296585	0,301289	0,000732	-0,292656	0,301440	0,000732	-0,288972	0,301583	0,000732	-0,639946	0,002825	0,001857
0,630000	17,066196	297,605026	0,004104	0,999936	0,011301	0,000080	-0,011301	0,999936	-0,000032	-0,000080	0,000031	1,000000	27,485709	0,318195	0,004036	-0,000256	0,006123	-0,026803	27,488231	0,007610	0,001927	-0,338735	0,302569	0,000891	-0,335061	0,302723	0,000891	-0,331142	0,302887	0,000891	-0,304077	0,304020	0,000891	-0,300159	0,304184	0,000891	-0,296485	0,304338	0,000891	-0,647512	0,004582	0,001807
0,635000	17,203617	297,605063	0,004111	0,999935	0,011437	0,000110	-0,011437	0,999935	-0,000031	-0,000111	0,000029	1,000000	27,478899	0,321398	0,004140	-0,000285	0,006106	-0,027586	27,481448	0,007141	0,001179	-0,346166	0,305244	0,001030	-0,342503	0,305414	0,001030	-0,338595	0,305597	0,001030	-0,311606	0,306855	0,001030	-0,307698	0,307037	0,001030	-0,304035	0,307207	0,001030	-0,655303	0,006334	0,001749
0,640000	17,341005	297,605097	0,004115	0,999933	0,011560	0,000090	-0,011560	0,999933	-0,000030	-0,000090	0,000029	1,000000	27,473173	0,324363	0,002903	0,000119	-0,010763	-0,022746	27,475576	0,006763	0,000478	-0,289483	0,312265	0,008719	-0,295941	0,312193	0,008719	-0,302829	0,312117	0,008719	-0,350402	0,311589	0,008719	-0,357290	0,311513	0,008719	-0,363748	0,311441	0,008719	-0,662343	0,005164	0,001723
0,645000	17,478369	297,605132	0,004117	0,999932	0,011675	0,000034	-0,011675	0,999932	-0,000030	-0,000035	0,000030	1,000000	27,468555	0,327726	0,001280	0,000132	-0,011440	-0,023345	27,470943	0,006958	0,000324	-0,292287	0,315340	0,007457	-0,299151	0,315261	0,007457	-0,306473	0,315177	0,007457	-0,357037	0,314595	0,007457	-0,364359	0,314511	0,007457	-0,371223	0,314432	0,007457	-0,668945	0,001984	0,001722
0,650000	17,615711	297,605168	0,004119	0,999930	0,011793	-0,000025	-0,011793	0,999930	-0,000030	0,000024	0,000030	1,000000	27,464443	0,331685	0,000073	0,000139	-0,012116	-0,023946	27,466830	0,007671	0,000687	-0,294589	0,318994	0,006616	-0,301859	0,318910	0,006616	-0,309613	0,318822	0,006616	-0,363168	0,318209	0,006616	-0,370922	0,318120	0,006616	-0,378192	0,318037	0,006616	-0,675719	-0,001391	0,001722
0,655000	17,753031	297,605210	0,004125	0,999929	0,011915	-0,000085	-0,011915	0,999929	-0,000030	0,000085	0,000031	1,000000	27,459300	0,336217	-0,000709	0,000138	-0,012145	-0,024758	27,461850	0,008875	0,001529	-0,300338	0,323075	0,005851	-0,307625	0,322992	0,005851	-0,315398	0,322904	0,005851	-0,369080	0,322296	0,005851	-0,376853	0,322208	0,005851	-0,384140	0,322125	0,005851	-0,682695	-0,004866	0,001720
0,660000	17,890325	297,605259	0,004136	0,999927	0,012041	-0,000146	-0,012041	0,999928	-0,000030	0,000146	0,000032	1,000000	27,454372	0,341085	-0,001274	0,000129	-0,012173	-0,025571	27,456974	0,010338	0,002625	-0,305877	0,327465	0,005310	-0,313181	0,327387	0,005310	-0,320972	0,327305	0,005310	-0,374778	0,326737	0,005310	-0,382569	0,326654	0,005310	-0,389873	0,326577	0,005310	-0,689904	-0,008349	0,001717
0,665000	18,027597	297,605315	0,004153	0,999926	0,012154	-0,000156	-0,012154	0,999926	-0,000029	0,000156	0,000031	1,000000	27,450207	0,345492	-0,000304	-0,000305	0,004635	-0,020724	27,452725	0,011706	0,003878	-0,363812	0,333041	-0,002588	-0,361031	0,333224	-0,002588	-0,358065	0,333419	-0,002588	-0,337579	0,334769	-0,002588	-0,334613	0,334964	-0,002588	-0,331832	0,335148	-0,002588	-0,696368	-0,008926	0,001669
0,670000	18,164849	297,605377	0,004175	0,999925	0,012259	-0,000131	-0,012259	0,999925	-0,000028	0,000131	0,000030	1,000000	27,446457	0,349509	0,001189	-0,000285	0,005248	-0,021285	27,449068	0,012927	0,004734	-0,370166	0,336817	-0,001450	-0,367018	0,336989	-0,001450	-0,363659	0,337171	-0,001450	-0,340463	0,338433	-0,001450	-0,337104	0,338616	-0,001450	-0,333955	0,338787	-0,001450	-0,702385	-0,007510	0,001602
0,675000	18,302083	297,605444	0,004200	0,999924	0,012366	-0,000104	-0,012366	0,999924	-0,000027	0,000103	0,000028	1,000000	27,442281	0,353185	0,002348	-0,000274	0,005861	-0,021845	27,444982	0,013736	0,005171	-0,376944	0,340226	-0,000637	-0,373427	0,340391	-0,000637	-0,369676	0,340566	-0,000637	-0,343772	0,341775	-0,000637	-0,340021	0,341951	-0,000637	-0,336504	0,342115	-0,000637	-0,708563	-0,005918	0,001542
0,680000	18,439290	297,605514	0,004226	0,999922	0,012478	-0,000074	-0,012478	0,999922	-0,000026	0,000074	0,000027	1,000000	27,436163	0,356513	0,003098	-0,000269	0,005826	-0,022614	27,439100	0,014129	0,005162	-0,383610	0,343146	0,000129	-0,380114	0,343308	0,000129	-0,376386	0,343480	0,000129	-0,350636	0,344670	0,000129	-0,346908	0,344842	0,000129	-0,343413	0,345004	0,000129	-0,714931	-0,004244	0,001485
0,685000	18,576467	297,605585	0,004251	0,999921	0,012593	-0,000045	-0,012593	0,999921	-0,000025	0,000045	0,000025	1,000000	27,429790	0,359702	0,003597	-0,000274	0,005790	-0,023383	27,432782	0,014254	0,004875	-0,390528	0,345895	0,000651	-0,387054	0,346060	0,000651	-0,383349	0,346235	0,000651	-0,357758	0,347447	0,000651	-0,354052	0,347622	0,000651	-0,350578	0,347787	0,000651	-0,721520	-0,002580	0,001428
0,690000	18,713613	297,605656	0,004274	0,999919	0,012694	-0,000067	-0,012694	0,999919	-0,000025	0,000067	0,000026	1,000000	27,424285	0,362431	0,002532	0,000217	-0,011132	-0,018509	27,427155	0,014251	0,004414	-0,333414	0,352999	0,008465	-0,340093	0,352869	0,008465	-0,347217	0,352730	0,008465	-0,396419	0,351771	0,008465	-0,403543	0,351633	0,008465	-0,410222	0,351503	0,008465	-0,727351	-0,003849	0,001417
0,695000	18,850735	297,605729	0,004296	0,999918	0,012788	-0,000125	-0,012788	0,999918	-0,000025	0,000125	0,000027	1,000000	27,419675	0,365344	0,000863	0,000254	-0,011830	-0,019090	27,422543	0,014605	0,004280	-0,336121	0,355722	0,007148	-0,343219	0,355570	0,007148	-0,350790	0,355407	0,007148	-0,403077	0,354282	0,007148	-0,410649	0,354120	0,007148	-0,417746	0,353967	0,007148	-0,732737	-0,007138	0,001443
0,700000	18,987835	297,605804	0,004318	0,999917	0,012885	-0,000186	-0,012885	0,999917	-0,000026	0,000185	0,000028	1,000000	27,415481	0,368763	-0,000480	0,000287	-0,012528	-0,019672	27,418351	0,015376	0,004562	-0,338413	0,358931	0,006161	-0,345930	0,358759	0,006161	-0,353947	0,358576	0,006161	-0,409319	0,357310	0,006161	-0,417337	0,357126	0,006161	-0,424854	0,356954	0,006161	-0,738289	-0,010627	0,001476
0,705000	19,124911	297,605884	0,004343	0,999916	0,012986	-0,000249	-0,012986	0,999916	-0,000026	0,000248	0,000030	1,000000	27,410287	0,372780	-0,001372	0,000311	-0,012575	-0,020466	27,413310	0,016657	0,005340	-0,344133	0,362596	0,005274	-0,351679	0,362409	0,005274	-0,359727	0,362210	0,005274	-0,415309	0,360836	0,005274	-0,423357	0,360637	0,005274	-0,430903	0,360451	0,005274	-0,744038	-0,014223	0,001515
0,710000	19,261963	297,605972	0,004373	0,999914	0,013090	-0,000312	-0,013090	0,999914	-0,000027	0,000311	0,000031	1,000000	27,405432	0,377255	-0,001925	0,000328	-0,012622	-0,021261	27,408492	0,018313	0,006489	-0,349519	0,366692	0,004732	-0,357092	0,366496	0,004732	-0,365171	0,366286	0,004732	-0,420960	0,364837	0,004732	-0,429038	0,364627	0,004732	-0,436611	0,364430	0,004732	-0,750015	-0,017832	0,001560
0,715000	19,398993	297,606069	0,004410	0,999913	0,013181	-0,000324	-0,013181	0,999913	-0,000027	0,000323	0,000031	1,000000	27,401521	0,381450	-0,000802	-0,000140	0,004199	-0,016378	27,404483	0,020053	0,007938	-0,407216	0,371958	-0,002990	-0,404696	0,372043	-0,002990	-0,402008	0,372132	-0,002990	-0,383447	0,372752	-0,002990	-0,380760	0,372842	-0,002990	-0,378240	0,372926	-0,002990	-0,755239	-0,018535	0,001560
0,720000	19,536006	297,606175	0,004453	0,999912	0,013264	-0,000301	-0,013264	0,999912	-0,000027	0,000301	0,000031	1,000000	27,398144	0,385366	0,000999	-0,000095	0,004797	-0,016919	27,401192	0,021763	0,009154	-0,413124	0,375732	-0,001556	-0,410246	0,375789	-0,001556	-0,407176	0,375850	-0,001556	-0,385975	0,376271	-0,001556	-0,382905	0,376332	-0,001556	-0,380027	0,376389	-0,001556	-0,760009	-0,017246	0,001543
0,725000	19,673001	297,606288	0,004502	0,999911	0,013350	-0,000276	-0,013350	0,999911	-0,000027	0,000275	0,000031	1,000000	27,394386	0,388983	0,002509	-0,000058	0,005394	-0,017459	27,397527	0,023116	0,010006	-0,419410	0,379182	-0,000407	-0,416174	0,379216	-0,000407	-0,412722	0,379253	-0,000407	-0,388883	0,379509	-0,000407	-0,385431	0,379545	-0,000407	-0,382195	0,379580	-0,000407	-0,764933	-0,015786	0,001541
0,730000	19,809972	297,606406	0,004553	0,999910	0,013439	-0,000249	-0,013439	0,999910	-0,000027	0,000249	0,000030	1,000000	27,388611	0,392172	0,003533	-0,000027	0,005340	-0,018209	27,392002	0,023992	0,010349	-0,425655	0,382064	0,000619	-0,422451	0,382080	0,000619	-0,419033	0,382097	0,000619	-0,395429	0,382218	0,000619	-0,392011	0,382235	0,000619	-0,388807	0,382252	0,000619	-0,770042	-0,014248	0,001550
0,735000	19,946914	297,606528	0,004604	0,999908	0,013532	-0,000222	-0,013532	0,999908	-0,000027	0,000222	0,000030	1,000000	27,382393	0,395033	0,004115	-0,000006	0,005287	-0,018958	27,385862	0,024425	0,010237	-0,432339	0,384586	0,001213	-0,429167	0,384589	0,001213	-0,425784	0,384593	0,001213	-0,402417	0,384619	0,001213	-0,399034	0,384623	0,001213	-0,395862	0,384627	0,001213	-0,775365	-0,012726	0,001566
0,740000	20,083826	297,606650	0,004654	0,999907	0,013612	-0,000247	-0,013612	0,999907	-0,000029	0,000247	0,000032	1,000000	27,376813	0,397203	0,002904	0,000574	-0,011688	-0,014046	27,380182	0,024508	0,009728	-0,375084	0,391456	0,008834	-0,382096	0,391112	0,008834	-0,389577	0,390745	0,008834	-0,441238	0,388210	0,008834	-0,448719	0,387843	0,008834	-0,455731	0,387499	0,008834	-0,779923	-0,014147	0,001643
0,745000	20,220712	297,606773	0,004701	0,999906	0,013683	-0,000308	-0,013683	0,999906	-0,000031	0,000307	0,000035	1,000000	27,371858	0,399281	0,000811	0,000640	-0,012406	-0,014603	27,375241	0,024675	0,009267	-0,378045	0,393457	0,007078	-0,385489	0,393073	0,007078	-0,393429	0,392663	0,007078	-0,448265	0,389835	0,007078	-0,456205	0,389425	0,007078	-0,463649	0,389041	0,007078	-0,784026	-0,017599	0,001770
0,750000	20,357574	297,606897	0,004747	0,999905	0,013758	-0,000371	-0,013758	0,999905	-0,000033	0,000371	0,000038	1,000000	27,367142	0,401682	-0,001139	0,000701	-0,013124	-0,015162	27,370529	0,025073	0,009034	-0,380771	0,395760	0,005470	-0,388645	0,395340	0,005470	-0,397045	0,394891	0,005470	-0,455053	0,391794	0,005470	-0,463452	0,391345	0,005470	-0,471327	0,390925	0,005470	-0,788290	-0,021256	0,001912
0,755000	20,494413	297,607025	0,004792	0,999904	0,013835	-0,000439	-0,013835	0,999904	-0,000036	0,000438	0,000042	1,000000	27,362856	0,404597	-0,002754	0,000756	-0,013841	-0,015721	27,366237	0,025886	0,009214	-0,383070	0,398557	0,004202	-0,391375	0,398103	0,004202	-0,400233	0,397620	0,004202	-0,461410	0,394281	0,004202	-0,470269	0,393797	0,004202	-0,478573	0,393344	0,004202	-0,792714	-0,025118	0,002067
0,760000	20,631233	297,607158	0,004840	0,999903	0,013915	-0,000510	-0,013915	0,999903	-0,000039	0,000509	0,000046	1,000000	27,358967	0,407994	-0,004067	0,000803	-0,014557	-0,016282	27,362364	0,027114	0,009810	-0,384976	0,401811	0,003240	-0,393711	0,401329	0,003240	-0,403027	0,400815	0,003240	-0,467369	0,397264	0,003240	-0,476686	0,396749	0,003240	-0,485420	0,396267	0,003240	-0,797298	-0,029186	0,002234
0,765000	20,768035	297,607298	0,004892	0,999902	0,013981	-0,000533	-0,013981	0,999902	-0,000041	0,000533	0,000049	1,000000	27,356182	0,411247	-0,003670	0,000312	0,001625	-0,011149	27,359453	0,028585	0,010824	-0,439123	0,406192	-0,004836	-0,438148	0,406005	-0,004836	-0,437109	0,405805	-0,004836	-0,429927	0,404424	-0,004836	-0,428887	0,404225	-0,004836	-0,427912	0,404037	-0,004836	-0,801059	-0,030534	0,002356
0,770000	20,904826	297,607446	0,004949	0,999901	0,014037	-0,000526	-0,014037	0,999901	-0,000043	0,000525	0,000050	1,000000	27,354094	0,414337	-0,002493	0,000389	0,001554	-0,011452	27,357425	0,030173	0,011799	-0,441231	0,409380	-0,003686	-0,440299	0,409147	-0,003686	-0,439304	0,408898	-0,003686	-0,432435	0,407179	-0,003686	-0,431441	0,406930	-0,003686	-0,430508	0,406697	-0,003686	-0,804297	-0,030078	0,002463
0,775000	21,041606	297,607601	0,005011	0,999901	0,014095	-0,000518	-0,014095	0,999901	-0,000045	0,000517	0,000053	1,000000	27,351759	0,417227	-0,001568	0,000460	0,001483	-0,011755	27,355165	0,031541	0,012548	-0,443584	0,412348	-0,002783	-0,442694	0,412072	-0,002783	-0,441745	0,411778	-0,002783	-0,435191	0,409747	-0,002783	-0,434241	0,409452	-0,002783	-0,433352	0,409177	-0,002783	-0,807621	-0,029643	0,002591
0,780000	21,178374	297,607761	0,005074	0,999900	0,014155	-0,000511	-0,014155	0,999900	-0,000048	0,000510	0,000055	1,000000	27,348936	0,419675	-0,001137	0,000524	0,001412	-0,012057	27,352437	0,032456	0,012837	-0,446424	0,414852	-0,002370	-0,445577	0,414538	-0,002370	-0,444673	0,414202	-0,002370	-0,438434	0,411886	-0,002370	-0,437530	0,411551	-0,002370	-0,436683	0,411237	-0,002370	-0,811032	-0,029228	0,002738
0,785000	21,315127	297,607925	0,005138	0,999899	0,014216	-0,000504	-0,014216	0,999899	-0,000051	0,000503	0,000058	1,000000	27,345594	0,421651	-0,001232	0,000581	0,001340	-0,012358	27,349174	0,032856	0,012601	-0,449781	0,416860	-0,002475	-0,448977	0,416511	-0,002475	-0,448119	0,416139	-0,002475	-0,442195	0,413569	-0,002475	-0,441338	0,413197	-0,002475	-0,440533	0,412848	-0,002475	-0,814529	-0,028834	0,002902
0,790000	21,451863	297,608089	0,005199	0,999898	0,014261	-0,000549	-0,014261	0,999898	-0,000055	0,000548	0,000063	1,000000	27,342746	0,422728	-0,003257	0,001258	-0,015705	-0,006973	27,346233	0,032770	0,011845	-0,389136	0,423235	0,004286	-0,398560	0,422480	0,004286	-0,408611	0,421674	0,004286	-0,478029	0,416112	0,004286	-0,488080	0,415307	0,004286	-0,497504	0,414552	0,004286	-0,817127	-0,031398	0,003146
0,795000	21,588587	297,608252	0,005255	0,999898	0,014296	-0,000629	-0,014296	0,999898	-0,000060	0,000628	0,000069	1,000000	27,340271	0,423391	-0,006439	0,001370	-0,016446	-0,007076	27,343776	0,032513	0,010867	-0,389147	0,424226	0,001414	-0,399014	0,423404	0,001414	-0,409540	0,422527	0,001414	-0,482229	0,416471	0,001414	-0,492755	0,415594	0,001414	-0,502622	0,414772	0,001414	-0,819139	-0,036003	0,003456
0,800000	21,725298	297,608414	0,005307	0,999897	0,014332	-0,000713	-0,014332	0,999897	-0,000066	0,000712	0,000076	1,000000	27,337839	0,424112	-0,009681	0,001479	-0,017185	-0,007179	27,341342	0,032281	0,009913	-0,389119	0,425267	-0,001516	-0,399430	0,424379	-0,001516	-0,410428	0,423432	-0,001516	-0,486386	0,416895	-0,001516	-0,497384	0,415948	-0,001516	-0,507695	0,415060	-0,001516	-0,821182	-0,040821	0,003796
0,805000	21,861999	297,608576	0,005354	0,999896	0,014368	-0,000801	-0,014368	0,999897	-0,000073	0,000800	0,000084	1,000000	27,335726	0,425170	-0,012703	0,001586	-0,017923	-0,007282	27,339205	0,032339	0,009248	-0,388774	0,426635	-0,004225	-0,399528	0,425683	-0,004225	-0,410999	0,424669	-0,004225	-0,490220	0,417660	-0,004225	-0,501691	0,416645	-0,004225	-0,512445	0,415694	-0,004225	-0,823253	-0,045850	0,004162
0,810000	21,998689	297,608739	0,005399	0,999896	0,014405	-0,000893	-0,014405	0,999896	-0,000080	0,000892	0,000092	1,000000	27,334024	0,426654	-0,015417	0,001689	-0,018661	-0,007386	27,337486	0,032806	0,008997	-0,388023	0,428420	-0,006624	-0,399219	0,427407	-0,006624	-0,411162	0,426326	-0,006624	-0,493642	0,418858	-0,006624	-0,505585	0,417777	-0,006624	-0,516782	0,416763	-0,006624	-0,825355	-0,051091	0,004556
0,815000	22,135374	297,608905	0,005445	0,999896	0,014425	-0,000937	-0,014425	0,999896	-0,000086	0,000936	0,000099	1,000000	27,333570	0,428103	-0,016337	0,001226	-0,002446	-0,001777	27,336864	0,033674	0,009238	-0,439539	0,431355	-0,016058	-0,441006	0,430619	-0,016058	-0,442571	0,429835	-0,016058	-0,453381	0,424417	-0,016058	-0,454946	0,423632	-0,016058	-0,456413	0,422897	-0,016058	-0,826499	-0,053608	0,004917
0,820000	22,272059	297,609077	0,005492	0,999895	0,014433	-0,000949	-0,014433	0,999896	-0,000092	0,000948	0,000106	1,000000	27,334013	0,429490	-0,016228	0,001368	-0,002531	-0,001618	27,337320	0,034816	0,009682	-0,438661	0,433322	-0,016027	-0,440180	0,432501	-0,016027	-0,441800	0,431625	-0,016027	-0,452988	0,425576	-0,016027	-0,454609	0,424700	-0,016027	-0,456127	0,423879	-0,016027	-0,826986	-0,054321	0,005279
0,825000	22,408747	297,609254	0,005542	0,999895	0,014441	-0,000962	-0,014441	0,999896	-0,000099	0,000961	0,000113	1,000000	27,334432	0,430831	-0,016157	0,001512	-0,002617	-0,001458	27,337770	0,035951	0,010122	-0,437808	0,435244	-0,016033	-0,439378	0,434337	-0,016033	-0,441053	0,433370	-0,016033	-0,452620	0,426688	-0,016033	-0,454295	0,425721	-0,016033	-0,455865	0,424814	-0,016033	-0,827426	-0,055058	0,005681
0,830000	22,545437	297,609437	0,005593	0,999895	0,014448	-0,000976	-0,014448	0,999896	-0,000107	0,000974	0,000121	1,000000	27,334529	0,431827	-0,016419	0,001655	-0,002702	-0,001297	27,337927	0,036802	0,010271	-0,437276	0,436824	-0,016373	-0,438898	0,435831	-0,016373	-0,440627	0,434771	-0,016373	-0,452572	0,427456	-0,016373	-0,454301	0,426396	-0,016373	-0,455923	0,425403	-0,016373	-0,827821	-0,055820	0,006123
0,835000	22,682126	297,609622	0,005644	0,999895	0,014454	-0,000990	-0,014454	0,999896	-0,000115	0,000988	0,000130	1,000000	27,334169	0,432344	-0,017151	0,001799	-0,002787	-0,001136	27,337623	0,037204	0,009964	-0,437202	0,437926	-0,017183	-0,438875	0,436846	-0,017183	-0,440658	0,435695	-0,017183	-0,452979	0,427743	-0,017183	-0,454763	0,426592	-0,017183	-0,456436	0,425512	-0,017183	-0,828170	-0,056607	0,006606
0,840000	22,818812	297,609808	0,005692	0,999895	0,014459	-0,001004	-0,014459	0,999895	-0,000124	0,001002	0,000139	0,999999	27,333294	0,432322	-0,018410	0,001943	-0,002872	-0,000974	27,336801	0,037101	0,009146	-0,437645	0,438491	-0,018521	-0,439368	0,437325	-0,018521	-0,441206	0,436081	-0,018521	-0,453900	0,427492	-0,018521	-0,455738	0,426248	-0,018521	-0,457462	0,425082	-0,018521	-0,828472	-0,057418	0,007131
0,845000	22,955492	297,609992	0,005734	0,999895	0,014463	-0,001019	-0,014464	0,999895	-0,000134	0,001017	0,000149	0,999999	27,332075	0,431934	-0,020026	0,002088	-0,002956	-0,000813	27,335600	0,036631	0,007953	-0,438435	0,438690	-0,020217	-0,440208	0,437438	-0,020217	-0,442100	0,436101	-0,020217	-0,455165	0,426872	-0,020217	-0,457056	0,425536	-0,020217	-0,458830	0,424283	-0,020217	-0,828728	-0,058252	0,007696
0,850000	23,092166	297,610174	0,005770	0,999895	0,014467	-0,001034	-0,014467	0,999895	-0,000145	0,001032	0,000160	0,999999	27,330724	0,431391	-0,021786	0,002233	-0,003039	-0,000652	27,334247	0,036011	0,006610	-0,439359	0,438736	-0,022058	-0,441182	0,437396	-0,022058	-0,443127	0,435967	-0,022058	-0,456559	0,426098	-0,022058	-0,458504	0,424669	-0,022058	-0,460328	0,423329	-0,022058	-0,828938	-0,059111	0,008303
0,855000	23,228834	297,610352	0,005799	0,999895	0,014470	-0,001049	-0,014470	0,999895	-0,000156	0,001047	0,000171	0,999999	27,329559	0,431012	-0,023372	0,002378	-0,003121	-0,000491	27,333045	0,035539	0,005416	-0,440098	0,438946	-0,023724	-0,441971	0,437519	-0,023724	-0,443969	0,435997	-0,023724	-0,457766	0,425487	-0,023724	-0,459764	0,423965	-0,023724	-0,461637	0,422538	-0,023724	-0,829102	-0,059994	0,008950
0,860000	23,365496	297,610529	0,005823	0,999895	0,014472	-0,001065	-0,014472	0,999895	-0,000168	0,001063	0,000184	0,999999	27,328768	0,430983	-0,024597	0,002523	-0,003203	-0,000329	27,332213	0,035426	0,004587	-0,440467	0,439506	-0,025030	-0,442389	0,437992	-0,025030	-0,444439	0,436378	-0,025030	-0,458598	0,425227	-0,025030	-0,460648	0,423612	-0,025030	-0,462570	0,422098	-0,025030	-0,829219	-0,060900	0,009639
0,865000	23,502156	297,610707	0,005845	0,999895	0,014473	-0,001082	-0,014473	0,999895	-0,000181	0,001079	0,000197	0,999999	27,328479	0,431434	-0,025332	0,002668	-0,003285	-0,000168	27,331878	0,035795	0,004248	-0,440334	0,440545	-0,025846	-0,442305	0,438944	-0,025846	-0,444408	0,437237	-0,025846	-0,458928	0,425445	-0,025846	-0,461031	0,423738	-0,025846	-0,463002	0,422138	-0,025846	-0,829291	-0,061829	0,010369
0,870000	23,638816	297,610888	0,005866	0,999895	0,014474	-0,001099	-0,014474	0,999895	-0,000194	0,001096	0,000210	0,999999	27,328586	0,432259	-0,025682	0,002812	-0,003367	-0,000007	27,331967	0,036577	0,004329	-0,439805	0,441958	-0,026277	-0,441825	0,440270	-0,026277	-0,443980	0,438470	-0,026277	-0,458860	0,426039	-0,026277	-0,461015	0,424239	-0,026277	-0,463035	0,422552	-0,026277	-0,829316	-0,062782	0,011140
0,875000	23,775476	297,611074	0,005889	0,999895	0,014473	-0,001116	-0,014473	0,999895	-0,000209	0,001113	0,000225	0,999999	27,328923	0,433290	-0,025814	0,002957	-0,003448	0,000154	27,332305	0,037600	0,004654	-0,439047	0,443577	-0,026490	-0,441116	0,441803	-0,026490	-0,443323	0,439910	-0,026490	-0,458563	0,426839	-0,026490	-0,460770	0,424947	-0,026490	-0,462839	0,423172	-0,026490	-0,829295	-0,063758	0,011953
0,880000	23,912139	297,611265	0,005913	0,999895	0,014472	-0,001133	-0,014472	0,999895	-0,000223	0,001130	0,000240	0,999999	27,329182	0,434221	-0,026036	0,003102	-0,003529	0,000316	27,332600	0,038581	0,004938	-0,438366	0,445096	-0,026793	-0,440484	0,443235	-0,026793	-0,442743	0,441250	-0,026793	-0,458343	0,427540	-0,026793	-0,460601	0,425555	-0,026793	-0,462719	0,423694	-0,026793	-0,829228	-0,064758	0,012806
0,885000	24,048802	297,611461	0,005938	0,999895	0,014470	-0,001152	-0,014470	0,999895	-0,000239	0,001148	0,000256	0,999999	27,329155	0,434842	-0,026557	0,003246	-0,003611	0,000478	27,332617	0,039291	0,004947	-0,437972	0,446305	-0,027395	-0,440139	0,444357	-0,027395	-0,442449	0,442280	-0,027395	-0,458409	0,427931	-0,027395	-0,460719	0,425853	-0,027395	-0,462886	0,423905	-0,027395	-0,829114	-0,065781	0,013701
0,890000	24,185464	297,611658	0,005962	0,999895	0,014467	-0,001170	-0,014467	0,999895	-0,000255	0,001166	0,000272	0,999999	27,328667	0,434980	-0,027550	0,003391	-0,003692	0,000641	27,332183	0,039563	0,004510	-0,438040	0,447031	-0,028470	-0,440255	0,444996	-0,028470	-0,442617	0,442826	-0,028470	-0,458935	0,427838	-0,028470	-0,461297	0,425668	-0,028470	-0,463512	0,423633	-0,028470	-0,828954	-0,066827	0,014636
0,895000	24,322123	297,611856	0,005982	0,999895	0,014464	-0,001189	-0,014464	0,999895	-0,000272	0,001185	0,000290	0,999999	27,327771	0,434687	-0,028963	0,003535	-0,003772	0,000803	27,331319	0,039416	0,003647	-0,438516	0,447326	-0,029964	-0,440779	0,445205	-0,029964	-0,443194	0,442942	-0,029964	-0,459867	0,427316	-0,029964	-0,462281	0,425053	-0,029964	-0,464545	0,422932	-0,029964	-0,828748	-0,067896	0,015613
0,900000	24,458776	297,612051	0,005997	0,999895	0,014459	-0,001208	-0,014459	0,999895	-0,000290	0,001204	0,000308	0,999999	27,326601	0,434097	-0,030662	0,003680	-0,003852	0,000964	27,330162	0,038983	0,002494	-0,439269	0,447323	-0,031745	-0,441581	0,445115	-0,031745	-0,444046	0,442760	-0,031745	-0,461074	0,426495	-0,031745	-0,463539	0,424140	-0,031745	-0,465850	0,421933	-0,031745	-0,828495	-0,068989	0,016631
0,905000	24,595423	297,612245	0,006006	0,999895	0,014454	-0,001228	-0,014454	0,999895	-0,000309	0,001223	0,000326	0,999999	27,325456	0,433510	-0,032348	0,003824	-0,003932	0,001126	27,328992	0,038539	0,001329	-0,439999	0,447321	-0,033512	-0,442358	0,445027	-0,033512	-0,444875	0,442579	-0,033512	-0,462254	0,425678	-0,033512	-0,464770	0,423231	-0,033512	-0,467129	0,420937	-0,033512	-0,828196	-0,070104	0,017689
0,910000	24,732065	297,612437	0,006009	0,999895	0,014448	-0,001248	-0,014448	0,999896	-0,000328	0,001243	0,000346	0,999999	27,324575	0,433163	-0,033783	0,003968	-0,004011	0,001287	27,328073	0,038337	0,000411	-0,440467	0,447558	-0,035028	-0,442874	0,445178	-0,035028	-0,445441	0,442639	-0,035028	-0,463170	0,425102	-0,035028	-0,465737	0,422563	-0,035028	-0,468144	0,420182	-0,035028	-0,827851	-0,071242	0,018789
0,915000	24,868704	297,612629	0,006010	0,999895	0,014441	-0,001269	-0,014441	0,999896	-0,000348	0,001264	0,000366	0,999999	27,324187	0,433286	-0,034735	0,004111	-0,004090	0,001448	27,327630	0,038598	-0,000037	-0,440443	0,448265	-0,036062	-0,442897	0,445798	-0,036062	-0,445515	0,443167	-0,036062	-0,463593	0,424998	-0,036062	-0,466210	0,422367	-0,036062	-0,468664	0,419900	-0,036062	-0,827460	-0,072403	0,019929
0,920000	25,005342	297,612824	0,006010	0,999895	0,014433	-0,001290	-0,014434	0,999896	-0,000368	0,001284	0,000387	0,999999	27,324306	0,433895	-0,035192	0,004254	-0,004169	0,001609	27,327712	0,039369	0,000034	-0,439912	0,449454	-0,036600	-0,442413	0,446902	-0,036600	-0,445081	0,444180	-0,036600	-0,463507	0,425379	-0,036600	-0,466175	0,422657	-0,036600	-0,468677	0,420105	-0,036600	-0,827022	-0,073586	0,021110
0,925000	25,141982	297,613025	0,006011	0,999895	0,014425	-0,001311	-0,014425	0,999896	-0,000390	0,001305	0,000409	0,999999	27,324860	0,434915	-0,035226	0,004396	-0,004248	0,001769	27,328243	0,040576	0,000548	-0,438946	0,451054	-0,036714	-0,441494	0,448416	-0,036714	-0,444213	0,445603	-0,036714	-0,462988	0,426173	-0,036714	-0,465707	0,423360	-0,036714	-0,468255	0,420722	-0,036714	-0,826539	-0,074792	0,022332
0,930000	25,278625	297,613232	0,006016	0,999895	0,014416	-0,001333	-0,014416	0,999896	-0,000412	0,001327	0,000431	0,999999	27,325581	0,436079	-0,035105	0,004538	-0,004327	0,001930	27,328977	0,041980	0,001264	-0,437812	0,452796	-0,036673	-0,440408	0,450074	-0,036673	-0,443178	0,447169	-0,036673	-0,462302	0,427112	-0,036673	-0,465071	0,424208	-0,036673	-0,467667	0,421485	-0,036673	-0,826009	-0,076020	0,023594
0,935000	25,415272	297,613446	0,006024	0,999895	0,014405	-0,001355	-0,014406	0,999896	-0,000434	0,001349	0,000454	0,999999	27,326227	0,437146	-0,035069	0,004679	-0,004406	0,002092	27,329655	0,043329	0,001924	-0,436752	0,454440	-0,036717	-0,439396	0,451633	-0,036717	-0,442216	0,448638	-0,036717	-0,461691	0,427955	-0,036717	-0,464511	0,424960	-0,036717	-0,467155	0,422152	-0,036717	-0,825434	-0,077271	0,024896
0,940000	25,551922	297,613666	0,006035	0,999895	0,014395	-0,001377	-0,014395	0,999896	-0,000458	0,001371	0,000478	0,999999	27,326533	0,437850	-0,035386	0,004821	-0,004485	0,002253	27,330015	0,044369	0,002269	-0,436032	0,455720	-0,037113	-0,438724	0,452828	-0,037113	-0,441594	0,449743	-0,037113	-0,461420	0,428435	-0,037113	-0,464291	0,425350	-0,037113	-0,466982	0,422457	-0,037113	-0,824812	-0,078546	0,026239
0,945000	25,688572	297,613890	0,006047	0,999896	0,014383	-0,001400	-0,014384	0,999896	-0,000482	0,001393	0,000502	0,999999	27,326428	0,438120	-0,036126	0,004962	-0,004565	0,002414	27,329954	0,044999	0,002198	-0,435723	0,456566	-0,037932	-0,438462	0,453589	-0,037932	-0,441384	0,450414	-0,037932	-0,461560	0,428482	-0,037932	-0,464481	0,425307	-0,037932	-0,467220	0,422330	-0,037932	-0,824144	-0,079842	0,027621
0,950000	25,825221	297,614115	0,006056	0,999896	0,014370	-0,001424	-0,014371	0,999897	-0,000507	0,001416	0,000527	0,999999	27,325929	0,437973	-0,037271	0,005103	-0,004644	0,002576	27,329490	0,045237	0,001728	-0,435810	0,456994	-0,039156	-0,438596	0,453932	-0,039156	-0,441568	0,450667	-0,039156	-0,462093	0,428113	-0,039156	-0,465065	0,424848	-0,039156	-0,467851	0,421786	-0,039156	-0,823430	-0,081162	0,029044
0,955000	25,961866	297,614342	0,006063	0,999896	0,014357	-0,001448	-0,014358	0,999897	-0,000532	0,001440	0,000553	0,999999	27,325265	0,437639	-0,038592	0,005243	-0,004722	0,002737	27,328825	0,045279	0,001060	-0,436062	0,457233	-0,040557	-0,438895	0,454087	-0,040557	-0,441917	0,450731	-0,040557	-0,462790	0,427557	-0,040557	-0,465813	0,424202	-0,040557	-0,468646	0,421056	-0,040557	-0,822670	-0,082504	0,030507
0,960000	26,098508	297,614568	0,006066	0,999896	0,014343	-0,001472	-0,014344	0,999897	-0,000559	0,001464	0,000580	0,999999	27,324671	0,437352	-0,039856	0,005383	-0,004801	0,002898	27,328212	0,045371	0,000441	-0,436245	0,457517	-0,041899	-0,439126	0,454288	-0,041899	-0,442198	0,450842	-0,041899	-0,463417	0,427049	-0,041899	-0,466490	0,423604	-0,041899	-0,469370	0,420374	-0,041899	-0,821863	-0,083869	0,032009
0,965000	26,235148	297,614796	0,006067	0,999896	0,014328	-0,001496	-0,014329	0,999897	-0,000586	0,001488	0,000607	0,999999	27,324440	0,437405	-0,040768	0,005523	-0,004879	0,003058	27,327934	0,045788	0,000154	-0,436067	0,458141	-0,042890	-0,438995	0,454827	-0,042890	-0,442117	0,451292	-0,042890	-0,463682	0,426882	-0,042890	-0,466804	0,423347	-0,042890	-0,469731	0,420033	-0,042890	-0,821011	-0,085256	0,033551
0,970000	26,371788	297,615028	0,006069	0,999896	0,014312	-0,001521	-0,014313	0,999897	-0,000613	0,001512	0,000635	0,999999	27,324693	0,437919	-0,041208	0,005662	-0,004957	0,003218	27,328145	0,046681	0,000351	-0,435406	0,459223	-0,043408	-0,438380	0,455826	-0,043408	-0,441552	0,452202	-0,043408	-0,463462	0,427176	-0,043408	-0,466634	0,423553	-0,043408	-0,469608	0,420156	-0,043408	-0,820113	-0,086665	0,035133
0,975000	26,508431	297,615265	0,006072	0,999897	0,014296	-0,001547	-0,014297	0,999898	-0,000641	0,001537	0,000663	0,999999	27,325471	0,438936	-0,041134	0,005801	-0,005035	0,003379	27,328885	0,048087	0,001070	-0,434219	0,460807	-0,043412	-0,437240	0,457326	-0,043412	-0,440462	0,453614	-0,043412	-0,462717	0,427974	-0,043412	-0,465940	0,424262	-0,043412	-0,468961	0,420781	-0,043412	-0,819169	-0,088097	0,036755
0,980000	26,645079	297,615511	0,006081	0,999897	0,014278	-0,001573	-0,014279	0,999898	-0,000670	0,001563	0,000693	0,999999	27,326587	0,440268	-0,040734	0,005939	-0,005113	0,003539	27,329997	0,049856	0,002159	-0,432692	0,462706	-0,043088	-0,435760	0,459142	-0,043088	-0,439033	0,455341	-0,043088	-0,461634	0,429089	-0,043088	-0,464907	0,425288	-0,043088	-0,467975	0,421725	-0,043088	-0,818179	-0,089552	0,038416
0,985000	26,781733	297,615766	0,006095	0,999897	0,014260	-0,001599	-0,014261	0,999898	-0,000700	0,001589	0,000723	0,999998	27,327822	0,441697	-0,040226	0,006077	-0,005192	0,003700	27,331248	0,051760	0,003386	-0,431046	0,464699	-0,042657	-0,434161	0,461053	-0,042657	-0,437484	0,457163	-0,042657	-0,460433	0,430301	-0,042657	-0,463756	0,426411	-0,042657	-0,466871	0,422765	-0,042657	-0,817143	-0,091029	0,040116
0,990000	26,918392	297,616030	0,006116	0,999897	0,014241	-0,001625	-0,014242	0,999898	-0,000730	0,001615	0,000754	0,999998	27,328861	0,442906	-0,039926	0,006215	-0,005271	0,003862	27,332336	0,053504	0,004450	-0,429595	0,466474	-0,042434	-0,432757	0,462744	-0,042434	-0,436130	0,458766	-0,042434	-0,459428	0,431294	-0,042434	-0,462801	0,427316	-0,042434	-0,465964	0,423587	-0,042434	-0,816061	-0,092528	0,041855
0,995000	27,055056	297,616302	0,006140	0,999898	0,014221	-0,001652	-0,014223	0,999899	-0,000761	0,001641	0,000785	0,999998	27,329529	0,443722	-0,040007	0,006353	-0,005350	0,004024	27,333056	0,054890	0,005150	-0,428513	0,467855	-0,042593	-0,431723	0,464043	-0,042593	-0,435147	0,459977	-0,042593	-0,458793	0,431894	-0,042593	-0,462217	0,427828	-0,042593	-0,465427	0,424016	-0,042593	-0,814932	-0,094051	0,043634
1,000000	27,191722	297,616579	0,006167	0,999898	0,014201	-0,001680	-0,014202	0,999899	-0,000793	0,001668	0,000817	0,999998	27,329718	0,444036	-0,040580	0,006491	-0,005428	0,004186	27,333299	0,055812	0,005379	-0,427912	0,468734	-0,043242	-0,431169	0,464839	-0,043242	-0,434643	0,460685	-0,043242	-0,458637	0,431992	-0,043242	-0,462111	0,427838	-0,043242	-0,465368	0,423943	-0,043242	-0,813757	-0,095596	0,045452
