3ОФ26
Калибр(мм) 125,0
Масса(кг) 23,0
Длина(мм) 523,2
Центр_масс_от_носа(мм) 364,84
Головная_часть(мм) 249,86
Начальная_скорость(м/с) 870
Начальный_угол(град) 18
Момент_инерции_Ix 0,0407
Момент_инерции_Iz 0,3315
Длина_хода_нарезов(калибров) 0
ix58 1,02
iz 1,0
Cxa(M,a) 0,0 0,8 1,0 1,2 5,0
0,9100 -0,2576 0,026 0,0 7,1859
0,9100 -0,2576 0,026 0,0 7,1859
0,9100 -0,2576 0,026 0,0 7,1859
0,9100 -0,2576 0,026 0,0 7,1859
Cya(M,a)
0,0 7,895 7,895 -1,802 0,1808
0,0 7,895 7,895 -1,802 0,1808
0,0 7,895 7,895 -1,802 0,1808
0,0 7,895 7,895 -1,802 0,1808
Cza 0 0 0 0 0
Mza -3,6517 2,1986 -0,3479 0
Mya 0 0 0 0
Mxa 0 0 0 0
