М549
Калибр(мм) 155,0
Масса(кг) 46,0
Длина(мм) 874,9
Центр_масс_от_носа(мм) 550,0
Головная_часть(мм) 467,3
Начальная_скорость(м/с) 945,0
Начальный_угол(град) 25,0
Момент_инерции_Ix 0,155
Момент_инерции_Iz 1,64
Длина_хода_нарезов(калибров) 25
ix43 1,0
iz 1,0
Cxa(M,a) 0,0 0,8 1,0 1,2 5,0
0,175 0,0000 0,0000 0,0000 3,0
-0,74 4,51 -7,26 3,84 3,5
-15,7 40,3 -33,9 9,3 4,5
0,62 -0,246 0,045 -0,0031 5,0
Cya(M,a)
0,0 0,4751 13,278 1,3619 -0,2078
0,0 0,4751 13,278 1,3619 -0,2078
0,0 0,4751 13,278 1,3619 -0,2078
0,0 0,4751 13,278 1,3619 -0,2078
Cza 0,0 0,1847 3,5200 0,0 0,0
Mza 0,8918 -0,1712 0,0215 0,0
Mya 0,0065 0,0035 -0,0012 2,0
Mxa 0,000617 -0,00022 0,0000292 0,0