ОФ29_тупой
Калибр(мм) 152,0
Масса(кг) 46,0
Длина(мм) 667,37
Центр_масс_от_носа(мм) 416,9705
Головная_часть(мм) 373,7
Начальная_скорость(м/с) 945,0
Начальный_угол(град) 25,0
Момент_инерции_Ix 0,1455
Момент_инерции_Iz 1,4417
Длина_хода_нарезов(калибров) 25
ix43 1,02
iz 1,0
Cxa(M,a) 0,0 0,8 1,0 1,2 5,0
0,7435 -0,2125 0,0209 0,0 4,6407
0,7435 -0,2125 0,0209 0,0 4,6407
0,7435 -0,2125 0,0209 0,0 4,6407
0,7435 -0,2125 0,0209 0,0 4,6407
Cya(M,a)
0,0 0,4751 13,278 1,3619 -0,2078
0,0 0,4751 13,278 1,3619 -0,2078
0,0 0,4751 13,278 1,3619 -0,2078
0,0 0,4751 13,278 1,3619 -0,2078
Cza 0,0 0,1847 3,5200 0,0 0,0
Mza 1,0117 -0,2146 0,0188 0,0
Mya 0,0077 0,0098 -0,0037 1,8203
Mxa 0,00062 -0,00022 0,00003 0,0
