ОФ3-23
Калибр(мм) 23,0
Масса(кг) 0,183
Длина(мм) 108,0
Центр_масс_от_носа(мм) 66,0
Головная_часть(мм) 46,0
Начальная_скорость(м/с) 740,0
Начальный_угол(град) 10,0
Момент_инерции_Ix 0,00001331
Момент_инерции_Iz 0,00014552
Длина_хода_нарезов(калибров) 33
ix43 1,25
iz 1,0
Cxa(M,a) 0,0 0,8 1,0 1,2 5,0
0,203 0,0 0,0 0,0 2,870
-0,731 4,467 -7,014 3,618 3,423
-22,57 54,91 -43,33 11,34 4,365
0,625 -0,031 -0,061 0,012 4,999
Cya(M,a)
0,0 1,536 1,836 0,000 0,304
0,0 -2,565 4,853 7,368 -2,891
0,0 -5,232 6,372 12,217 -5,201
0,0 -0,408 8,519 2,379 -0,430
Cza 0,0 0,117 0,311 0,0 0,0
Mza 0,6964 0,1414 -0,0532 0,0
Mya 0,0090 -0,0032 0,0007 6,0042
Mxa 0,00081 -0,00033 0,00005 0,0
