С80
Калибр(мм) 80,0
Масса(кг) 16,5
Длина(мм) 1570,0
Центр_масс_от_носа(мм) 570,0
Головная_часть(мм) 200,0
Начальная_скорость(м/с) 42,0
Начальный_угол(град) 0,0
Момент_инерции_Ix 0,014
Момент_инерции_Iz 1,442
Длина_хода_нарезов(калибров) 0
ix58 1,71
iz 1,0
Cxa(M,a) 0,0 0,8 1,0 1,2 5,0
0,6183 -0,3924 0,3623 0,0000 11,445
2,0768 -2,9255 0,0000 1,5061 12,201
-1,1575 0,0000 4,5321 -2,7303 12,542
0,7251 0,0000 -0,0958 0,0249 13,077
Cya(M,a)
0,0 10,422 12,690 -10,365 10,323
0,0 17,617 13,003 -24,298 16,454
0,0 13,628 19,267 -4,8211 0,4069
0,0 14,490 37,912 -10,843 3,6686
Cza 0,0 0,0 0,0 0,0 0,0
-Mza -1,5936 -2,1044 +1,2888 0,0
Mya 0,0 0,0 0,0 0,0
Mxa 0,0 0,0 0,0 0,0
РД
масса_отдел_частей(кг) 0,3
масса_заряда(кг) 3,4
время_старта(с) 0
время_работы(с) 1,32
суммарный_импульс_тяги(Н*с) 7963,3
площадь_сопел(м2) 0,016
относит_уменьшение_Сх 0,12
Диаграмма_секундного_расхода mp(tp):
0 0,015 0,03 0,045 0,06 0,10 0,20 0,36 0,52 0,68 0,82 0,88 0,91 0,94 0,97 1,0
0 0,816 0,96 1,000 0,93 0,86 0,62 0,63 0,72 0,81 0,96 0,82 0,47 0,20 0,08 0,0
