0.000000 0.500000 0.048869 407.000000 555.000000
2.535599 1031.133927 0.053749 407.000000 555.000000
5.071199 2061.467328 0.059710 407.000000 555.000000
7.226652 2937.010666 0.065924 407.000000 555.000000
9.382105 3812.153255 0.073579 407.000000 555.000000
11.134709 4523.331975 0.081247 407.000000 555.000000
12.887313 5234.015284 0.090694 407.000000 555.000000
14.313729 5811.931522 0.100169 407.000000 555.000000
15.740145 6389.233825 0.111844 407.000000 555.000000
16.902527 6859.058004 0.123571 407.000000 555.000000
18.064910 7328.118786 0.138027 407.000000 555.000000
19.014003 7710.339019 0.152583 407.000000 555.000000
19.963096 8091.604889 0.170537 407.000000 555.000000
20.826407 8437.267457 0.190928 407.000000 555.000000
21.603834 8747.240969 0.213895 407.000000 555.000000
22.304525 9025.139127 0.239804 407.000000 555.000000
22.937366 9274.438460 0.269114 407.000000 555.000000
23.510612 9498.319511 0.302408 407.000000 555.000000
24.032093 9699.728698 0.340446 407.000000 555.000000
24.509601 9881.496975 0.384297 407.000000 555.000000
24.951770 10046.602322 0.435616 407.000000 555.000000
25.370958 10199.047632 0.497568 407.000000 555.000000
25.732733 10326.049612 0.565467 407.000000 555.000000
26.027774 10425.226757 0.634215 407.000000 555.000000
26.288681 10508.443189 0.708011 407.000000 555.000000
26.549588 10586.030866 0.797140 407.000000 555.000000
26.787726 10650.369670 0.894744 407.000000 555.000000
27.011560 10703.526171 1.002897 407.000000 555.000000
27.236698 10747.931966 1.129057 407.000000 555.000000
27.428623 10777.047460 1.250100 407.000000 555.000000
27.620548 10796.787337 1.381666 407.000000 555.000000
27.802372 10805.928384 1.512782 407.000000 555.000000
27.988599 10805.156867 1.649122 407.000000 555.000000
28.181499 10793.597773 1.787295 407.000000 555.000000
28.374399 10771.730194 1.917596 407.000000 555.000000
28.564878 10741.083687 2.035317 407.000000 555.000000
28.770791 10699.288755 2.148642 407.000000 555.000000
29.024904 10637.596526 2.268543 407.000000 555.000000
29.282159 10566.270049 2.369561 407.000000 555.000000
29.540271 10487.923153 2.453513 407.000000 555.000000
29.820824 10396.990145 2.528738 407.000000 555.000000
30.000000 10336.478748 2.569658 407.000000 555.000000
