t(c) x(м) y(м) z(м) Vk(м/с) teta(град) psy(град) omega_x(рад/с) pi(y) m(кг) 
0,000 0,0000 0,0000 0,0000 835,3700 24,2000 0,0000 0,0000 1,0119 23,0000 
0,050 37,9826 17,0580 0,0002 830,1264 24,1696 -0,0005 8,5149 1,0098 23,0000 
0,100 75,7361 33,9890 0,0007 824,9371 24,1389 -0,0012 16,6696 1,0077 23,0000 
0,150 113,2631 50,7942 0,0018 819,7998 24,1080 -0,0020 24,4847 1,0056 23,0000 
0,200 150,5657 67,4748 0,0033 814,7134 24,0769 -0,0028 31,9754 1,0035 23,0000 
0,250 187,6463 84,0318 0,0054 809,6771 24,0455 -0,0037 39,1554 1,0015 23,0000 
0,300 224,5070 100,4664 0,0081 804,6900 24,0139 -0,0046 46,0378 0,9995 23,0000 
0,350 261,1500 116,7797 0,0114 799,7514 23,9821 -0,0056 52,6347 0,9975 23,0000 
0,400 297,5774 132,9728 0,0152 794,8606 23,9501 -0,0066 58,9579 0,9955 23,0000 
0,450 333,7914 149,0467 0,0197 790,0168 23,9178 -0,0076 65,0183 0,9935 23,0000 
0,500 369,7941 165,0025 0,0248 785,2194 23,8854 -0,0086 70,8265 0,9916 23,0000 
0,550 405,5874 180,8412 0,0305 780,4678 23,8527 -0,0097 76,3926 0,9896 23,0000 
0,600 441,1734 196,5638 0,0369 775,7614 23,8197 -0,0108 81,7263 0,9877 23,0000 
0,650 476,5541 212,1715 0,0439 771,0994 23,7866 -0,0120 86,8366 0,9858 23,0000 
0,700 511,7314 227,6650 0,0516 766,4814 23,7533 -0,0131 91,7325 0,9839 23,0000 
0,750 546,7074 243,0456 0,0600 761,9068 23,7197 -0,0143 96,4222 0,9820 23,0000 
0,800 581,4838 258,3140 0,0691 757,3749 23,6859 -0,0155 100,9138 0,9802 23,0000 
0,850 616,0627 273,4713 0,0788 752,8852 23,6519 -0,0167 105,2151 0,9784 23,0000 
0,900 650,4458 288,5185 0,0892 748,4372 23,6176 -0,0180 109,3334 0,9765 23,0000 
0,950 684,6349 303,4564 0,1004 744,0303 23,5832 -0,0193 113,2758 0,9747 23,0000 
1,000 718,6320 318,2859 0,1122 739,6641 23,5485 -0,0205 117,0491 0,9729 23,0000 
1,050 752,4388 333,0081 0,1247 735,3380 23,5136 -0,0219 120,6597 0,9712 23,0000 
1,100 786,0570 347,6238 0,1379 731,0515 23,4785 -0,0232 124,1138 0,9694 23,0000 
1,150 819,4885 362,1338 0,1518 726,8041 23,4431 -0,0245 127,4175 0,9677 23,0000 
1,200 852,7348 376,5392 0,1664 722,5954 23,4076 -0,0259 130,5764 0,9659 23,0000 
1,250 885,7978 390,8406 0,1817 718,4248 23,3718 -0,0273 133,5960 0,9642 23,0000 
1,300 918,6792 405,0390 0,1978 714,2919 23,3357 -0,0286 136,4817 0,9625 23,0000 
1,350 951,3804 419,1353 0,2145 710,1962 23,2995 -0,0300 139,2384 0,9609 23,0000 
1,400 983,9034 433,1302 0,2320 706,1373 23,2630 -0,0315 141,8710 0,9592 23,0000 
1,450 1016,2495 447,0247 0,2502 702,1148 23,2263 -0,0329 144,3841 0,9575 23,0000 
1,500 1048,4205 460,8194 0,2691 698,1282 23,1894 -0,0344 146,7823 0,9559 23,0000 
1,550 1080,4179 474,5153 0,2887 694,1771 23,1523 -0,0358 149,0698 0,9543 23,0000 
1,600 1112,2433 488,1131 0,3090 690,2610 23,1149 -0,0373 151,2507 0,9527 23,0000 
1,650 1143,8982 501,6135 0,3300 686,3796 23,0773 -0,0388 153,3291 0,9511 23,0000 
1,700 1175,3841 515,0175 0,3517 682,5325 23,0394 -0,0403 155,3087 0,9495 23,0000 
1,750 1206,7026 528,3257 0,3742 678,7192 23,0014 -0,0418 157,1931 0,9479 23,0000 
1,800 1237,8552 541,5389 0,3973 674,9393 22,9631 -0,0434 158,9860 0,9463 23,0000 
1,850 1268,8433 554,6579 0,4212 671,1925 22,9246 -0,0449 160,6906 0,9448 23,0000 
1,900 1299,6684 567,6834 0,4458 667,4785 22,8858 -0,0465 162,3103 0,9433 23,0000 
1,950 1330,3319 580,6161 0,4711 663,7967 22,8468 -0,0481 163,8481 0,9418 23,0000 
2,000 1360,8352 593,4568 0,4971 660,1469 22,8076 -0,0497 165,3071 0,9402 23,0000 
2,050 1391,1797 606,2061 0,5238 656,5287 22,7681 -0,0513 166,6902 0,9388 23,0000 
2,100 1421,3669 618,8649 0,5513 652,9417 22,7285 -0,0529 168,0000 0,9373 23,0000 
2,150 1451,3982 631,4337 0,5794 649,3855 22,6885 -0,0545 169,2395 0,9358 23,0000 
2,200 1481,2747 643,9133 0,6082 645,8599 22,6484 -0,0561 170,4110 0,9344 23,0000 
2,250 1510,9980 656,3044 0,6378 642,3645 22,6080 -0,0578 171,5171 0,9329 23,0000 
2,300 1540,5693 668,6076 0,6680 638,8990 22,5674 -0,0594 172,5601 0,9315 23,0000 
2,350 1569,9900 680,8236 0,6990 635,4629 22,5265 -0,0611 173,5424 0,9301 23,0000 
2,400 1599,2613 692,9531 0,7306 632,0560 22,4854 -0,0628 174,4663 0,9286 23,0000 
2,450 1628,3846 704,9967 0,7629 628,6781 22,4441 -0,0645 175,3337 0,9273 23,0000 
2,500 1657,3610 716,9551 0,7960 625,3286 22,4025 -0,0662 176,1467 0,9259 23,0000 
2,550 1686,1919 728,8289 0,8297 622,0074 22,3607 -0,0679 176,9075 0,9245 23,0000 
2,600 1714,8785 740,6187 0,8641 618,7141 22,3187 -0,0696 177,6177 0,9231 23,0000 
2,650 1743,4220 752,3252 0,8992 615,4485 22,2764 -0,0713 178,2794 0,9218 23,0000 
2,700 1771,8236 763,9490 0,9350 612,2101 22,2338 -0,0731 178,8942 0,9204 23,0000 
2,750 1800,0846 775,4907 0,9715 608,9988 22,1911 -0,0748 179,4639 0,9191 23,0000 
2,800 1828,2061 786,9509 1,0086 605,8143 22,1481 -0,0766 179,9900 0,9178 23,0000 
2,850 1856,1893 798,3302 1,0465 602,6561 22,1048 -0,0784 180,4742 0,9165 23,0000 
2,900 1884,0353 809,6292 1,0850 599,5242 22,0613 -0,0801 180,9181 0,9152 23,0000 
2,950 1911,7454 820,8484 1,1242 596,4181 22,0176 -0,0819 181,3230 0,9139 23,0000 
3,000 1939,3206 831,9885 1,1640 593,3376 21,9736 -0,0837 181,6904 0,9126 23,0000 
3,050 1966,7621 843,0501 1,2046 590,2824 21,9294 -0,0855 182,0217 0,9114 23,0000 
3,100 1994,0709 854,0336 1,2458 587,2523 21,8849 -0,0874 182,3181 0,9101 23,0000 
3,150 2021,2482 864,9397 1,2876 584,2470 21,8402 -0,0892 182,5810 0,9089 23,0000 
3,200 2048,2951 875,7689 1,3302 581,2663 21,7952 -0,0910 182,8116 0,9076 23,0000 
3,250 2075,2126 886,5218 1,3734 578,3098 21,7500 -0,0929 183,0111 0,9064 23,0000 
3,300 2102,0019 897,1988 1,4172 575,3773 21,7046 -0,0947 183,1805 0,9052 23,0000 
3,350 2128,6639 907,8006 1,4617 572,4686 21,6589 -0,0966 183,3211 0,9040 23,0000 
3,400 2155,1997 918,3276 1,5069 569,5834 21,6129 -0,0985 183,4338 0,9028 23,0000 
3,450 2181,6103 928,7804 1,5527 566,7215 21,5667 -0,1003 183,5197 0,9016 23,0000 
3,500 2207,8968 939,1596 1,5992 563,8826 21,5202 -0,1022 183,5798 0,9004 23,0000 
3,550 2234,0602 949,4655 1,6463 561,0665 21,4735 -0,1041 183,6151 0,8993 23,0000 
3,600 2260,1014 959,6988 1,6940 558,2730 21,4266 -0,1060 183,6264 0,8981 23,0000 
3,650 2286,0214 969,8599 1,7424 555,5017 21,3794 -0,1079 183,6146 0,8970 23,0000 
3,700 2311,8213 979,9493 1,7915 552,7526 21,3319 -0,1099 183,5807 0,8958 23,0000 
3,750 2337,5020 989,9675 1,8411 550,0253 21,2842 -0,1118 183,5254 0,8947 23,0000 
3,800 2363,0645 999,9151 1,8914 547,3197 21,2362 -0,1137 183,4495 0,8936 23,0000 
3,850 2388,5096 1009,7924 1,9424 544,6355 21,1880 -0,1157 183,3538 0,8925 23,0000 
3,900 2413,8384 1019,6000 1,9939 541,9725 21,1396 -0,1176 183,2391 0,8914 23,0000 
3,950 2439,0518 1029,3383 2,0461 539,3305 21,0908 -0,1196 183,1061 0,8903 23,0000 
4,000 2464,1506 1039,0078 2,0989 536,7092 21,0418 -0,1215 182,9555 0,8892 23,0000 
4,050 2489,1359 1048,6090 2,1523 534,1085 20,9926 -0,1235 182,7878 0,8881 23,0000 
4,100 2514,0084 1058,1423 2,2064 531,5281 20,9431 -0,1255 182,6039 0,8871 23,0000 
4,150 2538,7691 1067,6081 2,2610 528,9679 20,8934 -0,1275 182,4043 0,8860 23,0000 
4,200 2563,4189 1077,0070 2,3163 526,4276 20,8433 -0,1295 182,1897 0,8850 23,0000 
4,250 2587,9586 1086,3393 2,3722 523,9071 20,7931 -0,1315 181,9605 0,8839 23,0000 
4,300 2612,3891 1095,6055 2,4287 521,4061 20,7425 -0,1335 181,7174 0,8829 23,0000 
4,350 2636,7113 1104,8061 2,4858 518,9245 20,6918 -0,1355 181,4610 0,8819 23,0000 
4,400 2660,9260 1113,9414 2,5435 516,4620 20,6407 -0,1375 181,1916 0,8809 23,0000 
4,450 2685,0340 1123,0118 2,6017 514,0184 20,5894 -0,1395 180,9100 0,8799 23,0000 
4,500 2709,0361 1132,0179 2,6606 511,5937 20,5378 -0,1416 180,6165 0,8789 23,0000 
4,550 2732,9333 1140,9600 2,7201 509,1875 20,4860 -0,1436 180,3116 0,8779 23,0000 
4,600 2756,7263 1149,8385 2,7802 506,7997 20,4339 -0,1457 179,9958 0,8769 23,0000 
4,650 2780,4158 1158,6538 2,8408 504,4302 20,3815 -0,1477 179,6695 0,8759 23,0000 
4,700 2804,0028 1167,4064 2,9021 502,0787 20,3289 -0,1498 179,3332 0,8749 23,0000 
4,750 2827,4879 1176,0966 2,9639 499,7450 20,2760 -0,1519 178,9873 0,8740 23,0000 
4,800 2850,8720 1184,7249 3,0263 497,4291 20,2229 -0,1539 178,6322 0,8730 23,0000 
4,850 2874,1558 1193,2915 3,0892 495,1307 20,1694 -0,1560 178,2682 0,8721 23,0000 
4,900 2897,3402 1201,7970 3,1528 492,8496 20,1158 -0,1581 177,8957 0,8711 23,0000 
4,950 2920,4257 1210,2416 3,2169 490,5856 20,0618 -0,1602 177,5152 0,8702 23,0000 
5,000 2943,4133 1218,6259 3,2816 488,3387 20,0076 -0,1623 177,1268 0,8693 23,0000 
5,050 2966,3036 1226,9500 3,3469 486,1087 19,9531 -0,1644 176,7311 0,8684 23,0000 
5,100 2989,0974 1235,2145 3,4127 483,8953 19,8983 -0,1665 176,3283 0,8675 23,0000 
5,150 3011,7954 1243,4196 3,4791 481,6984 19,8433 -0,1686 175,9187 0,8666 23,0000 
5,200 3034,3984 1251,5658 3,5460 479,5179 19,7880 -0,1707 175,5027 0,8657 23,0000 
5,250 3056,9069 1259,6534 3,6135 477,3536 19,7325 -0,1729 175,0805 0,8648 23,0000 
5,300 3079,3218 1267,6827 3,6815 475,2053 19,6766 -0,1750 174,6524 0,8639 23,0000 
5,350 3101,6438 1275,6542 3,7502 473,0729 19,6205 -0,1772 174,2186 0,8630 23,0000 
5,400 3123,8734 1283,5681 3,8193 470,9563 19,5641 -0,1793 173,7796 0,8622 23,0000 
5,450 3146,0115 1291,4248 3,8890 468,8553 19,5075 -0,1815 173,3354 0,8613 23,0000 
5,500 3168,0587 1299,2247 3,9592 466,7697 19,4505 -0,1836 172,8864 0,8605 23,0000 
5,550 3190,0156 1306,9681 4,0300 464,6994 19,3933 -0,1858 172,4329 0,8596 23,0000 
5,600 3211,8830 1314,6552 4,1013 462,6442 19,3359 -0,1879 171,9749 0,8588 23,0000 
5,650 3233,6614 1322,2866 4,1732 460,6041 19,2781 -0,1901 171,5128 0,8580 23,0000 
5,700 3255,3516 1329,8624 4,2456 458,5788 19,2201 -0,1923 171,0468 0,8571 23,0000 
5,750 3276,9541 1337,3830 4,3185 456,5682 19,1618 -0,1945 170,5771 0,8563 23,0000 
5,800 3298,4697 1344,8487 4,3919 454,5723 19,1032 -0,1967 170,1038 0,8555 23,0000 
5,850 3319,8990 1352,2599 4,4659 452,5908 19,0444 -0,1989 169,6273 0,8547 23,0000 
5,900 3341,2425 1359,6169 4,5404 450,6236 18,9852 -0,2011 169,1476 0,8539 23,0000 
5,950 3362,5009 1366,9199 4,6154 448,6705 18,9258 -0,2033 168,6650 0,8531 23,0000 
6,000 3383,6748 1374,1693 4,6909 446,7316 18,8661 -0,2055 168,1796 0,8523 23,0000 
6,050 3404,7649 1381,3655 4,7670 444,8065 18,8062 -0,2077 167,6917 0,8516 23,0000 
6,100 3425,7716 1388,5086 4,8435 442,8953 18,7459 -0,2099 167,2013 0,8508 23,0000 
6,150 3446,6957 1395,5990 4,9206 440,9977 18,6854 -0,2121 166,7086 0,8500 23,0000 
6,200 3467,5377 1402,6370 4,9982 439,1136 18,6246 -0,2144 166,2138 0,8493 23,0000 
6,250 3488,2983 1409,6229 5,0762 437,2430 18,5635 -0,2166 165,7171 0,8485 23,0000 
6,300 3508,9779 1416,5569 5,1548 435,3856 18,5021 -0,2188 165,2185 0,8478 23,0000 
6,350 3529,5771 1423,4395 5,2339 433,5414 18,4405 -0,2211 164,7182 0,8470 23,0000 
6,400 3550,0966 1430,2708 5,3135 431,7103 18,3785 -0,2233 164,2165 0,8463 23,0000 
6,450 3570,5368 1437,0511 5,3936 429,8921 18,3163 -0,2256 163,7132 0,8456 23,0000 
6,500 3590,8985 1443,7808 5,4741 428,0867 18,2538 -0,2279 163,2087 0,8448 23,0000 
6,550 3611,1820 1450,4600 5,5552 426,2940 18,1910 -0,2301 162,7031 0,8441 23,0000 
6,600 3631,3879 1457,0892 5,6368 424,5139 18,1279 -0,2324 162,1964 0,8434 23,0000 
6,650 3651,5169 1463,6684 5,7188 422,7462 18,0646 -0,2347 161,6887 0,8427 23,0000 
6,700 3671,5693 1470,1981 5,8013 420,9909 18,0009 -0,2369 161,1802 0,8420 23,0000 
6,750 3691,5459 1476,6785 5,8843 419,2478 17,9370 -0,2392 160,6710 0,8413 23,0000 
6,800 3711,4470 1483,1098 5,9678 417,5169 17,8728 -0,2415 160,1611 0,8406 23,0000 
6,850 3731,2732 1489,4924 6,0518 415,7980 17,8083 -0,2438 159,6508 0,8399 23,0000 
6,900 3751,0251 1495,8264 6,1362 414,0910 17,7435 -0,2461 159,1400 0,8393 23,0000 
6,950 3770,7030 1502,1121 6,2211 412,3959 17,6784 -0,2484 158,6289 0,8386 23,0000 
7,000 3790,3077 1508,3499 6,3065 410,7124 17,6130 -0,2507 158,1175 0,8379 23,0000 
7,050 3809,8395 1514,5398 6,3923 409,0405 17,5473 -0,2530 157,6059 0,8373 23,0000 
7,100 3829,2989 1520,6822 6,4787 407,3802 17,4814 -0,2553 157,0943 0,8366 23,0000 
7,150 3848,6865 1526,7774 6,5654 405,7312 17,4151 -0,2576 156,5827 0,8360 23,0000 
7,200 3868,0027 1532,8256 6,6527 404,0936 17,3486 -0,2599 156,0711 0,8353 23,0000 
7,250 3887,2481 1538,8269 6,7404 402,4671 17,2818 -0,2623 155,5597 0,8347 23,0000 
7,300 3906,4230 1544,7818 6,8285 400,8517 17,2146 -0,2646 155,0485 0,8341 23,0000 
7,350 3925,5280 1550,6903 6,9171 399,2474 17,1472 -0,2669 154,5376 0,8334 23,0000 
7,400 3944,5635 1556,5528 7,0062 397,6561 17,0795 -0,2692 154,0271 0,8328 23,0000 
7,450 3963,5305 1562,3696 7,0957 396,0868 17,0115 -0,2716 153,5170 0,8322 23,0000 
7,500 3982,4296 1568,1409 7,1857 394,5288 16,9432 -0,2739 153,0074 0,8316 23,0000 
7,550 4001,2614 1573,8672 7,2761 392,9823 16,8747 -0,2762 152,4984 0,8310 23,0000 
7,600 4020,0262 1579,5485 7,3669 391,4473 16,8058 -0,2785 151,9900 0,8304 23,0000 
7,650 4038,7247 1585,1851 7,4582 389,9241 16,7366 -0,2809 151,4823 0,8298 23,0000 
7,700 4057,3573 1590,7773 7,5499 388,4129 16,6672 -0,2832 150,9754 0,8292 23,0000 
7,750 4075,9246 1596,3253 7,6421 386,9137 16,5974 -0,2855 150,4692 0,8286 23,0000 
7,800 4094,4270 1601,8294 7,7347 385,4269 16,5274 -0,2879 149,9639 0,8280 23,0000 
7,850 4112,8652 1607,2898 7,8277 383,9525 16,4570 -0,2902 149,4595 0,8274 23,0000 
7,900 4131,2397 1612,7067 7,9211 382,4908 16,3864 -0,2925 148,9561 0,8269 23,0000 
7,950 4149,5511 1618,0805 8,0150 381,0420 16,3155 -0,2949 148,4536 0,8263 23,0000 
8,000 4167,7999 1623,4113 8,1093 379,6063 16,2443 -0,2972 147,9522 0,8257 23,0000 
8,050 4185,9867 1628,6994 8,2040 378,1838 16,1728 -0,2995 147,4519 0,8252 23,0000 
8,100 4204,1121 1633,9451 8,2991 376,7748 16,1010 -0,3018 146,9528 0,8246 23,0000 
8,150 4222,1767 1639,1487 8,3946 375,3794 16,0289 -0,3042 146,4548 0,8241 23,0000 
8,200 4240,1810 1644,3103 8,4905 373,9979 15,9566 -0,3065 145,9580 0,8235 23,0000 
8,250 4258,1259 1649,4303 8,5869 372,6303 15,8839 -0,3088 145,4625 0,8230 23,0000 
8,300 4276,0117 1654,5089 8,6836 371,2770 15,8110 -0,3111 144,9683 0,8225 23,0000 
8,350 4293,8393 1659,5463 8,7808 369,9380 15,7378 -0,3134 144,4754 0,8219 23,0000 
8,400 4311,6092 1664,5430 8,8783 368,6136 15,6642 -0,3157 143,9840 0,8214 23,0000 
8,450 4329,3220 1669,4990 8,9763 367,3038 15,5904 -0,3180 143,4939 0,8209 23,0000 
8,500 4346,9785 1674,4147 9,0746 366,0089 15,5164 -0,3202 143,0053 0,8204 23,0000 
8,550 4364,5794 1679,2903 9,1733 364,7290 15,4420 -0,3225 142,5181 0,8199 23,0000 
8,600 4382,1252 1684,1261 9,2725 363,4641 15,3674 -0,3248 142,0325 0,8194 23,0000 
8,650 4399,6167 1688,9224 9,3720 362,2145 15,2924 -0,3270 141,5484 0,8189 23,0000 
8,700 4417,0545 1693,6795 9,4718 360,9802 15,2172 -0,3293 141,0659 0,8184 23,0000 
8,750 4434,4394 1698,3975 9,5721 359,7614 15,1417 -0,3315 140,5850 0,8179 23,0000 
8,800 4451,7721 1703,0768 9,6727 358,5581 15,0660 -0,3338 140,1057 0,8174 23,0000 
8,850 4469,0532 1707,7176 9,7737 357,3704 14,9900 -0,3360 139,6281 0,8169 23,0000 
8,900 4486,2834 1712,3203 9,8751 356,1985 14,9137 -0,3382 139,1522 0,8164 23,0000 
8,950 4503,4635 1716,8850 9,9768 355,0422 14,8371 -0,3404 138,6779 0,8159 23,0000 
9,000 4520,5942 1721,4120 10,0789 353,9018 14,7603 -0,3426 138,2054 0,8155 23,0000 
9,050 4537,6762 1725,9016 10,1814 352,7773 14,6831 -0,3447 137,7347 0,8150 23,0000 
9,100 4554,7102 1730,3540 10,2842 351,6686 14,6058 -0,3469 137,2657 0,8145 23,0000 
9,150 4571,6970 1734,7696 10,3873 350,5758 14,5281 -0,3490 136,7986 0,8141 23,0000 
9,200 4588,6372 1739,1485 10,4909 349,4989 14,4502 -0,3512 136,3332 0,8136 23,0000 
9,250 4605,5316 1743,4910 10,5947 348,4379 14,3721 -0,3533 135,8697 0,8132 23,0000 
9,300 4622,3809 1747,7975 10,6989 347,3928 14,2937 -0,3554 135,4081 0,8127 23,0000 
9,350 4639,1858 1752,0680 10,8035 346,3636 14,2150 -0,3575 134,9483 0,8123 23,0000 
9,400 4655,9471 1756,3029 10,9083 345,3503 14,1361 -0,3595 134,4904 0,8118 23,0000 
9,450 4672,6654 1760,5024 11,0135 344,3527 14,0569 -0,3616 134,0344 0,8114 23,0000 
9,500 4689,3415 1764,6668 11,1191 343,3709 13,9775 -0,3636 133,5803 0,8110 23,0000 
9,550 4705,9762 1768,7963 11,2249 342,4049 13,8978 -0,3656 133,1282 0,8105 23,0000 
9,600 4722,5700 1772,8912 11,3311 341,4544 13,8179 -0,3676 132,6780 0,8101 23,0000 
9,650 4739,1237 1776,9516 11,4376 340,5195 13,7378 -0,3696 132,2297 0,8097 23,0000 
9,700 4755,6381 1780,9779 11,5445 339,6001 13,6574 -0,3716 131,7834 0,8093 23,0000 
9,750 4772,1139 1784,9702 11,6516 338,6961 13,5768 -0,3735 131,3391 0,8089 23,0000 
9,800 4788,5516 1788,9288 11,7590 337,8074 13,4959 -0,3755 130,8968 0,8084 23,0000 
9,850 4804,9521 1792,8539 11,8668 336,9339 13,4148 -0,3774 130,4565 0,8080 23,0000 
9,900 4821,3160 1796,7457 11,9748 336,0755 13,3335 -0,3793 130,0181 0,8076 23,0000 
9,950 4837,6440 1800,6045 12,0832 335,2320 13,2520 -0,3812 129,5818 0,8072 23,0000 
10,000 4853,9368 1804,4304 12,1919 334,4034 13,1702 -0,3830 129,1475 0,8068 23,0000 
10,050 4870,1951 1808,2237 12,3008 333,5896 13,0882 -0,3848 128,7151 0,8064 23,0000 
10,100 4886,4195 1811,9847 12,4100 332,7903 13,0060 -0,3867 128,2849 0,8061 23,0000 
10,150 4902,6106 1815,7134 12,5196 332,0055 12,9236 -0,3885 127,8566 0,8057 23,0000 
10,200 4918,7693 1819,4101 12,6294 331,2348 12,8409 -0,3903 127,4304 0,8053 23,0000 
10,250 4934,8959 1823,0750 12,7395 330,4746 12,7581 -0,3920 127,0062 0,8049 23,0000 
10,300 4950,9910 1826,7082 12,8498 329,7229 12,6750 -0,3938 126,5840 0,8045 23,0000 
10,350 4967,0548 1830,3098 12,9605 328,9795 12,5918 -0,3955 126,1639 0,8042 23,0000 
10,400 4983,0878 1833,8801 13,0714 328,2442 12,5083 -0,3973 125,7458 0,8038 23,0000 
10,450 4999,0903 1837,4190 13,1826 327,5168 12,4246 -0,3990 125,3297 0,8034 23,0000 
10,500 5015,0626 1840,9268 13,2941 326,7972 12,3407 -0,4007 124,9156 0,8031 23,0000 
10,550 5031,0050 1844,4035 13,4058 326,0851 12,2566 -0,4025 124,5035 0,8027 23,0000 
10,600 5046,9179 1847,8492 13,5179 325,3804 12,1722 -0,4042 124,0934 0,8024 23,0000 
10,650 5062,8016 1851,2642 13,6301 324,6829 12,0877 -0,4059 123,6853 0,8020 23,0000 
10,700 5078,6564 1854,6484 13,7427 323,9926 12,0030 -0,4076 123,2792 0,8017 23,0000 
10,750 5094,4826 1858,0021 13,8555 323,3092 11,9181 -0,4093 122,8750 0,8013 23,0000 
10,800 5110,2805 1861,3252 13,9686 322,6325 11,8329 -0,4110 122,4728 0,8010 23,0000 
10,850 5126,0503 1864,6180 14,0820 321,9625 11,7476 -0,4127 122,0725 0,8006 23,0000 
10,900 5141,7924 1867,8804 14,1956 321,2991 11,6621 -0,4143 121,6742 0,8003 23,0000 
10,950 5157,5070 1871,1127 14,3094 320,6420 11,5763 -0,4160 121,2779 0,8000 23,0000 
11,000 5173,1944 1874,3149 14,4236 319,9912 11,4904 -0,4177 120,8835 0,7996 23,0000 
11,050 5188,8548 1877,4871 14,5380 319,3465 11,4043 -0,4193 120,4910 0,7993 23,0000 
11,100 5204,4885 1880,6294 14,6526 318,7078 11,3180 -0,4210 120,1004 0,7990 23,0000 
11,150 5220,0958 1883,7419 14,7675 318,0750 11,2314 -0,4226 119,7117 0,7987 23,0000 
11,200 5235,6769 1886,8247 14,8827 317,4480 11,1447 -0,4243 119,3249 0,7984 23,0000 
11,250 5251,2320 1889,8778 14,9981 316,8267 11,0578 -0,4259 118,9400 0,7980 23,0000 
11,300 5266,7613 1892,9014 15,1137 316,2109 10,9707 -0,4275 118,5570 0,7977 23,0000 
11,350 5282,2652 1895,8956 15,2296 315,6007 10,8834 -0,4292 118,1758 0,7974 23,0000 
11,400 5297,7437 1898,8603 15,3458 314,9958 10,7959 -0,4308 117,7965 0,7971 23,0000 
11,450 5313,1972 1901,7958 15,4622 314,3962 10,7083 -0,4324 117,4191 0,7968 23,0000 
11,500 5328,6258 1904,7021 15,5789 313,8017 10,6204 -0,4340 117,0435 0,7965 23,0000 
11,550 5344,0298 1907,5793 15,6958 313,2124 10,5324 -0,4356 116,6697 0,7962 23,0000 
11,600 5359,4093 1910,4274 15,8129 312,6281 10,4441 -0,4372 116,2978 0,7959 23,0000 
11,650 5374,7646 1913,2465 15,9303 312,0487 10,3557 -0,4388 115,9276 0,7957 23,0000 
11,700 5390,0958 1916,0367 16,0479 311,4741 10,2671 -0,4404 115,5593 0,7954 23,0000 
11,750 5405,4032 1918,7982 16,1658 310,9043 10,1783 -0,4420 115,1927 0,7951 23,0000 
11,800 5420,6869 1921,5308 16,2839 310,3392 10,0893 -0,4436 114,8280 0,7948 23,0000 
11,850 5435,9471 1924,2348 16,4023 309,7786 10,0001 -0,4452 114,4650 0,7945 23,0000 
11,900 5451,1841 1926,9102 16,5209 309,2226 9,9108 -0,4467 114,1038 0,7943 23,0000 
11,950 5466,3979 1929,5570 16,6397 308,6711 9,8213 -0,4483 113,7443 0,7940 23,0000 
12,000 5481,5887 1932,1754 16,7588 308,1239 9,7316 -0,4499 113,3866 0,7937 23,0000 
12,050 5496,7568 1934,7653 16,8781 307,5811 9,6417 -0,4514 113,0306 0,7935 23,0000 
12,100 5511,9023 1937,3269 16,9976 307,0425 9,5516 -0,4530 112,6763 0,7932 23,0000 
12,150 5527,0253 1939,8603 17,1174 306,5081 9,4613 -0,4546 112,3238 0,7929 23,0000 
12,200 5542,1260 1942,3654 17,2374 305,9779 9,3709 -0,4561 111,9730 0,7927 23,0000 
12,250 5557,2046 1944,8424 17,3577 305,4517 9,2803 -0,4577 111,6238 0,7924 23,0000 
12,300 5572,2613 1947,2913 17,4782 304,9295 9,1895 -0,4592 111,2764 0,7922 23,0000 
12,350 5587,2961 1949,7121 17,5989 304,4113 9,0986 -0,4608 110,9306 0,7919 23,0000 
12,400 5602,3093 1952,1050 17,7198 303,8969 9,0074 -0,4623 110,5865 0,7917 23,0000 
12,450 5617,3009 1954,4700 17,8410 303,3864 8,9161 -0,4638 110,2440 0,7914 23,0000 
12,500 5632,2712 1956,8072 17,9624 302,8797 8,8246 -0,4654 109,9032 0,7912 23,0000 
12,550 5647,2202 1959,1165 18,0840 302,3767 8,7330 -0,4669 109,5640 0,7910 23,0000 
12,600 5662,1482 1961,3982 18,2059 301,8773 8,6411 -0,4684 109,2265 0,7907 23,0000 
12,650 5677,0552 1963,6521 18,3279 301,3816 8,5491 -0,4700 108,8906 0,7905 23,0000 
12,700 5691,9413 1965,8784 18,4502 300,8895 8,4570 -0,4715 108,5563 0,7903 23,0000 
12,750 5706,8068 1968,0772 18,5728 300,4009 8,3646 -0,4730 108,2235 0,7901 23,0000 
12,800 5721,6517 1970,2485 18,6955 299,9159 8,2721 -0,4745 107,8924 0,7898 23,0000 
12,850 5736,4762 1972,3922 18,8185 299,4342 8,1794 -0,4761 107,5629 0,7896 23,0000 
12,900 5751,2804 1974,5086 18,9417 298,9559 8,0866 -0,4776 107,2349 0,7894 23,0000 
12,950 5766,0644 1976,5977 19,0651 298,4810 7,9936 -0,4791 106,9085 0,7892 23,0000 
13,000 5780,8283 1978,6594 19,1888 298,0095 7,9004 -0,4806 106,5836 0,7890 23,0000 
13,050 5795,5723 1980,6938 19,3126 297,5411 7,8070 -0,4821 106,2603 0,7888 23,0000 
13,100 5810,2965 1982,7011 19,4367 297,0761 7,7135 -0,4836 105,9386 0,7886 23,0000 
13,150 5825,0009 1984,6812 19,5610 296,6142 7,6198 -0,4851 105,6183 0,7884 23,0000 
13,200 5839,6858 1986,6342 19,6856 296,1554 7,5260 -0,4866 105,2996 0,7882 23,0000 
13,250 5854,3512 1988,5601 19,8103 295,6998 7,4320 -0,4881 104,9823 0,7880 23,0000 
13,300 5868,9972 1990,4590 19,9353 295,2473 7,3378 -0,4896 104,6666 0,7878 23,0000 
13,350 5883,6239 1992,3310 20,0604 294,7978 7,2435 -0,4911 104,3524 0,7876 23,0000 
13,400 5898,2315 1994,1760 20,1858 294,3513 7,1490 -0,4926 104,0396 0,7874 23,0000 
13,450 5912,8200 1995,9942 20,3114 293,9078 7,0543 -0,4941 103,7283 0,7872 23,0000 
13,500 5927,3896 1997,7855 20,4373 293,4672 6,9595 -0,4955 103,4185 0,7870 23,0000 
13,550 5941,9404 1999,5501 20,5633 293,0295 6,8645 -0,4970 103,1101 0,7869 23,0000 
13,600 5956,4723 2001,2879 20,6896 292,5948 6,7694 -0,4985 102,8032 0,7867 23,0000 
13,650 5970,9857 2002,9990 20,8160 292,1628 6,6741 -0,5000 102,4977 0,7865 23,0000 
13,700 5985,4804 2004,6835 20,9427 291,7337 6,5786 -0,5015 102,1936 0,7864 23,0000 
13,750 5999,9567 2006,3413 21,0696 291,3074 6,4830 -0,5029 101,8910 0,7862 23,0000 
13,800 6014,4147 2007,9726 21,1967 290,8838 6,3873 -0,5044 101,5897 0,7860 23,0000 
13,850 6028,8544 2009,5774 21,3240 290,4630 6,2913 -0,5059 101,2899 0,7859 23,0000 
13,900 6043,2759 2011,1556 21,4515 290,0448 6,1953 -0,5074 100,9915 0,7857 23,0000 
13,950 6057,6793 2012,7074 21,5793 289,6294 6,0990 -0,5088 100,6944 0,7855 23,0000 
14,000 6072,0647 2014,2329 21,7072 289,2166 6,0027 -0,5103 100,3987 0,7854 23,0000 
14,050 6086,4321 2015,7319 21,8353 288,8064 5,9061 -0,5118 100,1044 0,7852 23,0000 
14,100 6100,7818 2017,2047 21,9637 288,3988 5,8094 -0,5132 99,8114 0,7851 23,0000 
14,150 6115,1137 2018,6511 22,0923 287,9937 5,7126 -0,5147 99,5198 0,7849 23,0000 
14,200 6129,4279 2020,0713 22,2210 287,5912 5,6156 -0,5162 99,2296 0,7848 23,0000 
14,250 6143,7246 2021,4653 22,3500 287,1913 5,5185 -0,5176 98,9406 0,7847 23,0000 
14,300 6158,0037 2022,8332 22,4792 286,7938 5,4212 -0,5191 98,6530 0,7845 23,0000 
14,350 6172,2655 2024,1749 22,6086 286,3988 5,3238 -0,5205 98,3667 0,7844 23,0000 
14,400 6186,5099 2025,4905 22,7382 286,0063 5,2262 -0,5220 98,0818 0,7842 23,0000 
14,450 6200,7370 2026,7801 22,8680 285,6162 5,1284 -0,5234 97,7981 0,7841 23,0000 
14,500 6214,9470 2028,0436 22,9980 285,2285 5,0306 -0,5249 97,5157 0,7840 23,0000 
14,550 6229,1398 2029,2812 23,1282 284,8432 4,9325 -0,5264 97,2346 0,7839 23,0000 
14,600 6243,3156 2030,4928 23,2586 284,4602 4,8344 -0,5278 96,9548 0,7837 23,0000 
14,650 6257,4744 2031,6785 23,3892 284,0796 4,7361 -0,5293 96,6763 0,7836 23,0000 
14,700 6271,6163 2032,8383 23,5201 283,7013 4,6376 -0,5307 96,3990 0,7835 23,0000 
14,750 6285,7414 2033,9723 23,6511 283,3254 4,5390 -0,5322 96,1230 0,7834 23,0000 
14,800 6299,8498 2035,0805 23,7823 282,9517 4,4403 -0,5336 95,8482 0,7833 23,0000 
14,850 6313,9415 2036,1629 23,9137 282,5803 4,3414 -0,5350 95,5747 0,7832 23,0000 
14,900 6328,0165 2037,2196 24,0453 282,2111 4,2424 -0,5365 95,3024 0,7831 23,0000 
14,950 6342,0751 2038,2506 24,1771 281,8442 4,1432 -0,5379 95,0313 0,7830 23,0000 
15,000 6356,1171 2039,2559 24,3092 281,4794 4,0439 -0,5394 94,7615 0,7829 23,0000 
15,050 6370,1427 2040,2356 24,4414 281,1169 3,9445 -0,5408 94,4929 0,7828 23,0000 
15,100 6384,1520 2041,1897 24,5738 280,7566 3,8449 -0,5423 94,2254 0,7827 23,0000 
15,150 6398,1450 2042,1183 24,7064 280,3984 3,7452 -0,5437 93,9592 0,7826 23,0000 
15,200 6412,1217 2043,0213 24,8392 280,0423 3,6453 -0,5451 93,6941 0,7825 23,0000 
15,250 6426,0823 2043,8988 24,9722 279,6884 3,5453 -0,5466 93,4303 0,7824 23,0000 
15,300 6440,0268 2044,7508 25,1054 279,3366 3,4452 -0,5480 93,1676 0,7823 23,0000 
15,350 6453,9553 2045,5774 25,2388 278,9869 3,3449 -0,5494 92,9061 0,7822 23,0000 
15,400 6467,8678 2046,3786 25,3724 278,6393 3,2445 -0,5509 92,6457 0,7821 23,0000 
15,450 6481,7644 2047,1545 25,5062 278,2937 3,1440 -0,5523 92,3865 0,7821 23,0000 
15,500 6495,6451 2047,9049 25,6402 277,9502 3,0433 -0,5537 92,1285 0,7820 23,0000 
15,550 6509,5100 2048,6301 25,7744 277,6087 2,9425 -0,5552 91,8716 0,7819 23,0000 
15,600 6523,3592 2049,3300 25,9087 277,2693 2,8416 -0,5566 91,6158 0,7818 23,0000 
15,650 6537,1926 2050,0047 26,0433 276,9318 2,7405 -0,5580 91,3611 0,7818 23,0000 
15,700 6551,0105 2050,6541 26,1781 276,5964 2,6394 -0,5595 91,1076 0,7817 23,0000 
15,750 6564,8128 2051,2784 26,3130 276,2629 2,5380 -0,5609 90,8552 0,7816 23,0000 
15,800 6578,5995 2051,8775 26,4481 275,9314 2,4366 -0,5623 90,6039 0,7816 23,0000 
15,850 6592,3708 2052,4515 26,5835 275,6018 2,3350 -0,5638 90,3537 0,7815 23,0000 
15,900 6606,1266 2053,0004 26,7190 275,2742 2,2333 -0,5652 90,1046 0,7815 23,0000 
15,950 6619,8671 2053,5242 26,8547 274,9485 2,1315 -0,5666 89,8566 0,7814 23,0000 
16,000 6633,5923 2054,0230 26,9906 274,6248 2,0295 -0,5680 89,6096 0,7814 23,0000 
16,050 6647,3022 2054,4968 27,1267 274,3029 1,9275 -0,5695 89,3638 0,7813 23,0000 
16,100 6660,9969 2054,9456 27,2630 273,9829 1,8253 -0,5709 89,1190 0,7813 23,0000 
16,150 6674,6764 2055,3695 27,3995 273,6648 1,7229 -0,5723 88,8753 0,7812 23,0000 
16,200 6688,3408 2055,7684 27,5362 273,3486 1,6205 -0,5737 88,6326 0,7812 23,0000 
16,250 6701,9901 2056,1425 27,6730 273,0343 1,5179 -0,5752 88,3910 0,7812 23,0000 
16,300 6715,6245 2056,4917 27,8100 272,7217 1,4152 -0,5766 88,1504 0,7811 23,0000 
16,350 6729,2438 2056,8161 27,9473 272,4110 1,3124 -0,5780 87,9109 0,7811 23,0000 
16,400 6742,8483 2057,1157 28,0847 272,1022 1,2095 -0,5794 87,6724 0,7811 23,0000 
16,450 6756,4378 2057,3905 28,2223 271,7951 1,1064 -0,5808 87,4349 0,7810 23,0000 
16,500 6770,0126 2057,6405 28,3601 271,4899 1,0033 -0,5823 87,1985 0,7810 23,0000 
16,550 6783,5725 2057,8658 28,4981 271,1864 0,9000 -0,5837 86,9630 0,7810 23,0000 
16,600 6797,1177 2058,0665 28,6362 270,8847 0,7966 -0,5851 86,7286 0,7810 23,0000 
16,650 6810,6482 2058,2424 28,7746 270,5848 0,6931 -0,5865 86,4952 0,7809 23,0000 
16,700 6824,1641 2058,3938 28,9131 270,2867 0,5894 -0,5879 86,2628 0,7809 23,0000 
16,750 6837,6653 2058,5205 29,0518 269,9903 0,4857 -0,5894 86,0313 0,7809 23,0000 
16,800 6851,1520 2058,6226 29,1907 269,6956 0,3818 -0,5908 85,8009 0,7809 23,0000 
16,850 6864,6242 2058,7002 29,3298 269,4027 0,2779 -0,5922 85,5714 0,7809 23,0000 
16,900 6878,0818 2058,7533 29,4691 269,1115 0,1738 -0,5936 85,3430 0,7809 23,0000 
16,950 6891,5251 2058,7819 29,6085 268,8220 0,0696 -0,5950 85,1154 0,7809 23,0000 
17,000 6904,9539 2058,7859 29,7482 268,5342 -0,0347 -0,5965 84,8889 0,7809 23,0000 
17,050 6918,3684 2058,7656 29,8880 268,2481 -0,1392 -0,5979 84,6633 0,7809 23,0000 
17,100 6931,7685 2058,7208 30,0280 267,9637 -0,2437 -0,5993 84,4387 0,7809 23,0000 
17,150 6945,1544 2058,6516 30,1682 267,6810 -0,3483 -0,6007 84,2150 0,7809 23,0000 
17,200 6958,5260 2058,5581 30,3085 267,4000 -0,4531 -0,6021 83,9922 0,7809 23,0000 
17,250 6971,8834 2058,4402 30,4491 267,1206 -0,5579 -0,6035 83,7704 0,7809 23,0000 
17,300 6985,2267 2058,2980 30,5898 266,8428 -0,6629 -0,6049 83,5495 0,7809 23,0000 
17,350 6998,5558 2058,1315 30,7307 266,5667 -0,7679 -0,6064 83,3296 0,7810 23,0000 
17,400 7011,8709 2057,9407 30,8718 266,2923 -0,8731 -0,6078 83,1106 0,7810 23,0000 
17,450 7025,1719 2057,7257 31,0130 266,0194 -0,9784 -0,6092 82,8925 0,7810 23,0000 
17,500 7038,4589 2057,4865 31,1545 265,7482 -1,0838 -0,6106 82,6753 0,7810 23,0000 
17,550 7051,7319 2057,2231 31,2961 265,4769 -1,1892 -0,6120 82,4590 0,7810 23,0000 
17,600 7064,9906 2056,9355 31,4379 265,1988 -1,2948 -0,6135 82,2436 0,7811 23,0000 
17,650 7078,2349 2056,6238 31,5799 264,9221 -1,4005 -0,6149 82,0291 0,7811 23,0000 
17,700 7091,4649 2056,2880 31,7220 264,6470 -1,5063 -0,6164 81,8155 0,7811 23,0000 
17,750 7104,6804 2055,9282 31,8644 264,3733 -1,6122 -0,6178 81,6027 0,7812 23,0000 
17,800 7117,8817 2055,5443 32,0069 264,1012 -1,7182 -0,6192 81,3908 0,7812 23,0000 
17,850 7131,0686 2055,1363 32,1496 263,8305 -1,8243 -0,6207 81,1798 0,7813 23,0000 
17,900 7144,2413 2054,7044 32,2924 263,5614 -1,9305 -0,6221 80,9697 0,7813 23,0000 
17,950 7157,3998 2054,2485 32,4355 263,2937 -2,0367 -0,6236 80,7604 0,7813 23,0000 
18,000 7170,5440 2053,7686 32,5787 263,0275 -2,1431 -0,6250 80,5520 0,7814 23,0000 
18,050 7183,6741 2053,2649 32,7221 262,7628 -2,2496 -0,6265 80,3444 0,7814 23,0000 
18,100 7196,7900 2052,7372 32,8657 262,4995 -2,3562 -0,6279 80,1377 0,7815 23,0000 
18,150 7209,8919 2052,1857 33,0094 262,2377 -2,4629 -0,6293 79,9318 0,7816 23,0000 
18,200 7222,9796 2051,6103 33,1534 261,9774 -2,5697 -0,6308 79,7268 0,7816 23,0000 
18,250 7236,0533 2051,0111 33,2975 261,7186 -2,6766 -0,6322 79,5226 0,7817 23,0000 
18,300 7249,1129 2050,3881 33,4418 261,4612 -2,7836 -0,6337 79,3192 0,7817 23,0000 
18,350 7262,1585 2049,7414 33,5862 261,2053 -2,8906 -0,6351 79,1166 0,7818 23,0000 
18,400 7275,1902 2049,0709 33,7308 260,9508 -2,9978 -0,6366 78,9149 0,7819 23,0000 
18,450 7288,2079 2048,3767 33,8756 260,6977 -3,1050 -0,6380 78,7139 0,7819 23,0000 
18,500 7301,2117 2047,6588 34,0206 260,4461 -3,2124 -0,6395 78,5138 0,7820 23,0000 
18,550 7314,2017 2046,9173 34,1658 260,1960 -3,3198 -0,6409 78,3145 0,7821 23,0000 
18,600 7327,1777 2046,1520 34,3111 259,9473 -3,4273 -0,6424 78,1160 0,7822 23,0000 
18,650 7340,1399 2045,3632 34,4566 259,7000 -3,5349 -0,6438 77,9182 0,7822 23,0000 
18,700 7353,0883 2044,5508 34,6022 259,4541 -3,6426 -0,6452 77,7213 0,7823 23,0000 
18,750 7366,0230 2043,7148 34,7481 259,2097 -3,7504 -0,6467 77,5252 0,7824 23,0000 
18,800 7378,9439 2042,8553 34,8941 258,9667 -3,8583 -0,6481 77,3298 0,7825 23,0000 
18,850 7391,8510 2041,9723 35,0402 258,7251 -3,9663 -0,6496 77,1352 0,7826 23,0000 
18,900 7404,7445 2041,0657 35,1866 258,4849 -4,0743 -0,6510 76,9414 0,7827 23,0000 
18,950 7417,6243 2040,1357 35,3331 258,2462 -4,1825 -0,6525 76,7484 0,7828 23,0000 
19,000 7430,4904 2039,1823 35,4798 258,0088 -4,2907 -0,6539 76,5561 0,7829 23,0000 
19,050 7443,3430 2038,2054 35,6266 257,7729 -4,3990 -0,6554 76,3647 0,7830 23,0000 
19,100 7456,1819 2037,2052 35,7737 257,5383 -4,5073 -0,6568 76,1739 0,7831 23,0000 
19,150 7469,0073 2036,1815 35,9209 257,3052 -4,6158 -0,6583 75,9839 0,7832 23,0000 
19,200 7481,8191 2035,1345 36,0682 257,0734 -4,7243 -0,6597 75,7947 0,7833 23,0000 
19,250 7494,6174 2034,0642 36,2158 256,8430 -4,8330 -0,6612 75,6062 0,7834 23,0000 
19,300 7507,4022 2032,9706 36,3635 256,6140 -4,9416 -0,6626 75,4185 0,7835 23,0000 
19,350 7520,1736 2031,8537 36,5113 256,3864 -5,0504 -0,6641 75,2315 0,7836 23,0000 
19,400 7532,9315 2030,7136 36,6594 256,1602 -5,1593 -0,6655 75,0453 0,7837 23,0000 
19,450 7545,6760 2029,5502 36,8076 255,9354 -5,2682 -0,6670 74,8597 0,7838 23,0000 
19,500 7558,4071 2028,3637 36,9559 255,7119 -5,3772 -0,6684 74,6750 0,7840 23,0000 
19,550 7571,1248 2027,1539 37,1045 255,4898 -5,4863 -0,6699 74,4909 0,7841 23,0000 
19,600 7583,8292 2025,9210 37,2532 255,2691 -5,5954 -0,6713 74,3075 0,7842 23,0000 
19,650 7596,5202 2024,6650 37,4020 255,0497 -5,7046 -0,6728 74,1249 0,7843 23,0000 
19,700 7609,1980 2023,3858 37,5510 254,8317 -5,8139 -0,6742 73,9430 0,7845 23,0000 
19,750 7621,8625 2022,0836 37,7002 254,6150 -5,9233 -0,6757 73,7618 0,7846 23,0000 
19,800 7634,5138 2020,7583 37,8496 254,3997 -6,0327 -0,6771 73,5813 0,7847 23,0000 
19,850 7647,1518 2019,4099 37,9991 254,1857 -6,1422 -0,6786 73,4016 0,7849 23,0000 
19,900 7659,7767 2018,0386 38,1488 253,9731 -6,2518 -0,6800 73,2225 0,7850 23,0000 
19,950 7672,3883 2016,6442 38,2986 253,7618 -6,3614 -0,6815 73,0441 0,7851 23,0000 
20,000 7684,9869 2015,2269 38,4487 253,5519 -6,4711 -0,6829 72,8664 0,7853 23,0000 
20,050 7697,5722 2013,7867 38,5988 253,3433 -6,5809 -0,6844 72,6894 0,7854 23,0000 
20,100 7710,1445 2012,3235 38,7492 253,1360 -6,6907 -0,6858 72,5131 0,7856 23,0000 
20,150 7722,7037 2010,8374 38,8997 252,9300 -6,8006 -0,6873 72,3375 0,7857 23,0000 
20,200 7735,2498 2009,3285 39,0503 252,7254 -6,9105 -0,6887 72,1625 0,7859 23,0000 
20,250 7747,7829 2007,7966 39,2011 252,5221 -7,0206 -0,6902 71,9883 0,7860 23,0000 
20,300 7760,3030 2006,2420 39,3521 252,3201 -7,1306 -0,6916 71,8147 0,7862 23,0000 
20,350 7772,8101 2004,6646 39,5033 252,1194 -7,2408 -0,6931 71,6418 0,7864 23,0000 
20,400 7785,3042 2003,0643 39,6546 251,9201 -7,3510 -0,6945 71,4695 0,7865 23,0000 
20,450 7797,7854 2001,4413 39,8060 251,7220 -7,4612 -0,6960 71,2979 0,7867 23,0000 
20,500 7810,2536 1999,7956 39,9576 251,5253 -7,5715 -0,6974 71,1270 0,7868 23,0000 
20,550 7822,7089 1998,1271 40,1094 251,3298 -7,6819 -0,6989 70,9567 0,7870 23,0000 
20,600 7835,1514 1996,4360 40,2614 251,1357 -7,7923 -0,7003 70,7871 0,7872 23,0000 
20,650 7847,5810 1994,7222 40,4135 250,9428 -7,9028 -0,7018 70,6182 0,7874 23,0000 
20,700 7859,9977 1992,9857 40,5657 250,7512 -8,0133 -0,7033 70,4498 0,7875 23,0000 
20,750 7872,4016 1991,2266 40,7181 250,5609 -8,1239 -0,7047 70,2822 0,7877 23,0000 
20,800 7884,7927 1989,4450 40,8707 250,3719 -8,2345 -0,7062 70,1152 0,7879 23,0000 
20,850 7897,1711 1987,6407 41,0234 250,1842 -8,3452 -0,7076 69,9488 0,7881 23,0000 
20,900 7909,5367 1985,8139 41,1763 249,9978 -8,4559 -0,7091 69,7830 0,7883 23,0000 
20,950 7921,8895 1983,9645 41,3293 249,8126 -8,5667 -0,7105 69,6179 0,7885 23,0000 
21,000 7934,2296 1982,0926 41,4825 249,6287 -8,6776 -0,7120 69,4535 0,7886 23,0000 
21,050 7946,5570 1980,1983 41,6359 249,4461 -8,7884 -0,7134 69,2896 0,7888 23,0000 
21,100 7958,8718 1978,2815 41,7894 249,2647 -8,8994 -0,7149 69,1264 0,7890 23,0000 
21,150 7971,1739 1976,3422 41,9431 249,0846 -9,0103 -0,7164 68,9638 0,7892 23,0000 
21,200 7983,4633 1974,3805 42,0969 248,9057 -9,1213 -0,7178 68,8018 0,7894 23,0000 
21,250 7995,7402 1972,3964 42,2509 248,7281 -9,2324 -0,7193 68,6405 0,7896 23,0000 
21,300 8008,0044 1970,3899 42,4050 248,5517 -9,3435 -0,7207 68,4797 0,7898 23,0000 
21,350 8020,2561 1968,3611 42,5593 248,3766 -9,4546 -0,7222 68,3196 0,7900 23,0000 
21,400 8032,4952 1966,3099 42,7137 248,2028 -9,5658 -0,7236 68,1600 0,7902 23,0000 
21,450 8044,7217 1964,2365 42,8683 248,0301 -9,6770 -0,7251 68,0011 0,7905 23,0000 
21,500 8056,9358 1962,1407 43,0230 247,8588 -9,7883 -0,7266 67,8428 0,7907 23,0000 
21,550 8069,1373 1960,0227 43,1779 247,6886 -9,8996 -0,7280 67,6851 0,7909 23,0000 
21,600 8081,3264 1957,8824 43,3329 247,5197 -10,0109 -0,7295 67,5280 0,7911 23,0000 
21,650 8093,5030 1955,7199 43,4881 247,3520 -10,1223 -0,7309 67,3715 0,7913 23,0000 
21,700 8105,6671 1953,5352 43,6435 247,1855 -10,2337 -0,7324 67,2155 0,7915 23,0000 
21,750 8117,8188 1951,3283 43,7990 247,0202 -10,3451 -0,7339 67,0602 0,7918 23,0000 
21,800 8129,9582 1949,0993 43,9546 246,8562 -10,4566 -0,7353 66,9054 0,7920 23,0000 
21,850 8142,0851 1946,8481 44,1104 246,6934 -10,5681 -0,7368 66,7513 0,7922 23,0000 
21,900 8154,1996 1944,5748 44,2664 246,5318 -10,6796 -0,7382 66,5977 0,7925 23,0000 
21,950 8166,3018 1942,2795 44,4225 246,3714 -10,7912 -0,7397 66,4447 0,7927 23,0000 
22,000 8178,3917 1939,9620 44,5787 246,2121 -10,9028 -0,7412 66,2923 0,7929 23,0000 
22,050 8190,4693 1937,6225 44,7351 246,0541 -11,0144 -0,7426 66,1404 0,7932 23,0000 
22,100 8202,5345 1935,2610 44,8917 245,8973 -11,1261 -0,7441 65,9891 0,7934 23,0000 
22,150 8214,5875 1932,8775 45,0484 245,7417 -11,2377 -0,7455 65,8384 0,7936 23,0000 
22,200 8226,6282 1930,4720 45,2052 245,5873 -11,3494 -0,7470 65,6883 0,7939 23,0000 
22,250 8238,6566 1928,0446 45,3622 245,4340 -11,4612 -0,7485 65,5387 0,7941 23,0000 
22,300 8250,6729 1925,5952 45,5193 245,2820 -11,5729 -0,7499 65,3897 0,7944 23,0000 
22,350 8262,6769 1923,1239 45,6766 245,1311 -11,6847 -0,7514 65,2412 0,7946 23,0000 
22,400 8274,6687 1920,6306 45,8340 244,9814 -11,7965 -0,7529 65,0933 0,7949 23,0000 
22,450 8286,6483 1918,1156 45,9916 244,8329 -11,9083 -0,7543 64,9460 0,7952 23,0000 
22,500 8298,6158 1915,5786 46,1493 244,6855 -12,0201 -0,7558 64,7992 0,7954 23,0000 
22,550 8310,5711 1913,0199 46,3072 244,5393 -12,1320 -0,7573 64,6530 0,7957 23,0000 
22,600 8322,5143 1910,4393 46,4652 244,3943 -12,2438 -0,7587 64,5073 0,7959 23,0000 
22,650 8334,4454 1907,8369 46,6233 244,2505 -12,3557 -0,7602 64,3622 0,7962 23,0000 
22,700 8346,3644 1905,2128 46,7816 244,1077 -12,4676 -0,7617 64,2176 0,7965 23,0000 
22,750 8358,2713 1902,5669 46,9401 243,9662 -12,5796 -0,7631 64,0735 0,7967 23,0000 
22,800 8370,1661 1899,8994 47,0987 243,8258 -12,6915 -0,7646 63,9300 0,7970 23,0000 
22,850 8382,0489 1897,2101 47,2574 243,6865 -12,8034 -0,7660 63,7870 0,7973 23,0000 
22,900 8393,9197 1894,4991 47,4163 243,5484 -12,9154 -0,7675 63,6446 0,7976 23,0000 
22,950 8405,7784 1891,7665 47,5753 243,4114 -13,0274 -0,7690 63,5027 0,7979 23,0000 
23,000 8417,6252 1889,0122 47,7345 243,2756 -13,1393 -0,7704 63,3613 0,7981 23,0000 
23,050 8429,4599 1886,2363 47,8938 243,1409 -13,2513 -0,7719 63,2205 0,7984 23,0000 
23,100 8441,2827 1883,4389 48,0532 243,0073 -13,3633 -0,7734 63,0801 0,7987 23,0000 
23,150 8453,0936 1880,6198 48,2128 242,8749 -13,4753 -0,7749 62,9403 0,7990 23,0000 
23,200 8464,8925 1877,7792 48,3725 242,7435 -13,5874 -0,7763 62,8011 0,7993 23,0000 
23,250 8476,6794 1874,9171 48,5324 242,6133 -13,6994 -0,7778 62,6623 0,7996 23,0000 
23,300 8488,4545 1872,0335 48,6924 242,4843 -13,8114 -0,7793 62,5241 0,7999 23,0000 
23,350 8500,2177 1869,1284 48,8525 242,3563 -13,9234 -0,7807 62,3864 0,8002 23,0000 
23,400 8511,9690 1866,2018 49,0128 242,2294 -14,0355 -0,7822 62,2492 0,8005 23,0000 
23,450 8523,7084 1863,2538 49,1732 242,1037 -14,1475 -0,7837 62,1125 0,8008 23,0000 
23,500 8535,4360 1860,2843 49,3338 241,9790 -14,2595 -0,7851 61,9763 0,8011 23,0000 
23,550 8547,1517 1857,2935 49,4945 241,8555 -14,3715 -0,7866 61,8406 0,8014 23,0000 
23,600 8558,8556 1854,2813 49,6554 241,7330 -14,4836 -0,7881 61,7055 0,8017 23,0000 
23,650 8570,5478 1851,2477 49,8163 241,6117 -14,5956 -0,7895 61,5708 0,8020 23,0000 
23,700 8582,2281 1848,1928 49,9774 241,4914 -14,7076 -0,7910 61,4367 0,8023 23,0000 
23,750 8593,8966 1845,1166 50,1387 241,3722 -14,8197 -0,7925 61,3030 0,8026 23,0000 
23,800 8605,5534 1842,0190 50,3001 241,2541 -14,9317 -0,7940 61,1699 0,8030 23,0000 
23,850 8617,1985 1838,9002 50,4616 241,1371 -15,0437 -0,7954 61,0372 0,8033 23,0000 
23,900 8628,8317 1835,7602 50,6233 241,0211 -15,1557 -0,7969 60,9050 0,8036 23,0000 
23,950 8640,4533 1832,5989 50,7851 240,9063 -15,2677 -0,7984 60,7734 0,8039 23,0000 
24,000 8652,0632 1829,4164 50,9470 240,7925 -15,3797 -0,7999 60,6422 0,8043 23,0000 
24,050 8663,6614 1826,2128 51,1091 240,6797 -15,4917 -0,8013 60,5115 0,8046 23,0000 
24,100 8675,2478 1822,9879 51,2713 240,5681 -15,6036 -0,8028 60,3813 0,8049 23,0000 
24,150 8686,8227 1819,7420 51,4336 240,4575 -15,7156 -0,8043 60,2516 0,8053 23,0000 
24,200 8698,3858 1816,4748 51,5961 240,3479 -15,8276 -0,8057 60,1224 0,8056 23,0000 
24,250 8709,9374 1813,1866 51,7587 240,2394 -15,9395 -0,8072 59,9936 0,8059 23,0000 
24,300 8721,4772 1809,8774 51,9215 240,1320 -16,0514 -0,8087 59,8653 0,8063 23,0000 
24,350 8733,0055 1806,5470 52,0843 240,0256 -16,1633 -0,8102 59,7376 0,8066 23,0000 
24,400 8744,5222 1803,1956 52,2473 239,9202 -16,2752 -0,8116 59,6102 0,8070 23,0000 
24,450 8756,0273 1799,8232 52,4105 239,8159 -16,3871 -0,8131 59,4834 0,8073 23,0000 
24,500 8767,5208 1796,4298 52,5737 239,7126 -16,4989 -0,8146 59,3571 0,8077 23,0000 
24,550 8779,0027 1793,0154 52,7372 239,6104 -16,6108 -0,8161 59,2312 0,8080 23,0000 
24,600 8790,4731 1789,5801 52,9007 239,5092 -16,7226 -0,8176 59,1057 0,8084 23,0000 
24,650 8801,9320 1786,1239 53,0643 239,4090 -16,8344 -0,8190 58,9808 0,8087 23,0000 
24,700 8813,3793 1782,6467 53,2281 239,3098 -16,9462 -0,8205 58,8563 0,8091 23,0000 
24,750 8824,8151 1779,1486 53,3921 239,2117 -17,0579 -0,8220 58,7323 0,8095 23,0000 
24,800 8836,2394 1775,6297 53,5561 239,1145 -17,1697 -0,8235 58,6087 0,8098 23,0000 
24,850 8847,6522 1772,0899 53,7203 239,0184 -17,2814 -0,8249 58,4856 0,8102 23,0000 
24,900 8859,0536 1768,5293 53,8846 238,9233 -17,3930 -0,8264 58,3630 0,8106 23,0000 
24,950 8870,4434 1764,9479 54,0491 238,8292 -17,5047 -0,8279 58,2408 0,8109 23,0000 
25,000 8881,8218 1761,3457 54,2136 238,7361 -17,6163 -0,8294 58,1191 0,8113 23,0000 
25,050 8893,1888 1757,7228 54,3783 238,6440 -17,7279 -0,8309 57,9979 0,8117 23,0000 
25,100 8904,5443 1754,0791 54,5432 238,5529 -17,8395 -0,8323 57,8771 0,8121 23,0000 
25,150 8915,8884 1750,4147 54,7081 238,4628 -17,9511 -0,8338 57,7567 0,8124 23,0000 
25,200 8927,2212 1746,7296 54,8732 238,3737 -18,0626 -0,8353 57,6368 0,8128 23,0000 
25,250 8938,5425 1743,0238 55,0384 238,2856 -18,1741 -0,8368 57,5174 0,8132 23,0000 
25,300 8949,8524 1739,2973 55,2038 238,1984 -18,2855 -0,8383 57,3983 0,8136 23,0000 
25,350 8961,1509 1735,5502 55,3692 238,1123 -18,3969 -0,8397 57,2798 0,8140 23,0000 
25,400 8972,4381 1731,7825 55,5348 238,0271 -18,5083 -0,8412 57,1617 0,8144 23,0000 
25,450 8983,7139 1727,9943 55,7005 237,9429 -18,6197 -0,8427 57,0440 0,8148 23,0000 
25,500 8994,9784 1724,1854 55,8664 237,8596 -18,7310 -0,8442 56,9268 0,8152 23,0000 
25,550 9006,2316 1720,3560 56,0323 237,7773 -18,8423 -0,8457 56,8100 0,8156 23,0000 
25,600 9017,4734 1716,5061 56,1984 237,6960 -18,9535 -0,8472 56,6936 0,8160 23,0000 
25,650 9028,7039 1712,6356 56,3646 237,6156 -19,0647 -0,8486 56,5777 0,8164 23,0000 
25,700 9039,9232 1708,7447 56,5309 237,5362 -19,1759 -0,8501 56,4623 0,8168 23,0000 
25,750 9051,1311 1704,8333 56,6974 237,4578 -19,2870 -0,8516 56,3472 0,8172 23,0000 
25,800 9062,3278 1700,9015 56,8640 237,3803 -19,3981 -0,8531 56,2326 0,8176 23,0000 
25,850 9073,5132 1696,9492 57,0307 237,3037 -19,5091 -0,8546 56,1184 0,8180 23,0000 
25,900 9084,6873 1692,9766 57,1975 237,2281 -19,6201 -0,8561 56,0047 0,8184 23,0000 
25,950 9095,8502 1688,9835 57,3644 237,1534 -19,7311 -0,8576 55,8914 0,8188 23,0000 
26,000 9107,0019 1684,9701 57,5315 237,0797 -19,8420 -0,8590 55,7785 0,8193 23,0000 
26,050 9118,1423 1680,9364 57,6987 237,0069 -19,9529 -0,8605 55,6660 0,8197 23,0000 
26,100 9129,2715 1676,8823 57,8660 236,9350 -20,0637 -0,8620 55,5540 0,8201 23,0000 
26,150 9140,3895 1672,8080 58,0334 236,8640 -20,1745 -0,8635 55,4424 0,8205 23,0000 
26,200 9151,4963 1668,7134 58,2010 236,7940 -20,2852 -0,8650 55,3312 0,8210 23,0000 
26,250 9162,5919 1664,5985 58,3687 236,7248 -20,3959 -0,8665 55,2204 0,8214 23,0000 
26,300 9173,6764 1660,4634 58,5364 236,6566 -20,5065 -0,8680 55,1101 0,8218 23,0000 
26,350 9184,7496 1656,3081 58,7044 236,5893 -20,6171 -0,8695 55,0002 0,8223 23,0000 
26,400 9195,8117 1652,1326 58,8724 236,5230 -20,7276 -0,8710 54,8907 0,8227 23,0000 
26,450 9206,8627 1647,9370 59,0405 236,4575 -20,8381 -0,8724 54,7816 0,8232 23,0000 
26,500 9217,9025 1643,7212 59,2088 236,3929 -20,9485 -0,8739 54,6729 0,8236 23,0000 
26,550 9228,9312 1639,4853 59,3772 236,3292 -21,0589 -0,8754 54,5646 0,8240 23,0000 
26,600 9239,9488 1635,2292 59,5456 236,2664 -21,1692 -0,8769 54,4568 0,8245 23,0000 
26,650 9250,9553 1630,9531 59,7143 236,2045 -21,2795 -0,8784 54,3493 0,8249 23,0000 
26,700 9261,9506 1626,6570 59,8830 236,1435 -21,3897 -0,8799 54,2423 0,8254 23,0000 
26,750 9272,9349 1622,3408 60,0518 236,0834 -21,4998 -0,8814 54,1357 0,8258 23,0000 
26,800 9283,9081 1618,0046 60,2208 236,0241 -21,6099 -0,8829 54,0294 0,8263 23,0000 
26,850 9294,8702 1613,6484 60,3899 235,9657 -21,7200 -0,8844 53,9236 0,8268 23,0000 
26,900 9305,8212 1609,2722 60,5590 235,9082 -21,8299 -0,8859 53,8182 0,8272 23,0000 
26,950 9316,7612 1604,8761 60,7284 235,8516 -21,9398 -0,8874 53,7132 0,8277 23,0000 
27,000 9327,6901 1600,4600 60,8978 235,7958 -22,0497 -0,8889 53,6086 0,8282 23,0000 
27,050 9338,6080 1596,0240 61,0673 235,7409 -22,1595 -0,8903 53,5044 0,8286 23,0000 
27,100 9349,5149 1591,5682 61,2369 235,6869 -22,2692 -0,8918 53,4006 0,8291 23,0000 
27,150 9360,4107 1587,0925 61,4067 235,6337 -22,3789 -0,8933 53,2972 0,8296 23,0000 
27,200 9371,2955 1582,5969 61,5766 235,5814 -22,4885 -0,8948 53,1942 0,8300 23,0000 
27,250 9382,1694 1578,0815 61,7465 235,5299 -22,5980 -0,8963 53,0916 0,8305 23,0000 
27,300 9393,0322 1573,5464 61,9166 235,4792 -22,7075 -0,8978 52,9894 0,8310 23,0000 
27,350 9403,8840 1568,9914 62,0868 235,4294 -22,8169 -0,8993 52,8876 0,8315 23,0000 
27,400 9414,7248 1564,4167 62,2572 235,3805 -22,9263 -0,9008 52,7862 0,8320 23,0000 
27,450 9425,5547 1559,8223 62,4276 235,3323 -23,0356 -0,9023 52,6851 0,8325 23,0000 
27,500 9436,3736 1555,2081 62,5981 235,2851 -23,1448 -0,9038 52,5845 0,8329 23,0000 
27,550 9447,1815 1550,5742 62,7688 235,2386 -23,2539 -0,9053 52,4842 0,8334 23,0000 
27,600 9457,9785 1545,9207 62,9395 235,1929 -23,3630 -0,9068 52,3844 0,8339 23,0000 
27,650 9468,7646 1541,2476 63,1104 235,1481 -23,4720 -0,9083 52,2849 0,8344 23,0000 
27,700 9479,5397 1536,5548 63,2813 235,1041 -23,5809 -0,9098 52,1858 0,8349 23,0000 
27,750 9490,3039 1531,8424 63,4524 235,0609 -23,6898 -0,9113 52,0871 0,8354 23,0000 
27,800 9501,0571 1527,1104 63,6236 235,0186 -23,7985 -0,9128 51,9888 0,8359 23,0000 
27,850 9511,7995 1522,3589 63,7949 234,9770 -23,9073 -0,9143 51,8909 0,8364 23,0000 
27,900 9522,5309 1517,5878 63,9663 234,9362 -24,0159 -0,9158 51,7933 0,8369 23,0000 
27,950 9533,2515 1512,7972 64,1378 234,8962 -24,1245 -0,9173 51,6962 0,8375 23,0000 
28,000 9543,9611 1507,9871 64,3094 234,8571 -24,2329 -0,9188 51,5994 0,8380 23,0000 
28,050 9554,6599 1503,1576 64,4812 234,8187 -24,3413 -0,9203 51,5030 0,8385 23,0000 
28,100 9565,3478 1498,3086 64,6530 234,7811 -24,4497 -0,9218 51,4069 0,8390 23,0000 
28,150 9576,0248 1493,4401 64,8249 234,7443 -24,5579 -0,9233 51,3113 0,8395 23,0000 
28,200 9586,6910 1488,5523 64,9970 234,7083 -24,6661 -0,9248 51,2160 0,8400 23,0000 
28,250 9597,3463 1483,6451 65,1691 234,6730 -24,7742 -0,9263 51,1211 0,8406 23,0000 
28,300 9607,9908 1478,7185 65,3413 234,6386 -24,8822 -0,9278 51,0266 0,8411 23,0000 
28,350 9618,6244 1473,7726 65,5137 234,6049 -24,9902 -0,9293 50,9324 0,8416 23,0000 
28,400 9629,2472 1468,8073 65,6861 234,5720 -25,0980 -0,9308 50,8386 0,8422 23,0000 
28,450 9639,8591 1463,8228 65,8587 234,5398 -25,2058 -0,9323 50,7452 0,8427 23,0000 
28,500 9650,4603 1458,8190 66,0314 234,5084 -25,3135 -0,9338 50,6522 0,8432 23,0000 
28,550 9661,0506 1453,7959 66,2041 234,4778 -25,4211 -0,9353 50,5595 0,8438 23,0000 
28,600 9671,6301 1448,7536 66,3770 234,4479 -25,5286 -0,9368 50,4672 0,8443 23,0000 
28,650 9682,1989 1443,6921 66,5499 234,4187 -25,6361 -0,9383 50,3753 0,8448 23,0000 
28,700 9692,7568 1438,6114 66,7230 234,3904 -25,7434 -0,9398 50,2837 0,8454 23,0000 
28,750 9703,3039 1433,5115 66,8962 234,3627 -25,8507 -0,9413 50,1925 0,8459 23,0000 
28,800 9713,8403 1428,3926 67,0694 234,3358 -25,9579 -0,9429 50,1017 0,8465 23,0000 
28,850 9724,3659 1423,2544 67,2428 234,3097 -26,0650 -0,9444 50,0112 0,8470 23,0000 
28,900 9734,8807 1418,0972 67,4162 234,2842 -26,1720 -0,9459 49,9211 0,8476 23,0000 
28,950 9745,3847 1412,9209 67,5898 234,2595 -26,2789 -0,9474 49,8313 0,8482 23,0000 
29,000 9755,8780 1407,7256 67,7635 234,2355 -26,3857 -0,9489 49,7420 0,8487 23,0000 
29,050 9766,3606 1402,5113 67,9372 234,2123 -26,4925 -0,9504 49,6529 0,8493 23,0000 
29,100 9776,8324 1397,2779 68,1111 234,1898 -26,5991 -0,9519 49,5643 0,8498 23,0000 
29,150 9787,2934 1392,0255 68,2850 234,1680 -26,7057 -0,9534 49,4760 0,8504 23,0000 
29,200 9797,7438 1386,7542 68,4591 234,1468 -26,8121 -0,9549 49,3880 0,8510 23,0000 
29,250 9808,1834 1381,4640 68,6332 234,1265 -26,9185 -0,9564 49,3004 0,8515 23,0000 
29,300 9818,6122 1376,1548 68,8075 234,1068 -27,0248 -0,9579 49,2132 0,8521 23,0000 
29,350 9829,0304 1370,8267 68,9818 234,0878 -27,1310 -0,9594 49,1263 0,8527 23,0000 
29,400 9839,4379 1365,4798 69,1562 234,0695 -27,2371 -0,9609 49,0398 0,8533 23,0000 
29,450 9849,8346 1360,1140 69,3307 234,0519 -27,3431 -0,9625 48,9536 0,8539 23,0000 
29,500 9860,2207 1354,7294 69,5054 234,0350 -27,4490 -0,9640 48,8678 0,8544 23,0000 
29,550 9870,5960 1349,3259 69,6801 234,0188 -27,5548 -0,9655 48,7823 0,8550 23,0000 
29,600 9880,9607 1343,9037 69,8549 234,0033 -27,6605 -0,9670 48,6972 0,8556 23,0000 
29,650 9891,3147 1338,4628 70,0298 233,9884 -27,7661 -0,9685 48,6124 0,8562 23,0000 
29,700 9901,6580 1333,0031 70,2048 233,9742 -27,8716 -0,9700 48,5280 0,8568 23,0000 
29,750 9911,9907 1327,5247 70,3798 233,9607 -27,9771 -0,9715 48,4439 0,8574 23,0000 
29,800 9922,3127 1322,0276 70,5550 233,9479 -28,0824 -0,9730 48,3602 0,8580 23,0000 
29,850 9932,6240 1316,5118 70,7303 233,9357 -28,1876 -0,9745 48,2768 0,8586 23,0000 
29,900 9942,9247 1310,9774 70,9056 233,9242 -28,2927 -0,9760 48,1938 0,8592 23,0000 
29,950 9953,2147 1305,4244 71,0811 233,9134 -28,3977 -0,9776 48,1111 0,8598 23,0000 
30,000 9963,4940 1299,8527 71,2566 233,9032 -28,5027 -0,9791 48,0287 0,8604 23,0000 
30,050 9973,7628 1294,2625 71,4322 233,8937 -28,6075 -0,9806 47,9467 0,8610 23,0000 
30,100 9984,0209 1288,6538 71,6080 233,8848 -28,7122 -0,9821 47,8651 0,8616 23,0000 
30,150 9994,2683 1283,0265 71,7838 233,8766 -28,8168 -0,9836 47,7838 0,8622 23,0000 
30,200 10004,5052 1277,3807 71,9597 233,8690 -28,9213 -0,9851 47,7028 0,8629 23,0000 
30,250 10014,7314 1271,7164 72,1356 233,8620 -29,0257 -0,9866 47,6221 0,8635 23,0000 
30,300 10024,9470 1266,0336 72,3117 233,8557 -29,1300 -0,9882 47,5419 0,8641 23,0000 
30,350 10035,1520 1260,3324 72,4879 233,8500 -29,2342 -0,9897 47,4619 0,8647 23,0000 
30,400 10045,3464 1254,6128 72,6641 233,8450 -29,3383 -0,9912 47,3823 0,8653 23,0000 
30,450 10055,5302 1248,8748 72,8404 233,8406 -29,4423 -0,9927 47,3030 0,8660 23,0000 
30,500 10065,7034 1243,1185 73,0168 233,8367 -29,5462 -0,9942 47,2240 0,8666 23,0000 
30,550 10075,8660 1237,3438 73,1933 233,8335 -29,6500 -0,9957 47,1454 0,8672 23,0000 
30,600 10086,0180 1231,5507 73,3699 233,8310 -29,7537 -0,9972 47,0672 0,8679 23,0000 
30,650 10096,1594 1225,7394 73,5466 233,8290 -29,8572 -0,9988 46,9892 0,8685 23,0000 
30,700 10106,2903 1219,9098 73,7233 233,8276 -29,9607 -1,0003 46,9116 0,8692 23,0000 
30,750 10116,4106 1214,0619 73,9001 233,8269 -30,0640 -1,0018 46,8343 0,8698 23,0000 
30,800 10126,5203 1208,1958 74,0771 233,8267 -30,1672 -1,0033 46,7574 0,8704 23,0000 
30,850 10136,6194 1202,3115 74,2541 233,8272 -30,2704 -1,0048 46,6808 0,8711 23,0000 
30,900 10146,7080 1196,4091 74,4311 233,8282 -30,3734 -1,0063 46,6045 0,8717 23,0000 
30,950 10156,7860 1190,4884 74,6083 233,8298 -30,4763 -1,0078 46,5285 0,8724 23,0000 
31,000 10166,8535 1184,5496 74,7855 233,8320 -30,5791 -1,0094 46,4529 0,8730 23,0000 
31,050 10176,9104 1178,5928 74,9628 233,8348 -30,6818 -1,0109 46,3776 0,8737 23,0000 
31,100 10186,9568 1172,6178 75,1402 233,8382 -30,7843 -1,0124 46,3026 0,8744 23,0000 
31,150 10196,9926 1166,6247 75,3177 233,8421 -30,8868 -1,0139 46,2280 0,8750 23,0000 
31,200 10207,0179 1160,6137 75,4953 233,8466 -30,9891 -1,0154 46,1537 0,8757 23,0000 
31,250 10217,0326 1154,5846 75,6729 233,8517 -31,0914 -1,0169 46,0797 0,8764 23,0000 
31,300 10227,0369 1148,5375 75,8506 233,8574 -31,1935 -1,0185 46,0060 0,8770 23,0000 
31,350 10237,0306 1142,4724 76,0284 233,8636 -31,2955 -1,0200 45,9327 0,8777 23,0000 
31,400 10247,0138 1136,3894 76,2063 233,8704 -31,3974 -1,0215 45,8597 0,8784 23,0000 
31,450 10256,9864 1130,2885 76,3842 233,8777 -31,4991 -1,0230 45,7870 0,8790 23,0000 
31,500 10266,9486 1124,1696 76,5623 233,8856 -31,6008 -1,0245 45,7146 0,8797 23,0000 
31,550 10276,9002 1118,0329 76,7404 233,8940 -31,7023 -1,0260 45,6426 0,8804 23,0000 
31,600 10286,8414 1111,8783 76,9185 233,9030 -31,8038 -1,0275 45,5708 0,8811 23,0000 
31,650 10296,7720 1105,7060 77,0968 233,9125 -31,9051 -1,0291 45,4994 0,8818 23,0000 
31,700 10306,6921 1099,5158 77,2751 233,9225 -32,0063 -1,0306 45,4283 0,8825 23,0000 
31,750 10316,6018 1093,3078 77,4535 233,9331 -32,1073 -1,0321 45,3575 0,8832 23,0000 
31,800 10326,5009 1087,0821 77,6320 233,9442 -32,2083 -1,0336 45,2871 0,8838 23,0000 
31,850 10336,3896 1080,8386 77,8105 233,9559 -32,3091 -1,0351 45,2169 0,8845 23,0000 
31,900 10346,2677 1074,5774 77,9891 233,9680 -32,4099 -1,0366 45,1471 0,8852 23,0000 
31,950 10356,1354 1068,2986 78,1678 233,9807 -32,5105 -1,0382 45,0776 0,8859 23,0000 
32,000 10365,9926 1062,0021 78,3466 233,9939 -32,6109 -1,0397 45,0084 0,8866 23,0000 
32,050 10375,8394 1055,6879 78,5254 234,0076 -32,7113 -1,0412 44,9395 0,8873 23,0000 
32,100 10385,6756 1049,3561 78,7043 234,0218 -32,8115 -1,0427 44,8710 0,8881 23,0000 
32,150 10395,5014 1043,0068 78,8833 234,0366 -32,9117 -1,0442 44,8027 0,8888 23,0000 
32,200 10405,3167 1036,6399 79,0623 234,0518 -33,0117 -1,0457 44,7348 0,8895 23,0000 
32,250 10415,1216 1030,2554 79,2414 234,0675 -33,1115 -1,0473 44,6672 0,8902 23,0000 
32,300 10424,9160 1023,8535 79,4206 234,0837 -33,2113 -1,0488 44,5998 0,8909 23,0000 
32,350 10434,6999 1017,4340 79,5998 234,1005 -33,3109 -1,0503 44,5328 0,8916 23,0000 
32,400 10444,4734 1010,9971 79,7791 234,1177 -33,4104 -1,0518 44,4661 0,8924 23,0000 
32,450 10454,2364 1004,5427 79,9585 234,1353 -33,5098 -1,0533 44,3998 0,8931 23,0000 
32,500 10463,9890 998,0710 80,1379 234,1535 -33,6091 -1,0548 44,3337 0,8938 23,0000 
32,550 10473,7312 991,5818 80,3174 234,1722 -33,7082 -1,0564 44,2679 0,8945 23,0000 
32,600 10483,4629 985,0752 80,4970 234,1913 -33,8073 -1,0579 44,2024 0,8953 23,0000 
32,650 10493,1841 978,5514 80,6767 234,2109 -33,9062 -1,0594 44,1373 0,8960 23,0000 
32,700 10502,8949 972,0102 80,8564 234,2310 -34,0049 -1,0609 44,0724 0,8967 23,0000 
32,750 10512,5953 965,4517 81,0361 234,2515 -34,1036 -1,0624 44,0079 0,8975 23,0000 
32,800 10522,2853 958,8759 81,2159 234,2725 -34,2021 -1,0639 43,9436 0,8982 23,0000 
32,850 10531,9648 952,2829 81,3958 234,2939 -34,3005 -1,0654 43,8797 0,8990 23,0000 
32,900 10541,6339 945,6727 81,5758 234,3158 -34,3988 -1,0670 43,8161 0,8997 23,0000 
32,950 10551,2926 939,0452 81,7558 234,3382 -34,4969 -1,0685 43,7527 0,9005 23,0000 
33,000 10560,9408 932,4007 81,9359 234,3610 -34,5949 -1,0700 43,6897 0,9012 23,0000 
33,050 10570,5787 925,7389 82,1160 234,3843 -34,6928 -1,0715 43,6270 0,9020 23,0000 
33,100 10580,2061 919,0601 82,2962 234,4079 -34,7906 -1,0730 43,5646 0,9027 23,0000 
33,150 10589,8231 912,3641 82,4764 234,4321 -34,8882 -1,0745 43,5024 0,9035 23,0000 
33,200 10599,4297 905,6511 82,6567 234,4566 -34,9858 -1,0760 43,4406 0,9042 23,0000 
33,250 10609,0259 898,9210 82,8371 234,4816 -35,0831 -1,0775 43,3791 0,9050 23,0000 
33,300 10618,6117 892,1739 83,0175 234,5070 -35,1804 -1,0790 43,3179 0,9058 23,0000 
33,350 10628,1871 885,4098 83,1980 234,5329 -35,2775 -1,0806 43,2569 0,9065 23,0000 
33,400 10637,7520 878,6288 83,3785 234,5591 -35,3745 -1,0821 43,1963 0,9073 23,0000 
33,450 10647,3066 871,8308 83,5591 234,5858 -35,4714 -1,0836 43,1360 0,9081 23,0000 
33,500 10656,8508 865,0158 83,7398 234,6129 -35,5682 -1,0851 43,0759 0,9089 23,0000 
33,550 10666,3846 858,1840 83,9205 234,6404 -35,6648 -1,0866 43,0162 0,9096 23,0000 
33,600 10675,9080 851,3353 84,1012 234,6683 -35,7613 -1,0881 42,9567 0,9104 23,0000 
33,650 10685,4210 844,4698 84,2820 234,6966 -35,8576 -1,0896 42,8976 0,9112 23,0000 
33,700 10694,9236 837,5874 84,4629 234,7254 -35,9538 -1,0911 42,8387 0,9120 23,0000 
33,750 10704,4158 830,6883 84,6438 234,7545 -36,0499 -1,0926 42,7802 0,9128 23,0000 
33,800 10713,8977 823,7724 84,8248 234,7840 -36,1459 -1,0941 42,7219 0,9136 23,0000 
33,850 10723,3691 816,8397 85,0058 234,8139 -36,2417 -1,0956 42,6639 0,9144 23,0000 
33,900 10732,8302 809,8903 85,1869 234,8441 -36,3375 -1,0971 42,6062 0,9152 23,0000 
33,950 10742,2809 802,9243 85,3680 234,8748 -36,4330 -1,0986 42,5488 0,9160 23,0000 
34,000 10751,7213 795,9415 85,5491 234,9059 -36,5285 -1,1001 42,4917 0,9168 23,0000 
34,050 10761,1512 788,9422 85,7303 234,9373 -36,6238 -1,1016 42,4349 0,9176 23,0000 
34,100 10770,5708 781,9262 85,9116 234,9691 -36,7190 -1,1031 42,3783 0,9184 23,0000 
34,150 10779,9800 774,8936 86,0929 235,0012 -36,8140 -1,1046 42,3221 0,9192 23,0000 
34,200 10789,3789 767,8444 86,2743 235,0338 -36,9089 -1,1061 42,2661 0,9200 23,0000 
34,250 10798,7673 760,7788 86,4557 235,0667 -37,0037 -1,1076 42,2105 0,9208 23,0000 
34,300 10808,1454 753,6966 86,6371 235,0999 -37,0984 -1,1091 42,1551 0,9216 23,0000 
34,350 10817,5132 746,5979 86,8186 235,1335 -37,1929 -1,1106 42,1000 0,9224 23,0000 
34,400 10826,8706 739,4827 87,0001 235,1675 -37,2873 -1,1121 42,0452 0,9233 23,0000 
34,450 10836,2176 732,3512 87,1817 235,2018 -37,3816 -1,1136 41,9906 0,9241 23,0000 
34,500 10845,5543 725,2032 87,3633 235,2364 -37,4757 -1,1151 41,9364 0,9249 23,0000 
34,550 10854,8806 718,0388 87,5450 235,2714 -37,5697 -1,1166 41,8824 0,9257 23,0000 
34,600 10864,1965 710,8581 87,7267 235,3068 -37,6635 -1,1181 41,8288 0,9266 23,0000 
34,650 10873,5021 703,6610 87,9084 235,3425 -37,7573 -1,1196 41,7754 0,9274 23,0000 
34,700 10882,7974 696,4476 88,0902 235,3785 -37,8509 -1,1211 41,7223 0,9282 23,0000 
34,750 10892,0823 689,2180 88,2720 235,4148 -37,9443 -1,1226 41,6694 0,9291 23,0000 
34,800 10901,3568 681,9721 88,4539 235,4515 -38,0376 -1,1241 41,6169 0,9299 23,0000 
34,850 10910,6210 674,7100 88,6358 235,4885 -38,1308 -1,1256 41,5646 0,9308 23,0000 
34,900 10919,8749 667,4317 88,8177 235,5258 -38,2239 -1,1270 41,5126 0,9316 23,0000 
34,950 10929,1184 660,1372 88,9997 235,5634 -38,3168 -1,1285 41,4609 0,9325 23,0000 
35,000 10938,3516 652,8265 89,1817 235,6013 -38,4096 -1,1300 41,4095 0,9333 23,0000 
35,050 10947,5744 645,4998 89,3637 235,6396 -38,5023 -1,1315 41,3583 0,9342 23,0000 
35,100 10956,7869 638,1569 89,5458 235,6782 -38,5948 -1,1330 41,3074 0,9350 23,0000 
35,150 10965,9890 630,7980 89,7279 235,7170 -38,6872 -1,1345 41,2568 0,9359 23,0000 
35,200 10975,1808 623,4230 89,9100 235,7562 -38,7794 -1,1359 41,2065 0,9367 23,0000 
35,250 10984,3623 616,0320 90,0922 235,7956 -38,8715 -1,1374 41,1565 0,9376 23,0000 
35,300 10993,5334 608,6250 90,2744 235,8354 -38,9635 -1,1389 41,1067 0,9385 23,0000 
35,350 11002,6942 601,2021 90,4566 235,8754 -39,0554 -1,1404 41,0572 0,9393 23,0000 
35,400 11011,8447 593,7632 90,6389 235,9157 -39,1471 -1,1418 41,0080 0,9402 23,0000 
35,450 11020,9848 586,3084 90,8212 235,9564 -39,2386 -1,1433 40,9590 0,9411 23,0000 
35,500 11030,1146 578,8378 91,0035 235,9972 -39,3301 -1,1448 40,9103 0,9420 23,0000 
35,550 11039,2341 571,3512 91,1859 236,0384 -39,4214 -1,1462 40,8619 0,9428 23,0000 
35,600 11048,3432 563,8489 91,3682 236,0799 -39,5126 -1,1477 40,8138 0,9437 23,0000 
35,650 11057,4420 556,3307 91,5506 236,1216 -39,6036 -1,1492 40,7659 0,9446 23,0000 
35,700 11066,5305 548,7968 91,7331 236,1635 -39,6945 -1,1506 40,7183 0,9455 23,0000 
35,750 11075,6086 541,2471 91,9155 236,2058 -39,7853 -1,1521 40,6710 0,9464 23,0000 
35,800 11084,6765 533,6817 92,0980 236,2483 -39,8759 -1,1535 40,6240 0,9473 23,0000 
35,850 11093,7340 526,1006 92,2805 236,2911 -39,9664 -1,1550 40,5772 0,9482 23,0000 
35,900 11102,7812 518,5038 92,4630 236,3341 -40,0567 -1,1565 40,5307 0,9491 23,0000 
35,950 11111,8180 510,8914 92,6455 236,3773 -40,1470 -1,1579 40,4844 0,9500 23,0000 
36,000 11120,8445 503,2634 92,8281 236,4208 -40,2370 -1,1594 40,4384 0,9509 23,0000 
36,050 11129,8607 495,6198 93,0107 236,4646 -40,3270 -1,1608 40,3927 0,9518 23,0000 
36,100 11138,8666 487,9606 93,1933 236,5086 -40,4168 -1,1622 40,3473 0,9527 23,0000 
36,150 11147,8622 480,2859 93,3759 236,5528 -40,5065 -1,1637 40,3021 0,9536 23,0000 
36,200 11156,8475 472,5957 93,5585 236,5973 -40,5960 -1,1651 40,2572 0,9545 23,0000 
36,250 11165,8224 464,8901 93,7411 236,6420 -40,6854 -1,1666 40,2125 0,9554 23,0000 
36,300 11174,7870 457,1689 93,9238 236,6869 -40,7747 -1,1680 40,1681 0,9563 23,0000 
36,350 11183,7413 449,4324 94,1065 236,7321 -40,8638 -1,1694 40,1240 0,9572 23,0000 
36,400 11192,6853 441,6804 94,2892 236,7775 -40,9528 -1,1709 40,0802 0,9582 23,0000 
36,450 11201,6189 433,9131 94,4719 236,8231 -41,0417 -1,1723 40,0366 0,9591 23,0000 
36,500 11210,5423 426,1305 94,6546 236,8689 -41,1304 -1,1737 39,9932 0,9600 23,0000 
36,550 11219,4553 418,3325 94,8373 236,9149 -41,2190 -1,1751 39,9502 0,9609 23,0000 
36,600 11228,3580 410,5192 95,0200 236,9611 -41,3074 -1,1765 39,9074 0,9619 23,0000 
36,650 11237,2504 402,6907 95,2028 237,0076 -41,3957 -1,1780 39,8648 0,9628 23,0000 
36,700 11246,1325 394,8470 95,3855 237,0542 -41,4839 -1,1794 39,8225 0,9638 23,0000 
36,750 11255,0043 386,9880 95,5683 237,1010 -41,5720 -1,1808 39,7805 0,9647 23,0000 
36,800 11263,8657 379,1139 95,7510 237,1480 -41,6599 -1,1822 39,7387 0,9656 23,0000 
36,850 11272,7169 371,2246 95,9338 237,1953 -41,7476 -1,1836 39,6972 0,9666 23,0000 
36,900 11281,5577 363,3202 96,1165 237,2427 -41,8353 -1,1850 39,6560 0,9675 23,0000 
36,950 11290,3882 355,4007 96,2993 237,2903 -41,9228 -1,1864 39,6150 0,9685 23,0000 
37,000 11299,2084 347,4662 96,4821 237,3380 -42,0101 -1,1878 39,5742 0,9694 23,0000 
37,050 11308,0183 339,5166 96,6648 237,3860 -42,0974 -1,1892 39,5337 0,9704 23,0000 
37,100 11316,8179 331,5520 96,8476 237,4341 -42,1845 -1,1905 39,4935 0,9713 23,0000 
37,150 11325,6071 323,5725 97,0304 237,4824 -42,2714 -1,1919 39,4536 0,9723 23,0000 
37,200 11334,3861 315,5779 97,2131 237,5309 -42,3582 -1,1933 39,4138 0,9733 23,0000 
37,250 11343,1547 307,5685 97,3959 237,5795 -42,4449 -1,1947 39,3744 0,9742 23,0000 
37,300 11351,9131 299,5442 97,5786 237,6283 -42,5315 -1,1960 39,3352 0,9752 23,0000 
37,350 11360,6611 291,5050 97,7614 237,6772 -42,6179 -1,1974 39,2962 0,9762 23,0000 
37,400 11369,3988 283,4509 97,9441 237,7263 -42,7042 -1,1987 39,2576 0,9771 23,0000 
37,450 11378,1261 275,3821 98,1268 237,7756 -42,7903 -1,2001 39,2191 0,9781 23,0000 
37,500 11386,8432 267,2984 98,3095 237,8250 -42,8763 -1,2014 39,1809 0,9791 23,0000 
37,550 11395,5500 259,2000 98,4922 237,8745 -42,9622 -1,2028 39,1430 0,9801 23,0000 
37,600 11404,2464 251,0869 98,6749 237,9242 -43,0479 -1,2041 39,1053 0,9811 23,0000 
37,650 11412,9325 242,9591 98,8576 237,9740 -43,1335 -1,2054 39,0679 0,9821 23,0000 
37,700 11421,6084 234,8166 99,0402 238,0239 -43,2190 -1,2067 39,0308 0,9830 23,0000 
37,750 11430,2739 226,6595 99,2229 238,0740 -43,3043 -1,2081 38,9938 0,9840 23,0000 
37,800 11438,9290 218,4878 99,4055 238,1242 -43,3895 -1,2094 38,9572 0,9850 23,0000 
37,850 11447,5739 210,3015 99,5881 238,1745 -43,4746 -1,2107 38,9208 0,9860 23,0000 
37,900 11456,2085 202,1006 99,7707 238,2250 -43,5595 -1,2120 38,8846 0,9870 23,0000 
37,950 11464,8327 193,8852 99,9532 238,2755 -43,6443 -1,2133 38,8487 0,9880 23,0000 
38,000 11473,4466 185,6553 100,1357 238,3262 -43,7290 -1,2145 38,8131 0,9890 23,0000 
38,050 11482,0502 177,4110 100,3182 238,3770 -43,8135 -1,2158 38,7777 0,9900 23,0000 
38,100 11490,6434 169,1522 100,5007 238,4278 -43,8979 -1,2171 38,7425 0,9910 23,0000 
38,150 11499,2264 160,8790 100,6832 238,4788 -43,9822 -1,2183 38,7076 0,9921 23,0000 
38,200 11507,7990 152,5914 100,8656 238,5298 -44,0663 -1,2196 38,6730 0,9931 23,0000 
38,250 11516,3613 144,2895 101,0479 238,5810 -44,1503 -1,2208 38,6386 0,9941 23,0000 
38,300 11524,9133 135,9732 101,2303 238,6322 -44,2342 -1,2220 38,6045 0,9951 23,0000 
38,350 11533,4549 127,6427 101,4126 238,6835 -44,3179 -1,2232 38,5706 0,9961 23,0000 
38,400 11541,9862 119,2979 101,5948 238,7348 -44,4015 -1,2244 38,5370 0,9972 23,0000 
38,450 11550,5072 110,9388 101,7770 238,7863 -44,4850 -1,2256 38,5036 0,9982 23,0000 
38,500 11559,0179 102,5656 101,9592 238,8378 -44,5683 -1,2268 38,4705 0,9992 23,0000 
38,550 11567,5182 94,1782 102,1413 238,8893 -44,6516 -1,2280 38,4377 1,0003 23,0000 
38,600 11576,0082 85,7766 102,3234 238,9409 -44,7347 -1,2291 38,4051 1,0013 23,0000 
38,650 11584,4878 77,3609 102,5054 238,9925 -44,8176 -1,2303 38,3728 1,0023 23,0000 
38,700 11592,9571 68,9312 102,6874 239,0442 -44,9004 -1,2314 38,3408 1,0034 23,0000 
38,750 11601,4160 60,4873 102,8693 239,0958 -44,9832 -1,2325 38,3090 1,0044 23,0000 
38,800 11609,8646 52,0295 103,0511 239,1475 -45,0657 -1,2336 38,2775 1,0055 23,0000 
38,850 11618,3028 43,5577 103,2329 239,1992 -45,1482 -1,2346 38,2463 1,0065 23,0000 
38,900 11626,7307 35,0719 103,4146 239,2508 -45,2305 -1,2357 38,2153 1,0076 23,0000 
38,950 11635,1482 26,5722 103,5963 239,3024 -45,3128 -1,2367 38,1847 1,0086 23,0000 
39,000 11643,5553 18,0586 103,7778 239,3539 -45,3949 -1,2376 38,1544 1,0097 23,0000 
39,050 11651,9521 9,5311 103,9593 239,4053 -45,4769 -1,2385 38,1245 1,0107 23,0000 
39,100 11660,3384 0,9898 104,1407 239,4563 -45,5588 -1,2393 38,0951 1,0118 23,0000 
39,1058 11661,3074 0,0000 104,1616 239,4621 -45,5683 -1,2394 38,0918 1,0119 23,0000 
