t(c) x(м) y(м) z(м) Vk(м/с) teta(град) psy(град) omega_x(рад/с) pi(y) m(кг) 
0,000 0,0000 0,0000 0,0000 838,3800 24,2000 0,0000 0,0000 1,0119 23,0000 
0,050 38,1187 17,1192 0,0002 833,0895 24,1697 -0,0005 8,6065 1,0098 23,0000 
0,100 76,0066 34,1105 0,0007 827,8636 24,1391 -0,0012 16,8476 1,0077 23,0000 
0,150 113,6663 50,9755 0,0018 822,6992 24,1084 -0,0020 24,7445 1,0056 23,0000 
0,200 151,1007 67,7152 0,0033 817,5946 24,0773 -0,0028 32,3128 1,0035 23,0000 
0,250 188,3125 84,3312 0,0055 812,5487 24,0461 -0,0037 39,5668 1,0015 23,0000 
0,300 225,3040 100,8247 0,0081 807,5601 24,0146 -0,0046 46,5197 0,9994 23,0000 
0,350 262,0780 117,1969 0,0114 802,6277 23,9829 -0,0056 53,1844 0,9974 23,0000 
0,400 298,6369 133,4490 0,0153 797,7503 23,9510 -0,0066 59,5726 0,9954 23,0000 
0,450 334,9832 149,5823 0,0197 792,9271 23,9189 -0,0076 65,6958 0,9934 23,0000 
0,500 371,1191 165,5980 0,0249 788,1568 23,8865 -0,0086 71,5648 0,9915 23,0000 
0,550 407,0471 181,4973 0,0306 783,4386 23,8539 -0,0097 77,1898 0,9895 23,0000 
0,600 442,7695 197,2812 0,0370 778,7715 23,8212 -0,0108 82,5807 0,9876 23,0000 
0,650 478,2885 212,9509 0,0441 774,1547 23,7882 -0,0120 87,7469 0,9857 23,0000 
0,700 513,6064 228,5075 0,0518 769,5871 23,7549 -0,0131 92,6974 0,9838 23,0000 
0,750 548,7252 243,9522 0,0602 765,0680 23,7215 -0,0143 97,4406 0,9819 23,0000 
0,800 583,6473 259,2859 0,0693 760,5965 23,6879 -0,0155 101,9849 0,9801 23,0000 
0,850 618,3746 274,5098 0,0791 756,1719 23,6540 -0,0167 106,3379 0,9782 23,0000 
0,900 652,9092 289,6248 0,0895 751,7932 23,6199 -0,0180 110,5073 0,9764 23,0000 
0,950 687,2532 304,6320 0,1007 747,4598 23,5856 -0,0192 114,5000 0,9746 23,0000 
1,000 721,4085 319,5324 0,1125 743,1708 23,5511 -0,0205 118,3231 0,9728 23,0000 
1,050 755,3772 334,3270 0,1251 738,9256 23,5164 -0,0218 121,9831 0,9710 23,0000 
1,100 789,1611 349,0167 0,1384 734,7234 23,4814 -0,0232 125,4862 0,9692 23,0000 
1,150 822,7621 363,6024 0,1523 730,5636 23,4462 -0,0245 128,8384 0,9675 23,0000 
1,200 856,1822 378,0853 0,1670 726,4455 23,4109 -0,0259 132,0456 0,9658 23,0000 
1,250 889,4232 392,4660 0,1824 722,3683 23,3753 -0,0272 135,1133 0,9640 23,0000 
1,300 922,4868 406,7456 0,1985 718,3315 23,3394 -0,0286 138,0467 0,9623 23,0000 
1,350 955,3749 420,9250 0,2153 714,3344 23,3034 -0,0300 140,8510 0,9606 23,0000 
1,400 988,0891 435,0050 0,2329 710,3764 23,2672 -0,0314 143,5309 0,9590 23,0000 
1,450 1020,6313 448,9865 0,2511 706,4569 23,2307 -0,0329 146,0913 0,9573 23,0000 
1,500 1053,0032 462,8704 0,2701 702,5753 23,1940 -0,0343 148,5366 0,9556 23,0000 
1,550 1085,2063 476,6574 0,2898 698,7310 23,1571 -0,0358 150,8710 0,9540 23,0000 
1,600 1117,2423 490,3485 0,3103 694,9236 23,1200 -0,0373 153,0988 0,9524 23,0000 
1,650 1149,1129 503,9444 0,3314 691,1523 23,0826 -0,0388 155,2238 0,9508 23,0000 
1,700 1180,8197 517,4459 0,3533 687,4167 23,0451 -0,0403 157,2500 0,9492 23,0000 
1,750 1212,3642 530,8539 0,3758 683,7163 23,0073 -0,0418 159,1809 0,9476 23,0000 
1,800 1243,7480 544,1691 0,3992 680,0505 22,9693 -0,0433 161,0201 0,9460 23,0000 
1,850 1274,9725 557,3923 0,4232 676,4189 22,9310 -0,0449 162,7709 0,9445 23,0000 
1,900 1306,0394 570,5242 0,4479 672,8209 22,8926 -0,0464 164,4366 0,9429 23,0000 
1,950 1336,9501 583,5656 0,4734 669,2560 22,8539 -0,0480 166,0204 0,9414 23,0000 
2,000 1367,7061 596,5172 0,4996 665,7239 22,8150 -0,0496 167,5251 0,9399 23,0000 
2,050 1398,3087 609,3798 0,5265 662,2240 22,7759 -0,0512 168,9538 0,9384 23,0000 
2,100 1428,7594 622,1540 0,5541 658,7559 22,7366 -0,0528 170,3091 0,9369 23,0000 
2,150 1459,0597 634,8406 0,5824 655,3191 22,6970 -0,0544 171,5938 0,9354 23,0000 
2,200 1489,2108 647,4403 0,6115 651,9132 22,6573 -0,0560 172,8104 0,9339 23,0000 
2,250 1519,2142 659,9537 0,6413 648,5378 22,6173 -0,0577 173,9614 0,9325 23,0000 
2,300 1549,0712 672,3816 0,6717 645,1925 22,5770 -0,0593 175,0491 0,9310 23,0000 
2,350 1578,7831 684,7245 0,7029 641,8768 22,5366 -0,0610 176,0759 0,9296 23,0000 
2,400 1608,3512 696,9832 0,7348 638,5904 22,4959 -0,0627 177,0439 0,9282 23,0000 
2,450 1637,7768 709,1583 0,7674 635,3328 22,4550 -0,0643 177,9552 0,9268 23,0000 
2,500 1667,0612 721,2505 0,8008 632,1037 22,4139 -0,0660 178,8120 0,9254 23,0000 
2,550 1696,2057 733,2603 0,8348 628,9027 22,3725 -0,0677 179,6162 0,9240 23,0000 
2,600 1725,2113 745,1884 0,8695 625,7295 22,3310 -0,0695 180,3696 0,9226 23,0000 
2,650 1754,0795 757,0355 0,9049 622,5836 22,2892 -0,0712 181,0740 0,9212 23,0000 
2,700 1782,8114 768,8021 0,9411 619,4648 22,2471 -0,0729 181,7314 0,9199 23,0000 
2,750 1811,4081 780,4888 0,9779 616,3726 22,2049 -0,0747 182,3432 0,9185 23,0000 
2,800 1839,8708 792,0962 1,0154 613,3067 22,1624 -0,0764 182,9112 0,9172 23,0000 
2,850 1868,2008 803,6249 1,0536 610,2668 22,1197 -0,0782 183,4370 0,9159 23,0000 
2,900 1896,3991 815,0755 1,0925 607,2526 22,0768 -0,0800 183,9220 0,9146 23,0000 
2,950 1924,4669 826,4486 1,1321 604,2637 22,0336 -0,0817 184,3677 0,9133 23,0000 
3,000 1952,4052 837,7447 1,1724 601,2998 21,9902 -0,0835 184,7755 0,9120 23,0000 
3,050 1980,2152 848,9643 1,2134 598,3606 21,9466 -0,0853 185,1468 0,9107 23,0000 
3,100 2007,8980 860,1081 1,2551 595,4458 21,9027 -0,0871 185,4829 0,9094 23,0000 
3,150 2035,4546 871,1765 1,2974 592,5552 21,8586 -0,0890 185,7850 0,9082 23,0000 
3,200 2062,8862 882,1702 1,3404 589,6883 21,8143 -0,0908 186,0544 0,9069 23,0000 
3,250 2090,1936 893,0895 1,3842 586,8449 21,7698 -0,0926 186,2922 0,9057 23,0000 
3,300 2117,3780 903,9351 1,4285 584,0248 21,7250 -0,0945 186,4997 0,9044 23,0000 
3,350 2144,4404 914,7075 1,4736 581,2276 21,6800 -0,0963 186,6777 0,9032 23,0000 
3,400 2171,3818 925,4071 1,5193 578,4531 21,6347 -0,0982 186,8275 0,9020 23,0000 
3,450 2198,2031 936,0345 1,5657 575,7010 21,5893 -0,1000 186,9501 0,9008 23,0000 
3,500 2224,9054 946,5902 1,6128 572,9710 21,5435 -0,1019 187,0463 0,8996 23,0000 
3,550 2251,4897 957,0746 1,6605 570,2629 21,4976 -0,1038 187,1173 0,8984 23,0000 
3,600 2277,9568 967,4883 1,7089 567,5764 21,4514 -0,1057 187,1638 0,8973 23,0000 
3,650 2304,3078 977,8317 1,7579 564,9113 21,4050 -0,1076 187,1868 0,8961 23,0000 
3,700 2330,5436 988,1054 1,8076 562,2673 21,3584 -0,1095 187,1871 0,8949 23,0000 
3,750 2356,6650 998,3097 1,8580 559,6442 21,3115 -0,1114 187,1656 0,8938 23,0000 
3,800 2382,6731 1008,4451 1,9090 557,0417 21,2644 -0,1134 187,1231 0,8926 23,0000 
3,850 2408,5687 1018,5121 1,9607 554,4596 21,2170 -0,1153 187,0602 0,8915 23,0000 
3,900 2434,3527 1028,5112 2,0130 551,8977 21,1694 -0,1172 186,9778 0,8904 23,0000 
3,950 2460,0259 1038,4428 2,0660 549,3557 21,1216 -0,1192 186,8766 0,8893 23,0000 
4,000 2485,5894 1048,3073 2,1196 546,8334 21,0735 -0,1211 186,7573 0,8882 23,0000 
4,050 2511,0438 1058,1052 2,1738 544,3306 21,0252 -0,1231 186,6205 0,8871 23,0000 
4,100 2536,3902 1067,8369 2,2287 541,8471 20,9767 -0,1250 186,4669 0,8860 23,0000 
4,150 2561,6292 1077,5028 2,2842 539,3826 20,9279 -0,1270 186,2971 0,8849 23,0000 
4,200 2586,7618 1087,1033 2,3404 536,9370 20,8788 -0,1290 186,1117 0,8838 23,0000 
4,250 2611,7887 1096,6390 2,3971 534,5100 20,8296 -0,1310 185,9114 0,8828 23,0000 
4,300 2636,7109 1106,1101 2,4546 532,1015 20,7801 -0,1330 185,6966 0,8817 23,0000 
4,350 2661,5290 1115,5171 2,5126 529,7112 20,7303 -0,1350 185,4679 0,8807 23,0000 
4,400 2686,2439 1124,8604 2,5713 527,3389 20,6803 -0,1370 185,2258 0,8796 23,0000 
4,450 2710,8564 1134,1404 2,6305 524,9828 20,6301 -0,1390 184,9709 0,8786 23,0000 
4,500 2735,3671 1143,3575 2,6904 522,6446 20,5796 -0,1410 184,7037 0,8776 23,0000 
4,550 2759,7769 1152,5120 2,7509 520,3247 20,5289 -0,1431 184,4245 0,8766 23,0000 
4,600 2784,0866 1161,6043 2,8121 518,0227 20,4780 -0,1451 184,1339 0,8756 23,0000 
4,650 2808,2969 1170,6350 2,8738 515,7384 20,4268 -0,1471 183,8324 0,8746 23,0000 
4,700 2832,4086 1179,6043 2,9362 513,4715 20,3753 -0,1492 183,5203 0,8736 23,0000 
4,750 2856,4225 1188,5126 2,9991 511,2220 20,3236 -0,1512 183,1981 0,8726 23,0000 
4,800 2880,3394 1197,3603 3,0627 508,9894 20,2717 -0,1533 182,8661 0,8716 23,0000 
4,850 2904,1599 1206,1478 3,1268 506,7737 20,2195 -0,1554 182,5249 0,8707 23,0000 
4,900 2927,8848 1214,8754 3,1916 504,5747 20,1671 -0,1574 182,1747 0,8697 23,0000 
4,950 2951,5149 1223,5436 3,2569 502,3920 20,1144 -0,1595 181,8159 0,8688 23,0000 
5,000 2975,0508 1232,1526 3,3229 500,2257 20,0615 -0,1616 181,4489 0,8678 23,0000 
5,050 2998,4933 1240,7029 3,3894 498,0754 20,0083 -0,1637 181,0740 0,8669 23,0000 
5,100 3021,8431 1249,1947 3,4565 495,9411 19,9549 -0,1658 180,6916 0,8659 23,0000 
5,150 3045,1007 1257,6285 3,5243 493,8225 19,9013 -0,1679 180,3019 0,8650 23,0000 
5,200 3068,2671 1266,0046 3,5926 491,7194 19,8474 -0,1700 179,9053 0,8641 23,0000 
5,250 3091,3427 1274,3233 3,6614 489,6319 19,7932 -0,1721 179,5021 0,8632 23,0000 
5,300 3114,3284 1282,5849 3,7309 487,5595 19,7388 -0,1742 179,0925 0,8623 23,0000 
5,350 3137,2247 1290,7899 3,8009 485,5024 19,6842 -0,1763 178,6769 0,8614 23,0000 
5,400 3160,0323 1298,9385 3,8715 483,4602 19,6292 -0,1785 178,2555 0,8605 23,0000 
5,450 3182,7518 1307,0310 3,9427 481,4329 19,5741 -0,1806 177,8286 0,8596 23,0000 
5,500 3205,3840 1315,0678 4,0145 479,4203 19,5187 -0,1827 177,3964 0,8587 23,0000 
5,550 3227,9294 1323,0492 4,0868 477,4223 19,4630 -0,1849 176,9592 0,8579 23,0000 
5,600 3250,3887 1330,9755 4,1597 475,4387 19,4071 -0,1870 176,5172 0,8570 23,0000 
5,650 3272,7625 1338,8471 4,2331 473,4695 19,3510 -0,1892 176,0706 0,8562 23,0000 
5,700 3295,0514 1346,6642 4,3071 471,5145 19,2945 -0,1913 175,6197 0,8553 23,0000 
5,750 3317,2561 1354,4272 4,3817 469,5736 19,2379 -0,1935 175,1647 0,8545 23,0000 
5,800 3339,3771 1362,1364 4,4568 467,6467 19,1810 -0,1957 174,7057 0,8536 23,0000 
5,850 3361,4152 1369,7920 4,5325 465,7336 19,1238 -0,1978 174,2430 0,8528 23,0000 
5,900 3383,3707 1377,3944 4,6088 463,8343 19,0664 -0,2000 173,7769 0,8520 23,0000 
5,950 3405,2445 1384,9438 4,6855 461,9487 19,0087 -0,2022 173,3074 0,8512 23,0000 
6,000 3427,0370 1392,4407 4,7629 460,0766 18,9508 -0,2044 172,8347 0,8504 23,0000 
6,050 3448,7488 1399,8852 4,8407 458,2179 18,8926 -0,2066 172,3591 0,8496 23,0000 
6,100 3470,3806 1407,2776 4,9191 456,3725 18,8341 -0,2088 171,8806 0,8488 23,0000 
6,150 3491,9329 1414,6183 4,9981 454,5404 18,7754 -0,2110 171,3995 0,8480 23,0000 
6,200 3513,4063 1421,9075 5,0776 452,7215 18,7165 -0,2132 170,9160 0,8472 23,0000 
6,250 3534,8013 1429,1456 5,1576 450,9155 18,6573 -0,2154 170,4301 0,8464 23,0000 
6,300 3556,1186 1436,3327 5,2382 449,1225 18,5978 -0,2176 169,9420 0,8456 23,0000 
6,350 3577,3586 1443,4692 5,3193 447,3424 18,5381 -0,2199 169,4520 0,8449 23,0000 
6,400 3598,5219 1450,5554 5,4009 445,5750 18,4781 -0,2221 168,9600 0,8441 23,0000 
6,450 3619,6091 1457,5914 5,4830 443,8202 18,4178 -0,2243 168,4663 0,8434 23,0000 
6,500 3640,6208 1464,5777 5,5657 442,0781 18,3573 -0,2266 167,9709 0,8426 23,0000 
6,550 3661,5575 1471,5144 5,6489 440,3484 18,2966 -0,2288 167,4741 0,8419 23,0000 
6,600 3682,4196 1478,4019 5,7326 438,6311 18,2356 -0,2310 166,9758 0,8411 23,0000 
6,650 3703,2079 1485,2404 5,8168 436,9261 18,1743 -0,2333 166,4764 0,8404 23,0000 
6,700 3723,9227 1492,0301 5,9016 435,2333 18,1128 -0,2355 165,9758 0,8397 23,0000 
6,750 3744,5646 1498,7713 5,9869 433,5526 18,0510 -0,2378 165,4741 0,8390 23,0000 
6,800 3765,1342 1505,4643 6,0726 431,8840 17,9889 -0,2401 164,9715 0,8382 23,0000 
6,850 3785,6319 1512,1094 6,1589 430,2273 17,9266 -0,2423 164,4682 0,8375 23,0000 
6,900 3806,0583 1518,7068 6,2457 428,5825 17,8640 -0,2446 163,9640 0,8368 23,0000 
6,950 3826,4139 1525,2566 6,3330 426,9495 17,8012 -0,2469 163,4593 0,8361 23,0000 
7,000 3846,6992 1531,7593 6,4208 425,3282 17,7381 -0,2491 162,9541 0,8354 23,0000 
7,050 3866,9147 1538,2150 6,5091 423,7185 17,6747 -0,2514 162,4484 0,8347 23,0000 
7,100 3887,0609 1544,6241 6,5979 422,1204 17,6111 -0,2537 161,9423 0,8341 23,0000 
7,150 3907,1384 1550,9866 6,6873 420,5338 17,5472 -0,2560 161,4360 0,8334 23,0000 
7,200 3927,1475 1557,3029 6,7771 418,9585 17,4831 -0,2583 160,9295 0,8327 23,0000 
7,250 3947,0889 1563,5732 6,8674 417,3945 17,4187 -0,2606 160,4229 0,8321 23,0000 
7,300 3966,9629 1569,7978 6,9582 415,8418 17,3540 -0,2629 159,9163 0,8314 23,0000 
7,350 3986,7701 1575,9768 7,0494 414,3002 17,2891 -0,2652 159,4097 0,8307 23,0000 
7,400 4006,5110 1582,1106 7,1412 412,7697 17,2239 -0,2675 158,9033 0,8301 23,0000 
7,450 4026,1860 1588,1993 7,2335 411,2502 17,1585 -0,2698 158,3970 0,8295 23,0000 
7,500 4045,7955 1594,2432 7,3262 409,7416 17,0927 -0,2721 157,8909 0,8288 23,0000 
7,550 4065,3402 1600,2424 7,4194 408,2439 17,0268 -0,2745 157,3852 0,8282 23,0000 
7,600 4084,8204 1606,1974 7,5131 406,7569 16,9605 -0,2768 156,8799 0,8275 23,0000 
7,650 4104,2366 1612,1081 7,6073 405,2806 16,8940 -0,2791 156,3750 0,8269 23,0000 
7,700 4123,5893 1617,9750 7,7020 403,8149 16,8272 -0,2814 155,8706 0,8263 23,0000 
7,750 4142,8790 1623,7981 7,7972 402,3598 16,7602 -0,2838 155,3667 0,8257 23,0000 
7,800 4162,1060 1629,5778 7,8928 400,9152 16,6929 -0,2861 154,8635 0,8251 23,0000 
7,850 4181,2708 1635,3142 7,9889 399,4809 16,6254 -0,2885 154,3609 0,8245 23,0000 
7,900 4200,3739 1641,0075 8,0854 398,0570 16,5575 -0,2908 153,8590 0,8239 23,0000 
7,950 4219,4157 1646,6580 8,1825 396,6433 16,4894 -0,2931 153,3578 0,8233 23,0000 
8,000 4238,3967 1652,2658 8,2800 395,2398 16,4211 -0,2955 152,8575 0,8227 23,0000 
8,050 4257,3173 1657,8313 8,3779 393,8464 16,3525 -0,2978 152,3580 0,8221 23,0000 
8,100 4276,1780 1663,3545 8,4763 392,4630 16,2836 -0,3001 151,8594 0,8215 23,0000 
8,150 4294,9791 1668,8357 8,5752 391,0896 16,2145 -0,3025 151,3617 0,8210 23,0000 
8,200 4313,7211 1674,2751 8,6745 389,7261 16,1451 -0,3048 150,8649 0,8204 23,0000 
8,250 4332,4044 1679,6729 8,7743 388,3725 16,0754 -0,3072 150,3692 0,8198 23,0000 
8,300 4351,0295 1685,0293 8,8745 387,0294 16,0055 -0,3095 149,8745 0,8193 23,0000 
8,350 4369,5968 1690,3445 8,9752 385,6967 15,9353 -0,3118 149,3809 0,8187 23,0000 
8,400 4388,1068 1695,6187 9,0763 384,3743 15,8648 -0,3142 148,8884 0,8182 23,0000 
8,450 4406,5599 1700,8521 9,1779 383,0620 15,7941 -0,3165 148,3971 0,8176 23,0000 
8,500 4424,9566 1706,0450 9,2799 381,7597 15,7231 -0,3189 147,9069 0,8171 23,0000 
8,550 4443,2972 1711,1974 9,3824 380,4673 15,6518 -0,3212 147,4180 0,8165 23,0000 
8,600 4461,5822 1716,3097 9,4852 379,1847 15,5803 -0,3235 146,9303 0,8160 23,0000 
8,650 4479,8120 1721,3820 9,5885 377,9118 15,5085 -0,3259 146,4438 0,8155 23,0000 
8,700 4497,9871 1726,4145 9,6923 376,6485 15,4365 -0,3282 145,9587 0,8149 23,0000 
8,750 4516,1079 1731,4073 9,7965 375,3948 15,3642 -0,3305 145,4748 0,8144 23,0000 
8,800 4534,1747 1736,3608 9,9011 374,1507 15,2916 -0,3329 144,9924 0,8139 23,0000 
8,850 4552,1880 1741,2749 10,0061 372,9161 15,2188 -0,3352 144,5112 0,8134 23,0000 
8,900 4570,1482 1746,1501 10,1115 371,6909 15,1457 -0,3375 144,0315 0,8129 23,0000 
8,950 4588,0557 1750,9864 10,2173 370,4752 15,0724 -0,3398 143,5532 0,8124 23,0000 
9,000 4605,9109 1755,7840 10,3236 369,2690 14,9988 -0,3421 143,0763 0,8119 23,0000 
9,050 4623,7142 1760,5431 10,4303 368,0723 14,9249 -0,3444 142,6009 0,8114 23,0000 
9,100 4641,4661 1765,2638 10,5373 366,8850 14,8508 -0,3467 142,1270 0,8109 23,0000 
9,150 4659,1669 1769,9465 10,6448 365,7072 14,7764 -0,3490 141,6545 0,8104 23,0000 
9,200 4676,8170 1774,5912 10,7527 364,5389 14,7017 -0,3513 141,1836 0,8099 23,0000 
9,250 4694,4169 1779,1981 10,8609 363,3801 14,6268 -0,3536 140,7142 0,8095 23,0000 
9,300 4711,9670 1783,7674 10,9696 362,2309 14,5517 -0,3558 140,2463 0,8090 23,0000 
9,350 4729,4677 1788,2993 11,0786 361,0913 14,4762 -0,3581 139,7800 0,8085 23,0000 
9,400 4746,9193 1792,7940 11,1880 359,9612 14,4006 -0,3603 139,3153 0,8080 23,0000 
9,450 4764,3225 1797,2516 11,2978 358,8408 14,3246 -0,3626 138,8522 0,8076 23,0000 
9,500 4781,6774 1801,6723 11,4080 357,7301 14,2484 -0,3648 138,3907 0,8071 23,0000 
9,550 4798,9846 1806,0563 11,5185 356,6291 14,1720 -0,3670 137,9308 0,8067 23,0000 
9,600 4816,2446 1810,4038 11,6294 355,5378 14,0953 -0,3692 137,4725 0,8062 23,0000 
9,650 4833,4576 1814,7150 11,7407 354,4564 14,0183 -0,3714 137,0158 0,8058 23,0000 
9,700 4850,6242 1818,9900 11,8523 353,3848 13,9411 -0,3736 136,5609 0,8053 23,0000 
9,750 4867,7448 1823,2289 11,9642 352,3231 13,8636 -0,3758 136,1076 0,8049 23,0000 
9,800 4884,8198 1827,4321 12,0766 351,2712 13,7859 -0,3780 135,6559 0,8045 23,0000 
9,850 4901,8496 1831,5996 12,1892 350,2294 13,7079 -0,3801 135,2060 0,8040 23,0000 
9,900 4918,8347 1835,7316 12,3022 349,1975 13,6297 -0,3822 134,7577 0,8036 23,0000 
9,950 4935,7756 1839,8284 12,4156 348,1757 13,5513 -0,3844 134,3112 0,8032 23,0000 
10,000 4952,6726 1843,8900 12,5292 347,1639 13,4725 -0,3865 133,8663 0,8028 23,0000 
10,050 4969,5263 1847,9166 12,6432 346,1622 13,3936 -0,3886 133,4232 0,8024 23,0000 
10,100 4986,3370 1851,9085 12,7575 345,1707 13,3143 -0,3906 132,9818 0,8019 23,0000 
10,150 5003,1052 1855,8657 12,8722 344,1893 13,2349 -0,3927 132,5422 0,8015 23,0000 
10,200 5019,8313 1859,7885 12,9871 343,2181 13,1552 -0,3947 132,1043 0,8011 23,0000 
10,250 5036,5159 1863,6771 13,1023 342,2572 13,0752 -0,3968 131,6682 0,8007 23,0000 
10,300 5053,1593 1867,5315 13,2179 341,3064 12,9950 -0,3988 131,2338 0,8003 23,0000 
10,350 5069,7620 1871,3520 13,3337 340,3660 12,9146 -0,4008 130,8012 0,7999 23,0000 
10,400 5086,3245 1875,1387 13,4499 339,4358 12,8339 -0,4027 130,3703 0,7996 23,0000 
10,450 5102,8472 1878,8918 13,5663 338,5158 12,7530 -0,4047 129,9412 0,7992 23,0000 
10,500 5119,3306 1882,6114 13,6830 337,6062 12,6719 -0,4066 129,5139 0,7988 23,0000 
10,550 5135,7751 1886,2978 13,8000 336,7069 12,5905 -0,4086 129,0884 0,7984 23,0000 
10,600 5152,1812 1889,9511 13,9172 335,8179 12,5089 -0,4105 128,6647 0,7980 23,0000 
10,650 5168,5493 1893,5714 14,0348 334,9392 12,4270 -0,4123 128,2428 0,7977 23,0000 
10,700 5184,8800 1897,1589 14,1526 334,0708 12,3449 -0,4142 127,8226 0,7973 23,0000 
10,750 5201,1736 1900,7137 14,2706 333,2127 12,2626 -0,4160 127,4043 0,7969 23,0000 
10,800 5217,4306 1904,2361 14,3889 332,3649 12,1800 -0,4179 126,9877 0,7966 23,0000 
10,850 5233,6515 1907,7261 14,5075 331,5273 12,0973 -0,4197 126,5730 0,7962 23,0000 
10,900 5249,8367 1911,1840 14,6263 330,7001 12,0143 -0,4214 126,1600 0,7959 23,0000 
10,950 5265,9867 1914,6099 14,7453 329,8835 11,9310 -0,4232 125,7489 0,7955 23,0000 
11,000 5282,1019 1918,0039 14,8646 329,0762 11,8476 -0,4250 125,3396 0,7952 23,0000 
11,050 5298,1828 1921,3662 14,9841 328,2785 11,7639 -0,4267 124,9321 0,7948 23,0000 
11,100 5314,2298 1924,6968 15,1039 327,4905 11,6800 -0,4285 124,5263 0,7945 23,0000 
11,150 5330,2433 1927,9961 15,2239 326,7127 11,5958 -0,4302 124,1224 0,7941 23,0000 
11,200 5346,2238 1931,2640 15,3441 325,9451 11,5115 -0,4319 123,7203 0,7938 23,0000 
11,250 5362,1718 1934,5008 15,4646 325,1880 11,4269 -0,4336 123,3200 0,7935 23,0000 
11,300 5378,0876 1937,7066 15,5853 324,4415 11,3421 -0,4354 122,9215 0,7932 23,0000 
11,350 5393,9719 1940,8816 15,7062 323,7056 11,2571 -0,4371 122,5248 0,7928 23,0000 
11,400 5409,8250 1944,0258 15,8274 322,9804 11,1719 -0,4388 122,1300 0,7925 23,0000 
11,450 5425,6474 1947,1395 15,9488 322,2660 11,0865 -0,4405 121,7369 0,7922 23,0000 
11,500 5441,4397 1950,2227 16,0704 321,5623 11,0008 -0,4421 121,3456 0,7919 23,0000 
11,550 5457,2023 1953,2757 16,1923 320,8692 10,9150 -0,4438 120,9562 0,7916 23,0000 
11,600 5472,9357 1956,2985 16,3144 320,1868 10,8289 -0,4455 120,5685 0,7913 23,0000 
11,650 5488,6404 1959,2913 16,4367 319,5150 10,7427 -0,4472 120,1826 0,7910 23,0000 
11,700 5504,3168 1962,2543 16,5593 318,8536 10,6562 -0,4488 119,7986 0,7907 23,0000 
11,750 5519,9654 1965,1875 16,6821 318,2025 10,5696 -0,4505 119,4163 0,7904 23,0000 
11,800 5535,5867 1968,0911 16,8052 317,5617 10,4827 -0,4521 119,0359 0,7901 23,0000 
11,850 5551,1811 1970,9652 16,9284 316,9309 10,3956 -0,4538 118,6572 0,7898 23,0000 
11,900 5566,7491 1973,8100 17,0520 316,3100 10,3084 -0,4554 118,2804 0,7895 23,0000 
11,950 5582,2911 1976,6255 17,1757 315,6989 10,2210 -0,4570 117,9053 0,7892 23,0000 
12,000 5597,8075 1979,4119 17,2997 315,0974 10,1333 -0,4587 117,5320 0,7889 23,0000 
12,050 5613,2988 1982,1693 17,4239 314,5052 10,0455 -0,4603 117,1605 0,7886 23,0000 
12,100 5628,7654 1984,8979 17,5484 313,9223 9,9575 -0,4619 116,7908 0,7884 23,0000 
12,150 5644,2076 1987,5976 17,6731 313,3484 9,8693 -0,4635 116,4228 0,7881 23,0000 
12,200 5659,6260 1990,2688 17,7981 312,7833 9,7810 -0,4651 116,0567 0,7878 23,0000 
12,250 5675,0208 1992,9113 17,9233 312,2269 9,6924 -0,4667 115,6923 0,7875 23,0000 
12,300 5690,3925 1995,5254 18,0487 311,6789 9,6037 -0,4683 115,3296 0,7873 23,0000 
12,350 5705,7414 1998,1112 18,1744 311,1392 9,5148 -0,4699 114,9688 0,7870 23,0000 
12,400 5721,0678 2000,6687 18,3003 310,6075 9,4257 -0,4715 114,6096 0,7868 23,0000 
12,450 5736,3722 2003,1980 18,4264 310,0837 9,3365 -0,4731 114,2522 0,7865 23,0000 
12,500 5751,6549 2005,6992 18,5528 309,5676 9,2471 -0,4747 113,8966 0,7862 23,0000 
12,550 5766,9161 2008,1725 18,6795 309,0589 9,1575 -0,4763 113,5427 0,7860 23,0000 
12,600 5782,1563 2010,6179 18,8064 308,5575 9,0677 -0,4778 113,1905 0,7858 23,0000 
12,650 5797,3757 2013,0355 18,9335 308,0632 8,9778 -0,4794 112,8401 0,7855 23,0000 
12,700 5812,5746 2015,4253 19,0609 307,5758 8,8877 -0,4810 112,4913 0,7853 23,0000 
12,750 5827,7534 2017,7875 19,1886 307,0951 8,7975 -0,4826 112,1443 0,7850 23,0000 
12,800 5842,9122 2020,1221 19,3164 306,6209 8,7071 -0,4841 111,7990 0,7848 23,0000 
12,850 5858,0515 2022,4293 19,4446 306,1530 8,6165 -0,4857 111,4554 0,7846 23,0000 
12,900 5873,1714 2024,7090 19,5729 305,6913 8,5258 -0,4872 111,1134 0,7843 23,0000 
12,950 5888,2722 2026,9613 19,7016 305,2355 8,4350 -0,4888 110,7732 0,7841 23,0000 
13,000 5903,3542 2029,1864 19,8304 304,7856 8,3439 -0,4903 110,4346 0,7839 23,0000 
13,050 5918,4175 2031,3842 19,9595 304,3413 8,2527 -0,4919 110,0976 0,7837 23,0000 
13,100 5933,4625 2033,5549 20,0889 303,9024 8,1614 -0,4934 109,7624 0,7834 23,0000 
13,150 5948,4893 2035,6985 20,2185 303,4688 8,0699 -0,4950 109,4288 0,7832 23,0000 
13,200 5963,4982 2037,8151 20,3484 303,0404 7,9783 -0,4965 109,0968 0,7830 23,0000 
13,250 5978,4894 2039,9047 20,4785 302,6169 7,8865 -0,4981 108,7664 0,7828 23,0000 
13,300 5993,4630 2041,9674 20,6089 302,1982 7,7946 -0,4996 108,4377 0,7826 23,0000 
13,350 6008,4193 2044,0032 20,7395 301,7842 7,7025 -0,5011 108,1106 0,7824 23,0000 
13,400 6023,3585 2046,0122 20,8704 301,3747 7,6103 -0,5026 107,7851 0,7822 23,0000 
13,450 6038,2806 2047,9944 21,0015 300,9694 7,5180 -0,5042 107,4612 0,7820 23,0000 
13,500 6053,1860 2049,9500 21,1328 300,5673 7,4255 -0,5057 107,1389 0,7818 23,0000 
13,550 6068,0746 2051,8789 21,2644 300,1682 7,3328 -0,5072 106,8182 0,7816 23,0000 
13,600 6082,9466 2053,7811 21,3963 299,7720 7,2401 -0,5087 106,4991 0,7814 23,0000 
13,650 6097,8021 2055,6568 21,5284 299,3788 7,1471 -0,5103 106,1815 0,7812 23,0000 
13,700 6112,6411 2057,5060 21,6608 298,9884 7,0541 -0,5118 105,8654 0,7810 23,0000 
13,750 6127,4639 2059,3286 21,7934 298,6009 6,9609 -0,5133 105,5509 0,7808 23,0000 
13,800 6142,2704 2061,1248 21,9262 298,2161 6,8676 -0,5148 105,2380 0,7807 23,0000 
13,850 6157,0608 2062,8945 22,0593 297,8341 6,7741 -0,5163 104,9265 0,7805 23,0000 
13,900 6171,8351 2064,6379 22,1926 297,4549 6,6805 -0,5178 104,6166 0,7803 23,0000 
13,950 6186,5936 2066,3549 22,3262 297,0783 6,5867 -0,5193 104,3082 0,7801 23,0000 
14,000 6201,3361 2068,0456 22,4600 296,7044 6,4929 -0,5208 104,0012 0,7800 23,0000 
14,050 6216,0629 2069,7100 22,5941 296,3331 6,3989 -0,5223 103,6958 0,7798 23,0000 
14,100 6230,7741 2071,3482 22,7284 295,9643 6,3047 -0,5238 103,3918 0,7796 23,0000 
14,150 6245,4696 2072,9602 22,8629 295,5981 6,2105 -0,5253 103,0893 0,7795 23,0000 
14,200 6260,1496 2074,5460 22,9977 295,2345 6,1161 -0,5268 102,7882 0,7793 23,0000 
14,250 6274,8142 2076,1057 23,1328 294,8733 6,0215 -0,5283 102,4886 0,7791 23,0000 
14,300 6289,4635 2077,6393 23,2680 294,5145 5,9269 -0,5298 102,1904 0,7790 23,0000 
14,350 6304,0975 2079,1469 23,4036 294,1582 5,8321 -0,5313 101,8937 0,7788 23,0000 
14,400 6318,7163 2080,6284 23,5393 293,8043 5,7371 -0,5328 101,5984 0,7787 23,0000 
14,450 6333,3200 2082,0839 23,6753 293,4528 5,6421 -0,5343 101,3045 0,7785 23,0000 
14,500 6347,9086 2083,5134 23,8115 293,1036 5,5469 -0,5358 101,0120 0,7784 23,0000 
14,550 6362,4823 2084,9171 23,9480 292,7567 5,4516 -0,5372 100,7208 0,7783 23,0000 
14,600 6377,0411 2086,2948 24,0847 292,4121 5,3562 -0,5387 100,4311 0,7781 23,0000 
14,650 6391,5850 2087,6466 24,2217 292,0698 5,2606 -0,5402 100,1428 0,7780 23,0000 
14,700 6406,1142 2088,9727 24,3588 291,7297 5,1649 -0,5417 99,8558 0,7779 23,0000 
14,750 6420,6287 2090,2729 24,4962 291,3918 5,0691 -0,5432 99,5701 0,7777 23,0000 
14,800 6435,1286 2091,5473 24,6339 291,0561 4,9732 -0,5446 99,2859 0,7776 23,0000 
14,850 6449,6140 2092,7961 24,7718 290,7226 4,8771 -0,5461 99,0029 0,7775 23,0000 
14,900 6464,0848 2094,0191 24,9099 290,3912 4,7810 -0,5476 98,7213 0,7773 23,0000 
14,950 6478,5412 2095,2164 25,0483 290,0620 4,6847 -0,5491 98,4410 0,7772 23,0000 
15,000 6492,9833 2096,3881 25,1868 289,7348 4,5883 -0,5505 98,1621 0,7771 23,0000 
15,050 6507,4111 2097,5341 25,3257 289,4098 4,4917 -0,5520 97,8844 0,7770 23,0000 
15,100 6521,8246 2098,6546 25,4647 289,0868 4,3951 -0,5535 97,6081 0,7769 23,0000 
15,150 6536,2239 2099,7495 25,6040 288,7658 4,2983 -0,5549 97,3330 0,7768 23,0000 
15,200 6550,6091 2100,8189 25,7435 288,4469 4,2014 -0,5564 97,0592 0,7767 23,0000 
15,250 6564,9803 2101,8627 25,8833 288,1299 4,1044 -0,5579 96,7867 0,7766 23,0000 
15,300 6579,3374 2102,8811 26,0232 287,8150 4,0073 -0,5593 96,5155 0,7765 23,0000 
15,350 6593,6806 2103,8741 26,1634 287,5020 3,9100 -0,5608 96,2455 0,7764 23,0000 
15,400 6608,0098 2104,8416 26,3039 287,1910 3,8127 -0,5622 95,9768 0,7763 23,0000 
15,450 6622,3253 2105,7838 26,4445 286,8819 3,7152 -0,5637 95,7094 0,7762 23,0000 
15,500 6636,6269 2106,7006 26,5854 286,5747 3,6176 -0,5652 95,4431 0,7761 23,0000 
15,550 6650,9148 2107,5920 26,7266 286,2694 3,5199 -0,5666 95,1781 0,7760 23,0000 
15,600 6665,1890 2108,4581 26,8679 285,9660 3,4221 -0,5681 94,9143 0,7759 23,0000 
15,650 6679,4496 2109,2990 27,0095 285,6645 3,3242 -0,5695 94,6518 0,7758 23,0000 
15,700 6693,6966 2110,1146 27,1513 285,3648 3,2262 -0,5710 94,3904 0,7757 23,0000 
15,750 6707,9300 2110,9050 27,2933 285,0669 3,1280 -0,5724 94,1303 0,7757 23,0000 
15,800 6722,1500 2111,6701 27,4356 284,7709 3,0298 -0,5739 93,8713 0,7756 23,0000 
15,850 6736,3565 2112,4101 27,5781 284,4767 2,9314 -0,5753 93,6135 0,7755 23,0000 
15,900 6750,5496 2113,1250 27,7208 284,1842 2,8329 -0,5768 93,3569 0,7754 23,0000 
15,950 6764,7293 2113,8147 27,8637 283,8936 2,7343 -0,5782 93,1015 0,7754 23,0000 
16,000 6778,8958 2114,4793 28,0068 283,6047 2,6357 -0,5797 92,8472 0,7753 23,0000 
16,050 6793,0490 2115,1188 28,1502 283,3176 2,5369 -0,5811 92,5941 0,7752 23,0000 
16,100 6807,1889 2115,7333 28,2938 283,0322 2,4380 -0,5826 92,3421 0,7752 23,0000 
16,150 6821,3157 2116,3228 28,4376 282,7485 2,3390 -0,5840 92,0913 0,7751 23,0000 
16,200 6835,4294 2116,8873 28,5817 282,4666 2,2399 -0,5855 91,8416 0,7751 23,0000 
16,250 6849,5300 2117,4268 28,7260 282,1863 2,1406 -0,5869 91,5931 0,7750 23,0000 
16,300 6863,6175 2117,9413 28,8704 281,9077 2,0413 -0,5883 91,3457 0,7750 23,0000 
16,350 6877,6920 2118,4309 29,0151 281,6308 1,9419 -0,5898 91,0993 0,7749 23,0000 
16,400 6891,7536 2118,8957 29,1601 281,3556 1,8424 -0,5912 90,8541 0,7749 23,0000 
16,450 6905,8022 2119,3355 29,3052 281,0821 1,7428 -0,5927 90,6100 0,7748 23,0000 
16,500 6919,8379 2119,7505 29,4506 280,8101 1,6430 -0,5941 90,3670 0,7748 23,0000 
16,550 6933,8608 2120,1407 29,5962 280,5398 1,5432 -0,5955 90,1251 0,7747 23,0000 
16,600 6947,8709 2120,5060 29,7420 280,2712 1,4433 -0,5970 89,8843 0,7747 23,0000 
16,650 6961,8682 2120,8466 29,8880 280,0041 1,3433 -0,5984 89,6445 0,7747 23,0000 
16,700 6975,8528 2121,1624 30,0342 279,7387 1,2432 -0,5999 89,4058 0,7746 23,0000 
16,750 6989,8247 2121,4535 30,1807 279,4748 1,1430 -0,6013 89,1682 0,7746 23,0000 
16,800 7003,7839 2121,7199 30,3274 279,2125 1,0426 -0,6027 88,9316 0,7746 23,0000 
16,850 7017,7305 2121,9616 30,4743 278,9518 0,9422 -0,6042 88,6961 0,7746 23,0000 
16,900 7031,6645 2122,1786 30,6214 278,6927 0,8417 -0,6056 88,4616 0,7745 23,0000 
16,950 7045,5859 2122,3710 30,7687 278,4351 0,7411 -0,6070 88,2282 0,7745 23,0000 
17,000 7059,4949 2122,5388 30,9162 278,1791 0,6404 -0,6085 87,9958 0,7745 23,0000 
17,050 7073,3913 2122,6820 31,0640 277,9246 0,5397 -0,6099 87,7644 0,7745 23,0000 
17,100 7087,2753 2122,8006 31,2120 277,6716 0,4388 -0,6113 87,5341 0,7745 23,0000 
17,150 7101,1468 2122,8946 31,3601 277,4201 0,3378 -0,6127 87,3047 0,7745 23,0000 
17,200 7115,0060 2122,9642 31,5085 277,1702 0,2368 -0,6142 87,0764 0,7745 23,0000 
17,250 7128,8528 2123,0092 31,6571 276,9217 0,1356 -0,6156 86,8491 0,7744 23,0000 
17,300 7142,6873 2123,0297 31,8060 276,6748 0,0344 -0,6170 86,6227 0,7744 23,0000 
17,350 7156,5094 2123,0258 31,9550 276,4293 -0,0669 -0,6185 86,3974 0,7744 23,0000 
17,400 7170,3194 2122,9974 32,1042 276,1853 -0,1683 -0,6199 86,1730 0,7744 23,0000 
17,450 7184,1170 2122,9447 32,2537 275,9428 -0,2698 -0,6213 85,9497 0,7745 23,0000 
17,500 7197,9025 2122,8675 32,4034 275,7018 -0,3714 -0,6227 85,7273 0,7745 23,0000 
17,550 7211,6758 2122,7659 32,5532 275,4622 -0,4731 -0,6242 85,5058 0,7745 23,0000 
17,600 7225,4370 2122,6400 32,7033 275,2240 -0,5749 -0,6256 85,2854 0,7745 23,0000 
17,650 7239,1861 2122,4898 32,8536 274,9873 -0,6767 -0,6270 85,0659 0,7745 23,0000 
17,700 7252,9230 2122,3153 33,0041 274,7521 -0,7786 -0,6284 84,8473 0,7745 23,0000 
17,750 7266,6479 2122,1164 33,1548 274,5182 -0,8806 -0,6299 84,6297 0,7745 23,0000 
17,800 7280,3608 2121,8934 33,3058 274,2858 -0,9827 -0,6313 84,4130 0,7746 23,0000 
17,850 7294,0617 2121,6460 33,4569 274,0548 -1,0849 -0,6327 84,1973 0,7746 23,0000 
17,900 7307,7506 2121,3745 33,6082 273,8252 -1,1872 -0,6341 83,9825 0,7746 23,0000 
17,950 7321,4276 2121,0787 33,7598 273,5970 -1,2895 -0,6355 83,7686 0,7746 23,0000 
18,000 7335,0926 2120,7588 33,9115 273,3702 -1,3919 -0,6370 83,5557 0,7747 23,0000 
18,050 7348,7458 2120,4147 34,0635 273,1448 -1,4944 -0,6384 83,3436 0,7747 23,0000 
18,100 7362,3870 2120,0464 34,2157 272,9208 -1,5970 -0,6398 83,1325 0,7747 23,0000 
18,150 7376,0165 2119,6541 34,3680 272,6982 -1,6996 -0,6412 82,9223 0,7748 23,0000 
18,200 7389,6341 2119,2376 34,5206 272,4769 -1,8023 -0,6426 82,7130 0,7748 23,0000 
18,250 7403,2399 2118,7971 34,6734 272,2570 -1,9051 -0,6441 82,5045 0,7749 23,0000 
18,300 7416,8340 2118,3325 34,8264 272,0384 -2,0080 -0,6455 82,2970 0,7749 23,0000 
18,350 7430,4163 2117,8439 34,9796 271,8212 -2,1110 -0,6469 82,0904 0,7750 23,0000 
18,400 7443,9869 2117,3313 35,1330 271,6054 -2,2140 -0,6483 81,8846 0,7750 23,0000 
18,450 7457,5458 2116,7947 35,2866 271,3909 -2,3171 -0,6497 81,6797 0,7751 23,0000 
18,500 7471,0931 2116,2341 35,4404 271,1777 -2,4203 -0,6512 81,4757 0,7751 23,0000 
18,550 7484,6287 2115,6495 35,5944 270,9659 -2,5235 -0,6526 81,2725 0,7752 23,0000 
18,600 7498,1527 2115,0410 35,7486 270,7554 -2,6268 -0,6540 81,0702 0,7752 23,0000 
18,650 7511,6650 2114,4086 35,9030 270,5462 -2,7302 -0,6554 80,8688 0,7753 23,0000 
18,700 7525,1658 2113,7524 36,0576 270,3384 -2,8336 -0,6568 80,6682 0,7754 23,0000 
18,750 7538,6551 2113,0722 36,2124 270,1318 -2,9372 -0,6582 80,4685 0,7754 23,0000 
18,800 7552,1328 2112,3682 36,3674 269,9266 -3,0407 -0,6597 80,2696 0,7755 23,0000 
18,850 7565,5990 2111,6403 36,5226 269,7226 -3,1444 -0,6611 80,0715 0,7756 23,0000 
18,900 7579,0538 2110,8887 36,6781 269,5200 -3,2481 -0,6625 79,8743 0,7757 23,0000 
18,950 7592,4970 2110,1133 36,8337 269,3186 -3,3519 -0,6639 79,6779 0,7757 23,0000 
19,000 7605,9289 2109,3140 36,9895 269,1186 -3,4558 -0,6653 79,4823 0,7758 23,0000 
19,050 7619,3493 2108,4911 37,1455 268,9198 -3,5597 -0,6667 79,2876 0,7759 23,0000 
19,100 7632,7583 2107,6444 37,3017 268,7223 -3,6636 -0,6681 79,0937 0,7760 23,0000 
19,150 7646,1559 2106,7740 37,4581 268,5260 -3,7677 -0,6696 78,9005 0,7761 23,0000 
19,200 7659,5422 2105,8799 37,6147 268,3311 -3,8718 -0,6710 78,7082 0,7762 23,0000 
19,250 7672,9171 2104,9621 37,7715 268,1374 -3,9760 -0,6724 78,5167 0,7763 23,0000 
19,300 7686,2807 2104,0207 37,9285 267,9450 -4,0802 -0,6738 78,3260 0,7763 23,0000 
19,350 7699,6330 2103,0556 38,0857 267,7538 -4,1845 -0,6752 78,1361 0,7764 23,0000 
19,400 7712,9740 2102,0669 38,2431 267,5639 -4,2888 -0,6766 77,9470 0,7765 23,0000 
19,450 7726,3038 2101,0547 38,4007 267,3752 -4,3932 -0,6780 77,7587 0,7766 23,0000 
19,500 7739,6223 2100,0188 38,5585 267,1878 -4,4977 -0,6795 77,5711 0,7767 23,0000 
19,550 7752,9297 2098,9594 38,7164 267,0016 -4,6022 -0,6809 77,3844 0,7769 23,0000 
19,600 7766,2258 2097,8765 38,8746 266,8167 -4,7067 -0,6823 77,1984 0,7770 23,0000 
19,650 7779,5107 2096,7701 39,0330 266,6329 -4,8114 -0,6837 77,0131 0,7771 23,0000 
19,700 7792,7845 2095,6401 39,1915 266,4505 -4,9160 -0,6851 76,8287 0,7772 23,0000 
19,750 7806,0471 2094,4867 39,3503 266,2692 -5,0208 -0,6865 76,6450 0,7773 23,0000 
19,800 7819,2986 2093,3098 39,5092 266,0891 -5,1256 -0,6879 76,4621 0,7774 23,0000 
19,850 7832,5390 2092,1095 39,6684 265,9103 -5,2304 -0,6893 76,2799 0,7775 23,0000 
19,900 7845,7683 2090,8857 39,8277 265,7327 -5,3353 -0,6907 76,0985 0,7777 23,0000 
19,950 7858,9866 2089,6386 39,9872 265,5563 -5,4402 -0,6922 75,9178 0,7778 23,0000 
20,000 7872,1938 2088,3681 40,1470 265,3811 -5,5452 -0,6936 75,7379 0,7779 23,0000 
20,050 7885,3899 2087,0742 40,3069 265,2071 -5,6503 -0,6950 75,5587 0,7780 23,0000 
20,100 7898,5750 2085,7570 40,4670 265,0343 -5,7553 -0,6965 75,3802 0,7782 23,0000 
20,150 7911,7492 2084,4164 40,6273 264,8627 -5,8605 -0,6979 75,2025 0,7783 23,0000 
20,200 7924,9123 2083,0526 40,7878 264,6923 -5,9656 -0,6994 75,0255 0,7784 23,0000 
20,250 7938,0645 2081,6654 40,9485 264,5231 -6,0709 -0,7008 74,8492 0,7786 23,0000 
20,300 7951,2057 2080,2550 41,1094 264,3551 -6,1761 -0,7022 74,6737 0,7787 23,0000 
20,350 7964,3360 2078,8214 41,2706 264,1882 -6,2814 -0,7037 74,4989 0,7789 23,0000 
20,400 7977,4554 2077,3645 41,4319 264,0226 -6,3868 -0,7051 74,3248 0,7790 23,0000 
20,450 7990,5639 2075,8844 41,5933 263,8581 -6,4922 -0,7066 74,1514 0,7792 23,0000 
20,500 8003,6615 2074,3811 41,7550 263,6947 -6,5976 -0,7080 73,9787 0,7793 23,0000 
20,550 8016,7482 2072,8546 41,9169 263,5326 -6,7031 -0,7094 73,8067 0,7795 23,0000 
20,600 8029,8241 2071,3050 42,0790 263,3716 -6,8086 -0,7109 73,6354 0,7796 23,0000 
20,650 8042,8891 2069,7323 42,2413 263,2117 -6,9142 -0,7123 73,4648 0,7798 23,0000 
20,700 8055,9433 2068,1364 42,4037 263,0531 -7,0198 -0,7138 73,2949 0,7799 23,0000 
20,750 8068,9868 2066,5175 42,5664 262,8955 -7,1254 -0,7152 73,1257 0,7801 23,0000 
20,800 8082,0194 2064,8754 42,7293 262,7392 -7,2311 -0,7167 72,9572 0,7803 23,0000 
20,850 8095,0412 2063,2103 42,8923 262,5839 -7,3368 -0,7181 72,7894 0,7804 23,0000 
20,900 8108,0523 2061,5222 43,0556 262,4299 -7,4425 -0,7195 72,6222 0,7806 23,0000 
20,950 8121,0527 2059,8111 43,2190 262,2769 -7,5483 -0,7210 72,4558 0,7808 23,0000 
21,000 8134,0423 2058,0769 43,3826 262,1251 -7,6541 -0,7224 72,2900 0,7810 23,0000 
21,050 8147,0212 2056,3197 43,5464 261,9745 -7,7600 -0,7239 72,1249 0,7811 23,0000 
21,100 8159,9894 2054,5396 43,7105 261,8249 -7,8659 -0,7253 71,9604 0,7813 23,0000 
21,150 8172,9469 2052,7366 43,8747 261,6765 -7,9718 -0,7268 71,7966 0,7815 23,0000 
21,200 8185,8937 2050,9106 44,0390 261,5292 -8,0777 -0,7282 71,6335 0,7817 23,0000 
21,250 8198,8299 2049,0617 44,2036 261,3831 -8,1837 -0,7296 71,4711 0,7819 23,0000 
21,300 8211,7555 2047,1899 44,3684 261,2381 -8,2897 -0,7311 71,3092 0,7821 23,0000 
21,350 8224,6704 2045,2952 44,5334 261,0941 -8,3957 -0,7325 71,1481 0,7822 23,0000 
21,400 8237,5747 2043,3777 44,6985 260,9513 -8,5018 -0,7340 70,9876 0,7824 23,0000 
21,450 8250,4684 2041,4373 44,8639 260,8096 -8,6078 -0,7354 70,8277 0,7826 23,0000 
21,500 8263,3515 2039,4741 45,0294 260,6691 -8,7139 -0,7369 70,6685 0,7828 23,0000 
21,550 8276,2240 2037,4881 45,1951 260,5296 -8,8201 -0,7383 70,5100 0,7830 23,0000 
21,600 8289,0860 2035,4794 45,3610 260,3912 -8,9262 -0,7398 70,3520 0,7832 23,0000 
21,650 8301,9374 2033,4478 45,5271 260,2539 -9,0324 -0,7412 70,1947 0,7834 23,0000 
21,700 8314,7783 2031,3936 45,6934 260,1177 -9,1386 -0,7427 70,0381 0,7837 23,0000 
21,750 8327,6087 2029,3166 45,8599 259,9827 -9,2449 -0,7441 69,8820 0,7839 23,0000 
21,800 8340,4285 2027,2168 46,0266 259,8487 -9,3511 -0,7455 69,7266 0,7841 23,0000 
21,850 8353,2379 2025,0944 46,1934 259,7157 -9,4574 -0,7470 69,5719 0,7843 23,0000 
21,900 8366,0368 2022,9494 46,3605 259,5839 -9,5637 -0,7484 69,4177 0,7845 23,0000 
21,950 8378,8252 2020,7816 46,5277 259,4532 -9,6700 -0,7499 69,2642 0,7847 23,0000 
22,000 8391,6032 2018,5913 46,6951 259,3235 -9,7763 -0,7513 69,1113 0,7849 23,0000 
22,050 8404,3707 2016,3783 46,8627 259,1949 -9,8826 -0,7528 68,9589 0,7852 23,0000 
22,100 8417,1278 2014,1427 47,0305 259,0674 -9,9890 -0,7542 68,8072 0,7854 23,0000 
22,150 8429,8745 2011,8845 47,1984 258,9410 -10,0954 -0,7557 68,6562 0,7856 23,0000 
22,200 8442,6107 2009,6038 47,3666 258,8156 -10,2017 -0,7571 68,5057 0,7859 23,0000 
22,250 8455,3366 2007,3005 47,5349 258,6913 -10,3082 -0,7586 68,3558 0,7861 23,0000 
22,300 8468,0521 2004,9747 47,7034 258,5680 -10,4146 -0,7600 68,2065 0,7863 23,0000 
22,350 8480,7572 2002,6264 47,8721 258,4458 -10,5210 -0,7615 68,0578 0,7866 23,0000 
22,400 8493,4519 2000,2556 48,0410 258,3247 -10,6274 -0,7629 67,9097 0,7868 23,0000 
22,450 8506,1363 1997,8624 48,2101 258,2046 -10,7339 -0,7644 67,7623 0,7870 23,0000 
22,500 8518,8104 1995,4466 48,3793 258,0856 -10,8403 -0,7658 67,6154 0,7873 23,0000 
22,550 8531,4741 1993,0085 48,5488 257,9676 -10,9468 -0,7673 67,4690 0,7875 23,0000 
22,600 8544,1276 1990,5479 48,7184 257,8507 -11,0533 -0,7687 67,3233 0,7878 23,0000 
22,650 8556,7707 1988,0649 48,8882 257,7348 -11,1598 -0,7702 67,1782 0,7880 23,0000 
22,700 8569,4035 1985,5596 49,0582 257,6199 -11,2663 -0,7716 67,0336 0,7883 23,0000 
22,750 8582,0261 1983,0318 49,2283 257,5061 -11,3728 -0,7731 66,8896 0,7885 23,0000 
22,800 8594,6384 1980,4818 49,3987 257,3933 -11,4793 -0,7745 66,7462 0,7888 23,0000 
22,850 8607,2404 1977,9094 49,5692 257,2815 -11,5858 -0,7760 66,6033 0,7891 23,0000 
22,900 8619,8322 1975,3146 49,7399 257,1708 -11,6923 -0,7774 66,4611 0,7893 23,0000 
22,950 8632,4137 1972,6976 49,9108 257,0611 -11,7988 -0,7789 66,3194 0,7896 23,0000 
23,000 8644,9851 1970,0584 50,0818 256,9524 -11,9053 -0,7803 66,1782 0,7899 23,0000 
23,050 8657,5462 1967,3968 50,2531 256,8448 -12,0119 -0,7818 66,0377 0,7901 23,0000 
23,100 8670,0971 1964,7131 50,4245 256,7381 -12,1184 -0,7832 65,8977 0,7904 23,0000 
23,150 8682,6378 1962,0071 50,5961 256,6325 -12,2249 -0,7847 65,7582 0,7907 23,0000 
23,200 8695,1683 1959,2789 50,7679 256,5279 -12,3314 -0,7861 65,6193 0,7910 23,0000 
23,250 8707,6887 1956,5285 50,9398 256,4243 -12,4379 -0,7876 65,4810 0,7912 23,0000 
23,300 8720,1989 1953,7560 51,1120 256,3217 -12,5445 -0,7890 65,3432 0,7915 23,0000 
23,350 8732,6989 1950,9613 51,2843 256,2201 -12,6510 -0,7905 65,2060 0,7918 23,0000 
23,400 8745,1888 1948,1445 51,4568 256,1195 -12,7575 -0,7919 65,0693 0,7921 23,0000 
23,450 8757,6686 1945,3056 51,6294 256,0199 -12,8640 -0,7934 64,9331 0,7924 23,0000 
23,500 8770,1382 1942,4445 51,8023 255,9213 -12,9705 -0,7948 64,7975 0,7927 23,0000 
23,550 8782,5978 1939,5614 51,9753 255,8237 -13,0770 -0,7963 64,6625 0,7930 23,0000 
23,600 8795,0472 1936,6563 52,1485 255,7271 -13,1834 -0,7978 64,5280 0,7933 23,0000 
23,650 8807,4865 1933,7291 52,3218 255,6315 -13,2899 -0,7992 64,3940 0,7936 23,0000 
23,700 8819,9158 1930,7799 52,4954 255,5369 -13,3964 -0,8007 64,2605 0,7939 23,0000 
23,750 8832,3349 1927,8086 52,6691 255,4432 -13,5028 -0,8021 64,1276 0,7942 23,0000 
23,800 8844,7441 1924,8154 52,8430 255,3505 -13,6093 -0,8036 63,9953 0,7945 23,0000 
23,850 8857,1431 1921,8003 53,0170 255,2588 -13,7157 -0,8050 63,8634 0,7948 23,0000 
23,900 8869,5321 1918,7631 53,1913 255,1681 -13,8221 -0,8065 63,7321 0,7951 23,0000 
23,950 8881,9111 1915,7041 53,3657 255,0783 -13,9286 -0,8079 63,6013 0,7954 23,0000 
24,000 8894,2800 1912,6231 53,5403 254,9895 -14,0350 -0,8094 63,4710 0,7957 23,0000 
24,050 8906,6390 1909,5202 53,7150 254,9017 -14,1413 -0,8109 63,3413 0,7960 23,0000 
24,100 8918,9879 1906,3955 53,8900 254,8149 -14,2477 -0,8123 63,2120 0,7964 23,0000 
24,150 8931,3268 1903,2489 54,0651 254,7290 -14,3541 -0,8138 63,0833 0,7967 23,0000 
24,200 8943,6557 1900,0804 54,2404 254,6440 -14,4604 -0,8152 62,9551 0,7970 23,0000 
24,250 8955,9747 1896,8902 54,4158 254,5600 -14,5667 -0,8167 62,8274 0,7973 23,0000 
24,300 8968,2836 1893,6781 54,5914 254,4770 -14,6730 -0,8181 62,7003 0,7977 23,0000 
24,350 8980,5826 1890,4442 54,7672 254,3949 -14,7793 -0,8196 62,5736 0,7980 23,0000 
24,400 8992,8716 1887,1886 54,9432 254,3138 -14,8855 -0,8211 62,4474 0,7983 23,0000 
24,450 9005,1507 1883,9112 55,1193 254,2336 -14,9918 -0,8225 62,3218 0,7987 23,0000 
24,500 9017,4199 1880,6120 55,2956 254,1543 -15,0980 -0,8240 62,1966 0,7990 23,0000 
24,550 9029,6791 1877,2912 55,4721 254,0760 -15,2042 -0,8254 62,0720 0,7993 23,0000 
24,600 9041,9284 1873,9486 55,6487 253,9986 -15,3104 -0,8269 61,9479 0,7997 23,0000 
24,650 9054,1678 1870,5844 55,8255 253,9222 -15,4165 -0,8284 61,8242 0,8000 23,0000 
24,700 9066,3972 1867,1985 56,0025 253,8466 -15,5227 -0,8298 61,7011 0,8004 23,0000 
24,750 9078,6168 1863,7910 56,1796 253,7720 -15,6288 -0,8313 61,5784 0,8007 23,0000 
24,800 9090,8264 1860,3618 56,3570 253,6984 -15,7348 -0,8327 61,4563 0,8011 23,0000 
24,850 9103,0262 1856,9111 56,5344 253,6256 -15,8409 -0,8342 61,3346 0,8014 23,0000 
24,900 9115,2161 1853,4387 56,7121 253,5538 -15,9469 -0,8357 61,2134 0,8018 23,0000 
24,950 9127,3962 1849,9448 56,8899 253,4829 -16,0529 -0,8371 61,0927 0,8021 23,0000 
25,000 9139,5663 1846,4293 57,0679 253,4129 -16,1589 -0,8386 60,9725 0,8025 23,0000 
25,050 9151,7267 1842,8923 57,2460 253,3438 -16,2648 -0,8400 60,8528 0,8029 23,0000 
25,100 9163,8771 1839,3337 57,4243 253,2756 -16,3707 -0,8415 60,7336 0,8032 23,0000 
25,150 9176,0178 1835,7537 57,6028 253,2083 -16,4766 -0,8430 60,6148 0,8036 23,0000 
25,200 9188,1486 1832,1521 57,7815 253,1420 -16,5824 -0,8444 60,4966 0,8040 23,0000 
25,250 9200,2695 1828,5291 57,9603 253,0765 -16,6882 -0,8459 60,3788 0,8044 23,0000 
25,300 9212,3807 1824,8847 58,1392 253,0119 -16,7940 -0,8474 60,2614 0,8047 23,0000 
25,350 9224,4820 1821,2188 58,3184 252,9482 -16,8998 -0,8488 60,1446 0,8051 23,0000 
25,400 9236,5736 1817,5315 58,4977 252,8855 -17,0055 -0,8503 60,0282 0,8055 23,0000 
25,450 9248,6553 1813,8229 58,6771 252,8235 -17,1111 -0,8518 59,9123 0,8059 23,0000 
25,500 9260,7273 1810,0928 58,8568 252,7625 -17,2168 -0,8532 59,7969 0,8063 23,0000 
25,550 9272,7895 1806,3414 59,0366 252,7024 -17,3224 -0,8547 59,6820 0,8066 23,0000 
25,600 9284,8419 1802,5687 59,2165 252,6431 -17,4279 -0,8561 59,5675 0,8070 23,0000 
25,650 9296,8845 1798,7746 59,3966 252,5848 -17,5335 -0,8576 59,4535 0,8074 23,0000 
25,700 9308,9174 1794,9592 59,5769 252,5273 -17,6390 -0,8591 59,3399 0,8078 23,0000 
25,750 9320,9405 1791,1226 59,7573 252,4706 -17,7444 -0,8605 59,2268 0,8082 23,0000 
25,800 9332,9539 1787,2647 59,9379 252,4149 -17,8498 -0,8620 59,1142 0,8086 23,0000 
25,850 9344,9575 1783,3855 60,1187 252,3600 -17,9552 -0,8635 59,0020 0,8090 23,0000 
25,900 9356,9514 1779,4851 60,2996 252,3059 -18,0605 -0,8649 58,8903 0,8094 23,0000 
25,950 9368,9355 1775,5635 60,4807 252,2528 -18,1658 -0,8664 58,7790 0,8098 23,0000 
26,000 9380,9100 1771,6207 60,6619 252,2004 -18,2710 -0,8679 58,6682 0,8102 23,0000 
26,050 9392,8747 1767,6567 60,8433 252,1490 -18,3762 -0,8693 58,5579 0,8106 23,0000 
26,100 9404,8297 1763,6716 61,0249 252,0984 -18,4814 -0,8708 58,4480 0,8111 23,0000 
26,150 9416,7750 1759,6653 61,2066 252,0486 -18,5865 -0,8723 58,3385 0,8115 23,0000 
26,200 9428,7106 1755,6379 61,3885 251,9997 -18,6915 -0,8737 58,2295 0,8119 23,0000 
26,250 9440,6365 1751,5894 61,5705 251,9516 -18,7965 -0,8752 58,1210 0,8123 23,0000 
26,300 9452,5527 1747,5198 61,7527 251,9044 -18,9015 -0,8767 58,0129 0,8127 23,0000 
26,350 9464,4593 1743,4291 61,9351 251,8580 -19,0064 -0,8782 57,9052 0,8132 23,0000 
26,400 9476,3561 1739,3174 62,1176 251,8124 -19,1113 -0,8796 57,7980 0,8136 23,0000 
26,450 9488,2433 1735,1847 62,3002 251,7677 -19,2161 -0,8811 57,6912 0,8140 23,0000 
26,500 9500,1209 1731,0310 62,4831 251,7238 -19,3209 -0,8826 57,5849 0,8145 23,0000 
26,550 9511,9888 1726,8562 62,6660 251,6807 -19,4256 -0,8840 57,4790 0,8149 23,0000 
26,600 9523,8470 1722,6605 62,8492 251,6384 -19,5302 -0,8855 57,3736 0,8153 23,0000 
26,650 9535,6956 1718,4438 63,0325 251,5970 -19,6349 -0,8870 57,2685 0,8158 23,0000 
26,700 9547,5345 1714,2062 63,2159 251,5564 -19,7394 -0,8885 57,1640 0,8162 23,0000 
26,750 9559,3638 1709,9477 63,3995 251,5166 -19,8439 -0,8899 57,0598 0,8167 23,0000 
26,800 9571,1835 1705,6683 63,5832 251,4776 -19,9484 -0,8914 56,9561 0,8171 23,0000 
26,850 9582,9935 1701,3680 63,7672 251,4394 -20,0528 -0,8929 56,8528 0,8176 23,0000 
26,900 9594,7939 1697,0468 63,9512 251,4020 -20,1571 -0,8943 56,7500 0,8180 23,0000 
26,950 9606,5848 1692,7048 64,1354 251,3655 -20,2614 -0,8958 56,6476 0,8185 23,0000 
27,000 9618,3660 1688,3419 64,3198 251,3297 -20,3656 -0,8973 56,5456 0,8189 23,0000 
27,050 9630,1376 1683,9583 64,5043 251,2947 -20,4698 -0,8988 56,4440 0,8194 23,0000 
27,100 9641,8996 1679,5538 64,6890 251,2605 -20,5739 -0,9002 56,3429 0,8198 23,0000 
27,150 9653,6520 1675,1286 64,8738 251,2271 -20,6780 -0,9017 56,2422 0,8203 23,0000 
27,200 9665,3948 1670,6826 65,0588 251,1945 -20,7820 -0,9032 56,1419 0,8208 23,0000 
27,250 9677,1280 1666,2159 65,2439 251,1627 -20,8859 -0,9047 56,0420 0,8212 23,0000 
27,300 9688,8516 1661,7284 65,4292 251,1317 -20,9898 -0,9061 55,9426 0,8217 23,0000 
27,350 9700,5657 1657,2203 65,6146 251,1014 -21,0936 -0,9076 55,8436 0,8222 23,0000 
27,400 9712,2702 1652,6915 65,8002 251,0719 -21,1973 -0,9091 55,7449 0,8227 23,0000 
27,450 9723,9652 1648,1420 65,9859 251,0432 -21,3010 -0,9106 55,6468 0,8231 23,0000 
27,500 9735,6505 1643,5719 66,1718 251,0153 -21,4047 -0,9120 55,5490 0,8236 23,0000 
27,550 9747,3264 1638,9812 66,3578 250,9881 -21,5082 -0,9135 55,4516 0,8241 23,0000 
27,600 9758,9926 1634,3698 66,5440 250,9617 -21,6117 -0,9150 55,3547 0,8246 23,0000 
27,650 9770,6493 1629,7379 66,7303 250,9361 -21,7152 -0,9165 55,2581 0,8251 23,0000 
27,700 9782,2965 1625,0854 66,9167 250,9112 -21,8185 -0,9179 55,1620 0,8256 23,0000 
27,750 9793,9341 1620,4123 67,1034 250,8870 -21,9218 -0,9194 55,0663 0,8260 23,0000 
27,800 9805,5622 1615,7187 67,2901 250,8637 -22,0251 -0,9209 54,9710 0,8265 23,0000 
27,850 9817,1808 1611,0047 67,4770 250,8410 -22,1282 -0,9224 54,8761 0,8270 23,0000 
27,900 9828,7898 1606,2701 67,6641 250,8191 -22,2313 -0,9239 54,7816 0,8275 23,0000 
27,950 9840,3894 1601,5150 67,8513 250,7980 -22,3343 -0,9253 54,6876 0,8280 23,0000 
28,000 9851,9794 1596,7395 68,0386 250,7776 -22,4373 -0,9268 54,5939 0,8285 23,0000 
28,050 9863,5598 1591,9435 68,2261 250,7579 -22,5402 -0,9283 54,5006 0,8291 23,0000 
28,100 9875,1308 1587,1271 68,4138 250,7390 -22,6430 -0,9298 54,4077 0,8296 23,0000 
28,150 9886,6923 1582,2904 68,6015 250,7208 -22,7458 -0,9313 54,3153 0,8301 23,0000 
28,200 9898,2442 1577,4332 68,7895 250,7034 -22,8484 -0,9327 54,2232 0,8306 23,0000 
28,250 9909,7867 1572,5557 68,9775 250,6866 -22,9510 -0,9342 54,1315 0,8311 23,0000 
28,300 9921,3197 1567,6578 69,1657 250,6706 -23,0536 -0,9357 54,0403 0,8316 23,0000 
28,350 9932,8431 1562,7396 69,3541 250,6553 -23,1560 -0,9372 53,9494 0,8321 23,0000 
28,400 9944,3571 1557,8011 69,5426 250,6407 -23,2584 -0,9387 53,8589 0,8327 23,0000 
28,450 9955,8616 1552,8424 69,7312 250,6269 -23,3607 -0,9401 53,7688 0,8332 23,0000 
28,500 9967,3566 1547,8633 69,9200 250,6137 -23,4630 -0,9416 53,6792 0,8337 23,0000 
28,550 9978,8422 1542,8640 70,1089 250,6013 -23,5651 -0,9431 53,5899 0,8343 23,0000 
28,600 9990,3182 1537,8445 70,2980 250,5895 -23,6672 -0,9446 53,5010 0,8348 23,0000 
28,650 10001,7848 1532,8048 70,4872 250,5785 -23,7692 -0,9461 53,4125 0,8353 23,0000 
28,700 10013,2419 1527,7449 70,6766 250,5682 -23,8711 -0,9476 53,3243 0,8359 23,0000 
28,750 10024,6896 1522,6648 70,8661 250,5585 -23,9730 -0,9490 53,2366 0,8364 23,0000 
28,800 10036,1278 1517,5645 71,0557 250,5496 -24,0748 -0,9505 53,1493 0,8369 23,0000 
28,850 10047,5565 1512,4442 71,2454 250,5413 -24,1765 -0,9520 53,0623 0,8375 23,0000 
28,900 10058,9758 1507,3037 71,4353 250,5337 -24,2781 -0,9535 52,9757 0,8380 23,0000 
28,950 10070,3856 1502,1431 71,6254 250,5268 -24,3796 -0,9550 52,8896 0,8386 23,0000 
29,000 10081,7860 1496,9624 71,8156 250,5206 -24,4811 -0,9565 52,8038 0,8391 23,0000 
29,050 10093,1769 1491,7617 72,0059 250,5151 -24,5824 -0,9579 52,7183 0,8397 23,0000 
29,100 10104,5584 1486,5409 72,1963 250,5102 -24,6837 -0,9594 52,6333 0,8403 23,0000 
29,150 10115,9305 1481,3002 72,3869 250,5060 -24,7849 -0,9609 52,5487 0,8408 23,0000 
29,200 10127,2931 1476,0394 72,5777 250,5025 -24,8861 -0,9624 52,4644 0,8414 23,0000 
29,250 10138,6462 1470,7587 72,7685 250,4997 -24,9871 -0,9639 52,3805 0,8419 23,0000 
29,300 10149,9900 1465,4579 72,9595 250,4975 -25,0881 -0,9654 52,2970 0,8425 23,0000 
29,350 10161,3243 1460,1373 73,1507 250,4960 -25,1889 -0,9669 52,2139 0,8431 23,0000 
29,400 10172,6492 1454,7967 73,3419 250,4951 -25,2897 -0,9683 52,1311 0,8437 23,0000 
29,450 10183,9646 1449,4363 73,5333 250,4949 -25,3904 -0,9698 52,0487 0,8442 23,0000 
29,500 10195,2707 1444,0559 73,7249 250,4953 -25,4911 -0,9713 51,9667 0,8448 23,0000 
29,550 10206,5673 1438,6557 73,9166 250,4964 -25,5916 -0,9728 51,8851 0,8454 23,0000 
29,600 10217,8545 1433,2356 74,1084 250,4981 -25,6920 -0,9743 51,8038 0,8460 23,0000 
29,650 10229,1323 1427,7958 74,3003 250,5005 -25,7924 -0,9758 51,7229 0,8466 23,0000 
29,700 10240,4006 1422,3361 74,4924 250,5035 -25,8927 -0,9773 51,6424 0,8471 23,0000 
29,750 10251,6596 1416,8566 74,6846 250,5071 -25,9928 -0,9788 51,5623 0,8477 23,0000 
29,800 10262,9091 1411,3574 74,8769 250,5114 -26,0929 -0,9802 51,4825 0,8483 23,0000 
29,850 10274,1493 1405,8384 75,0694 250,5163 -26,1929 -0,9817 51,4031 0,8489 23,0000 
29,900 10285,3800 1400,2997 75,2620 250,5218 -26,2929 -0,9832 51,3241 0,8495 23,0000 
29,950 10296,6014 1394,7413 75,4547 250,5279 -26,3927 -0,9847 51,2454 0,8501 23,0000 
30,000 10307,8133 1389,1632 75,6476 250,5347 -26,4924 -0,9862 51,1671 0,8507 23,0000 
30,050 10319,0158 1383,5655 75,8405 250,5421 -26,5921 -0,9877 51,0891 0,8513 23,0000 
30,100 10330,2090 1377,9481 76,0337 250,5501 -26,6916 -0,9892 51,0116 0,8519 23,0000 
30,150 10341,3927 1372,3111 76,2269 250,5587 -26,7911 -0,9907 50,9343 0,8525 23,0000 
30,200 10352,5671 1366,6545 76,4203 250,5679 -26,8905 -0,9922 50,8575 0,8532 23,0000 
30,250 10363,7321 1360,9782 76,6138 250,5777 -26,9897 -0,9936 50,7810 0,8538 23,0000 
30,300 10374,8877 1355,2825 76,8074 250,5882 -27,0889 -0,9951 50,7049 0,8544 23,0000 
30,350 10386,0339 1349,5672 77,0012 250,5992 -27,1880 -0,9966 50,6291 0,8550 23,0000 
30,400 10397,1707 1343,8323 77,1950 250,6108 -27,2870 -0,9981 50,5537 0,8556 23,0000 
30,450 10408,2981 1338,0780 77,3890 250,6230 -27,3859 -0,9996 50,4787 0,8562 23,0000 
30,500 10419,4161 1332,3041 77,5832 250,6358 -27,4847 -1,0011 50,4040 0,8569 23,0000 
30,550 10430,5248 1326,5108 77,7774 250,6492 -27,5834 -1,0026 50,3297 0,8575 23,0000 
30,600 10441,6241 1320,6981 77,9718 250,6632 -27,6820 -1,0041 50,2557 0,8581 23,0000 
30,650 10452,7140 1314,8659 78,1663 250,6777 -27,7806 -1,0056 50,1821 0,8588 23,0000 
30,700 10463,7945 1309,0143 78,3610 250,6928 -27,8790 -1,0071 50,1088 0,8594 23,0000 
30,750 10474,8657 1303,1434 78,5557 250,7085 -27,9773 -1,0085 50,0359 0,8600 23,0000 
30,800 10485,9275 1297,2531 78,7506 250,7248 -28,0755 -1,0100 49,9633 0,8607 23,0000 
30,850 10496,9799 1291,3434 78,9456 250,7417 -28,1737 -1,0115 49,8911 0,8613 23,0000 
30,900 10508,0230 1285,4144 79,1407 250,7591 -28,2717 -1,0130 49,8193 0,8620 23,0000 
30,950 10519,0566 1279,4661 79,3360 250,7770 -28,3696 -1,0145 49,7478 0,8626 23,0000 
31,000 10530,0810 1273,4985 79,5313 250,7955 -28,4675 -1,0160 49,6766 0,8633 23,0000 
31,050 10541,0959 1267,5117 79,7268 250,8146 -28,5652 -1,0175 49,6058 0,8639 23,0000 
31,100 10552,1015 1261,5056 79,9224 250,8343 -28,6628 -1,0190 49,5354 0,8646 23,0000 
31,150 10563,0977 1255,4803 80,1182 250,8544 -28,7604 -1,0205 49,4652 0,8653 23,0000 
31,200 10574,0846 1249,4358 80,3140 250,8752 -28,8578 -1,0220 49,3955 0,8659 23,0000 
31,250 10585,0621 1243,3722 80,5100 250,8964 -28,9551 -1,0235 49,3261 0,8666 23,0000 
31,300 10596,0302 1237,2893 80,7061 250,9182 -29,0524 -1,0250 49,2570 0,8672 23,0000 
31,350 10606,9890 1231,1874 80,9023 250,9406 -29,1495 -1,0264 49,1883 0,8679 23,0000 
31,400 10617,9384 1225,0663 81,0986 250,9635 -29,2465 -1,0279 49,1199 0,8686 23,0000 
31,450 10628,8784 1218,9261 81,2950 250,9869 -29,3435 -1,0294 49,0519 0,8693 23,0000 
31,500 10639,8091 1212,7668 81,4916 251,0108 -29,4403 -1,0309 48,9842 0,8699 23,0000 
31,550 10650,7305 1206,5885 81,6883 251,0353 -29,5370 -1,0324 48,9168 0,8706 23,0000 
31,600 10661,6425 1200,3911 81,8850 251,0603 -29,6336 -1,0339 48,8498 0,8713 23,0000 
31,650 10672,5451 1194,1748 82,0819 251,0858 -29,7301 -1,0354 48,7831 0,8720 23,0000 
31,700 10683,4384 1187,9394 82,2790 251,1118 -29,8265 -1,0369 48,7168 0,8727 23,0000 
31,750 10694,3223 1181,6851 82,4761 251,1384 -29,9229 -1,0384 48,6508 0,8734 23,0000 
31,800 10705,1969 1175,4118 82,6733 251,1654 -30,0191 -1,0399 48,5851 0,8741 23,0000 
31,850 10716,0621 1169,1196 82,8707 251,1930 -30,1151 -1,0414 48,5198 0,8747 23,0000 
31,900 10726,9180 1162,8085 83,0682 251,2210 -30,2111 -1,0429 48,4548 0,8754 23,0000 
31,950 10737,7645 1156,4785 83,2658 251,2496 -30,3070 -1,0444 48,3902 0,8761 23,0000 
32,000 10748,6016 1150,1296 83,4635 251,2786 -30,4028 -1,0458 48,3259 0,8768 23,0000 
32,050 10759,4295 1143,7619 83,6613 251,3082 -30,4985 -1,0473 48,2619 0,8776 23,0000 
32,100 10770,2479 1137,3753 83,8592 251,3382 -30,5940 -1,0488 48,1983 0,8783 23,0000 
32,150 10781,0570 1130,9700 84,0572 251,3687 -30,6895 -1,0503 48,1350 0,8790 23,0000 
32,200 10791,8568 1124,5458 84,2554 251,3997 -30,7848 -1,0518 48,0720 0,8797 23,0000 
32,250 10802,6472 1118,1029 84,4536 251,4312 -30,8801 -1,0533 48,0093 0,8804 23,0000 
32,300 10813,4283 1111,6413 84,6520 251,4632 -30,9752 -1,0548 47,9470 0,8811 23,0000 
32,350 10824,2000 1105,1610 84,8504 251,4957 -31,0702 -1,0563 47,8850 0,8818 23,0000 
32,400 10834,9624 1098,6619 85,0490 251,5286 -31,1652 -1,0578 47,8234 0,8826 23,0000 
32,450 10845,7154 1092,1442 85,2477 251,5620 -31,2600 -1,0593 47,7621 0,8833 23,0000 
32,500 10856,4591 1085,6078 85,4465 251,5958 -31,3547 -1,0608 47,7011 0,8840 23,0000 
32,550 10867,1934 1079,0528 85,6454 251,6301 -31,4493 -1,0623 47,6404 0,8847 23,0000 
32,600 10877,9184 1072,4792 85,8444 251,6649 -31,5437 -1,0637 47,5800 0,8855 23,0000 
32,650 10888,6340 1065,8870 86,0435 251,7002 -31,6381 -1,0652 47,5200 0,8862 23,0000 
32,700 10899,3403 1059,2762 86,2427 251,7359 -31,7324 -1,0667 47,4603 0,8869 23,0000 
32,750 10910,0373 1052,6469 86,4420 251,7720 -31,8265 -1,0682 47,4010 0,8877 23,0000 
32,800 10920,7248 1045,9990 86,6414 251,8086 -31,9206 -1,0697 47,3419 0,8884 23,0000 
32,850 10931,4031 1039,3327 86,8410 251,8456 -32,0145 -1,0712 47,2832 0,8892 23,0000 
32,900 10942,0720 1032,6479 87,0406 251,8831 -32,1083 -1,0727 47,2248 0,8899 23,0000 
32,950 10952,7315 1025,9446 87,2403 251,9210 -32,2020 -1,0742 47,1667 0,8907 23,0000 
33,000 10963,3817 1019,2228 87,4401 251,9594 -32,2956 -1,0757 47,1090 0,8914 23,0000 
33,050 10974,0226 1012,4827 87,6401 251,9982 -32,3891 -1,0771 47,0516 0,8922 23,0000 
33,100 10984,6541 1005,7242 87,8401 252,0374 -32,4825 -1,0786 46,9944 0,8929 23,0000 
33,150 10995,2762 998,9473 88,0402 252,0770 -32,5757 -1,0801 46,9376 0,8937 23,0000 
33,200 11005,8890 992,1520 88,2405 252,1171 -32,6688 -1,0816 46,8812 0,8945 23,0000 
33,250 11016,4924 985,3384 88,4408 252,1576 -32,7619 -1,0831 46,8250 0,8952 23,0000 
33,300 11027,0865 978,5065 88,6412 252,1985 -32,8548 -1,0846 46,7692 0,8960 23,0000 
33,350 11037,6713 971,6564 88,8417 252,2398 -32,9476 -1,0861 46,7137 0,8968 23,0000 
33,400 11048,2467 964,7879 89,0424 252,2816 -33,0403 -1,0876 46,6584 0,8976 23,0000 
33,450 11058,8127 957,9013 89,2431 252,3237 -33,1329 -1,0890 46,6036 0,8983 23,0000 
33,500 11069,3694 950,9964 89,4439 252,3663 -33,2253 -1,0905 46,5490 0,8991 23,0000 
33,550 11079,9167 944,0733 89,6448 252,4092 -33,3177 -1,0920 46,4947 0,8999 23,0000 
33,600 11090,4547 937,1320 89,8458 252,4526 -33,4099 -1,0935 46,4408 0,9007 23,0000 
33,650 11100,9833 930,1726 90,0469 252,4963 -33,5020 -1,0950 46,3871 0,9015 23,0000 
33,700 11111,5026 923,1951 90,2481 252,5405 -33,5940 -1,0965 46,3338 0,9023 23,0000 
33,750 11122,0125 916,1994 90,4494 252,5850 -33,6859 -1,0979 46,2808 0,9030 23,0000 
33,800 11132,5131 909,1857 90,6508 252,6299 -33,7777 -1,0994 46,2281 0,9038 23,0000 
33,850 11143,0043 902,1539 90,8523 252,6752 -33,8693 -1,1009 46,1757 0,9046 23,0000 
33,900 11153,4861 895,1041 91,0538 252,7209 -33,9609 -1,1024 46,1236 0,9054 23,0000 
33,950 11163,9586 888,0363 91,2555 252,7670 -34,0523 -1,1039 46,0718 0,9062 23,0000 
34,000 11174,4218 880,9505 91,4572 252,8134 -34,1436 -1,1054 46,0204 0,9071 23,0000 
34,050 11184,8755 873,8466 91,6591 252,8602 -34,2348 -1,1068 45,9692 0,9079 23,0000 
34,100 11195,3199 866,7249 91,8610 252,9074 -34,3259 -1,1083 45,9184 0,9087 23,0000 
34,150 11205,7550 859,5852 92,0630 252,9549 -34,4168 -1,1098 45,8678 0,9095 23,0000 
34,200 11216,1807 852,4277 92,2651 253,0029 -34,5077 -1,1113 45,8176 0,9103 23,0000 
34,250 11226,5970 845,2522 92,4673 253,0511 -34,5984 -1,1127 45,7677 0,9111 23,0000 
34,300 11237,0039 838,0589 92,6696 253,0998 -34,6890 -1,1142 45,7180 0,9119 23,0000 
34,350 11247,4015 830,8477 92,8719 253,1487 -34,7795 -1,1157 45,6687 0,9128 23,0000 
34,400 11257,7897 823,6188 93,0744 253,1981 -34,8699 -1,1172 45,6197 0,9136 23,0000 
34,450 11268,1686 816,3720 93,2769 253,2478 -34,9601 -1,1186 45,5710 0,9144 23,0000 
34,500 11278,5380 809,1075 93,4795 253,2978 -35,0503 -1,1201 45,5225 0,9153 23,0000 
34,550 11288,8982 801,8253 93,6822 253,3482 -35,1403 -1,1216 45,4744 0,9161 23,0000 
34,600 11299,2489 794,5253 93,8850 253,3989 -35,2302 -1,1231 45,4266 0,9169 23,0000 
34,650 11309,5903 787,2077 94,0878 253,4499 -35,3200 -1,1245 45,3791 0,9178 23,0000 
34,700 11319,9222 779,8723 94,2908 253,5013 -35,4096 -1,1260 45,3319 0,9186 23,0000 
34,750 11330,2449 772,5193 94,4938 253,5530 -35,4992 -1,1275 45,2850 0,9195 23,0000 
34,800 11340,5581 765,1487 94,6969 253,6050 -35,5886 -1,1289 45,2383 0,9203 23,0000 
34,850 11350,8620 757,7605 94,9001 253,6574 -35,6779 -1,1304 45,1920 0,9212 23,0000 
34,900 11361,1564 750,3547 95,1033 253,7101 -35,7671 -1,1319 45,1460 0,9220 23,0000 
34,950 11371,4415 742,9314 95,3067 253,7631 -35,8562 -1,1333 45,1003 0,9229 23,0000 
35,000 11381,7173 735,4905 95,5101 253,8164 -35,9451 -1,1348 45,0548 0,9237 23,0000 
35,050 11391,9836 728,0321 95,7136 253,8700 -36,0340 -1,1363 45,0097 0,9246 23,0000 
35,100 11402,2405 720,5562 95,9171 253,9239 -36,1227 -1,1377 44,9648 0,9255 23,0000 
35,150 11412,4881 713,0629 96,1208 253,9782 -36,2113 -1,1392 44,9203 0,9263 23,0000 
35,200 11422,7263 705,5521 96,3245 254,0327 -36,2997 -1,1406 44,8760 0,9272 23,0000 
35,250 11432,9551 698,0239 96,5283 254,0876 -36,3881 -1,1421 44,8321 0,9281 23,0000 
35,300 11443,1744 690,4783 96,7322 254,1427 -36,4763 -1,1435 44,7884 0,9289 23,0000 
35,350 11453,3844 682,9154 96,9361 254,1982 -36,5645 -1,1450 44,7450 0,9298 23,0000 
35,400 11463,5851 675,3351 97,1401 254,2539 -36,6524 -1,1465 44,7019 0,9307 23,0000 
35,450 11473,7763 667,7374 97,3442 254,3099 -36,7403 -1,1479 44,6591 0,9316 23,0000 
35,500 11483,9581 660,1225 97,5483 254,3662 -36,8281 -1,1494 44,6166 0,9325 23,0000 
35,550 11494,1305 652,4903 97,7525 254,4228 -36,9157 -1,1508 44,5744 0,9334 23,0000 
35,600 11504,2935 644,8409 97,9568 254,4796 -37,0032 -1,1523 44,5325 0,9342 23,0000 
35,650 11514,4471 637,1742 98,1612 254,5368 -37,0906 -1,1537 44,4908 0,9351 23,0000 
35,700 11524,5913 629,4904 98,3656 254,5942 -37,1779 -1,1551 44,4495 0,9360 23,0000 
35,750 11534,7261 621,7893 98,5701 254,6519 -37,2650 -1,1566 44,4084 0,9369 23,0000 
35,800 11544,8515 614,0711 98,7746 254,7098 -37,3521 -1,1580 44,3676 0,9378 23,0000 
35,850 11554,9675 606,3358 98,9792 254,7680 -37,4390 -1,1595 44,3271 0,9387 23,0000 
35,900 11565,0741 598,5834 99,1839 254,8265 -37,5258 -1,1609 44,2869 0,9396 23,0000 
35,950 11575,1712 590,8139 99,3886 254,8853 -37,6124 -1,1623 44,2469 0,9406 23,0000 
36,000 11585,2589 583,0273 99,5934 254,9442 -37,6990 -1,1638 44,2073 0,9415 23,0000 
36,050 11595,3373 575,2237 99,7983 255,0035 -37,7854 -1,1652 44,1679 0,9424 23,0000 
36,100 11605,4062 567,4031 100,0032 255,0630 -37,8717 -1,1666 44,1288 0,9433 23,0000 
36,150 11615,4656 559,5655 100,2082 255,1227 -37,9579 -1,1681 44,0900 0,9442 23,0000 
36,200 11625,5157 551,7110 100,4132 255,1827 -38,0440 -1,1695 44,0515 0,9451 23,0000 
36,250 11635,5563 543,8395 100,6183 255,2429 -38,1299 -1,1709 44,0133 0,9461 23,0000 
36,300 11645,5875 535,9511 100,8235 255,3034 -38,2157 -1,1723 43,9753 0,9470 23,0000 
36,350 11655,6093 528,0458 101,0287 255,3641 -38,3014 -1,1738 43,9376 0,9479 23,0000 
36,400 11665,6216 520,1237 101,2340 255,4250 -38,3870 -1,1752 43,9002 0,9489 23,0000 
36,450 11675,6245 512,1847 101,4393 255,4861 -38,4725 -1,1766 43,8631 0,9498 23,0000 
36,500 11685,6180 504,2289 101,6447 255,5475 -38,5578 -1,1780 43,8263 0,9507 23,0000 
36,550 11695,6020 496,2563 101,8501 255,6091 -38,6430 -1,1794 43,7897 0,9517 23,0000 
36,600 11705,5766 488,2670 102,0555 255,6709 -38,7281 -1,1808 43,7534 0,9526 23,0000 
36,650 11715,5418 480,2609 102,2611 255,7330 -38,8131 -1,1822 43,7174 0,9536 23,0000 
36,700 11725,4974 472,2381 102,4666 255,7952 -38,8979 -1,1836 43,6817 0,9545 23,0000 
36,750 11735,4437 464,1986 102,6723 255,8577 -38,9827 -1,1850 43,6462 0,9555 23,0000 
36,800 11745,3805 456,1425 102,8779 255,9203 -39,0673 -1,1864 43,6110 0,9564 23,0000 
36,850 11755,3078 448,0697 103,0837 255,9832 -39,1518 -1,1878 43,5761 0,9574 23,0000 
36,900 11765,2257 439,9803 103,2894 256,0463 -39,2361 -1,1892 43,5414 0,9584 23,0000 
36,950 11775,1341 431,8743 103,4952 256,1096 -39,3204 -1,1906 43,5071 0,9593 23,0000 
37,000 11785,0331 423,7518 103,7011 256,1730 -39,4045 -1,1920 43,4730 0,9603 23,0000 
37,050 11794,9226 415,6127 103,9070 256,2367 -39,4885 -1,1934 43,4392 0,9613 23,0000 
37,100 11804,8027 407,4571 104,1129 256,3005 -39,5724 -1,1947 43,4056 0,9622 23,0000 
37,150 11814,6732 399,2850 104,3189 256,3646 -39,6561 -1,1961 43,3723 0,9632 23,0000 
37,200 11824,5343 391,0965 104,5249 256,4288 -39,7398 -1,1975 43,3393 0,9642 23,0000 
37,250 11834,3859 382,8915 104,7309 256,4932 -39,8233 -1,1988 43,3066 0,9652 23,0000 
37,300 11844,2281 374,6701 104,9370 256,5577 -39,9067 -1,2002 43,2741 0,9662 23,0000 
37,350 11854,0608 366,4323 105,1431 256,6225 -39,9900 -1,2016 43,2419 0,9672 23,0000 
37,400 11863,8839 358,1782 105,3493 256,6874 -40,0731 -1,2029 43,2100 0,9681 23,0000 
37,450 11873,6976 349,9077 105,5554 256,7525 -40,1562 -1,2043 43,1783 0,9691 23,0000 
37,500 11883,5019 341,6209 105,7617 256,8177 -40,2391 -1,2056 43,1469 0,9701 23,0000 
37,550 11893,2966 333,3178 105,9679 256,8831 -40,3219 -1,2070 43,1158 0,9711 23,0000 
37,600 11903,0818 324,9985 106,1742 256,9487 -40,4045 -1,2083 43,0849 0,9721 23,0000 
37,650 11912,8575 316,6629 106,3805 257,0144 -40,4871 -1,2096 43,0543 0,9731 23,0000 
37,700 11922,6238 308,3111 106,5868 257,0803 -40,5695 -1,2110 43,0240 0,9741 23,0000 
37,750 11932,3805 299,9432 106,7932 257,1463 -40,6518 -1,2123 42,9939 0,9752 23,0000 
37,800 11942,1277 291,5591 106,9996 257,2125 -40,7340 -1,2136 42,9641 0,9762 23,0000 
37,850 11951,8654 283,1588 107,2060 257,2788 -40,8161 -1,2149 42,9346 0,9772 23,0000 
37,900 11961,5936 274,7425 107,4124 257,3452 -40,8981 -1,2162 42,9053 0,9782 23,0000 
37,950 11971,3123 266,3101 107,6188 257,4118 -40,9799 -1,2176 42,8763 0,9792 23,0000 
38,000 11981,0215 257,8616 107,8253 257,4785 -41,0616 -1,2189 42,8476 0,9802 23,0000 
38,050 11990,7211 249,3971 108,0318 257,5453 -41,1432 -1,2201 42,8191 0,9813 23,0000 
38,100 12000,4112 240,9166 108,2383 257,6123 -41,2247 -1,2214 42,7909 0,9823 23,0000 
38,150 12010,0918 232,4201 108,4448 257,6794 -41,3060 -1,2227 42,7630 0,9833 23,0000 
38,200 12019,7628 223,9077 108,6513 257,7466 -41,3872 -1,2240 42,7353 0,9844 23,0000 
38,250 12029,4243 215,3793 108,8578 257,8139 -41,4684 -1,2253 42,7079 0,9854 23,0000 
38,300 12039,0763 206,8351 109,0644 257,8813 -41,5493 -1,2265 42,6807 0,9864 23,0000 
38,350 12048,7187 198,2750 109,2709 257,9488 -41,6302 -1,2278 42,6538 0,9875 23,0000 
38,400 12058,3516 189,6990 109,4775 258,0164 -41,7110 -1,2290 42,6272 0,9885 23,0000 
38,450 12067,9749 181,1073 109,6841 258,0842 -41,7916 -1,2302 42,6009 0,9896 23,0000 
38,500 12077,5887 172,4997 109,8906 258,1520 -41,8721 -1,2315 42,5748 0,9906 23,0000 
38,550 12087,1929 163,8764 110,0972 258,2199 -41,9525 -1,2327 42,5490 0,9917 23,0000 
38,600 12096,7876 155,2373 110,3037 258,2879 -42,0328 -1,2339 42,5234 0,9928 23,0000 
38,650 12106,3726 146,5826 110,5103 258,3560 -42,1130 -1,2351 42,4981 0,9938 23,0000 
38,700 12115,9481 137,9121 110,7168 258,4241 -42,1930 -1,2363 42,4731 0,9949 23,0000 
38,750 12125,5140 129,2260 110,9234 258,4923 -42,2730 -1,2375 42,4483 0,9959 23,0000 
38,800 12135,0704 120,5243 111,1299 258,5606 -42,3528 -1,2386 42,4239 0,9970 23,0000 
38,850 12144,6171 111,8069 111,3364 258,6290 -42,4325 -1,2398 42,3997 0,9981 23,0000 
38,900 12154,1543 103,0740 111,5429 258,6974 -42,5121 -1,2409 42,3757 0,9992 23,0000 
38,950 12163,6818 94,3256 111,7494 258,7658 -42,5916 -1,2421 42,3521 1,0002 23,0000 
39,000 12173,1997 85,5616 111,9558 258,8343 -42,6709 -1,2432 42,3287 1,0013 23,0000 
39,050 12182,7081 76,7821 112,1623 258,9028 -42,7502 -1,2443 42,3056 1,0024 23,0000 
39,100 12192,2068 67,9872 112,3687 258,9714 -42,8293 -1,2454 42,2828 1,0035 23,0000 
39,150 12201,6959 59,1768 112,5751 259,0399 -42,9083 -1,2464 42,2603 1,0046 23,0000 
39,200 12211,1753 50,3511 112,7814 259,1085 -42,9873 -1,2475 42,2381 1,0057 23,0000 
39,250 12220,6452 41,5099 112,9877 259,1771 -43,0661 -1,2485 42,2162 1,0068 23,0000 
39,300 12230,1053 32,6534 113,1939 259,2456 -43,1448 -1,2495 42,1946 1,0079 23,0000 
39,350 12239,5558 23,7816 113,4002 259,3140 -43,2234 -1,2504 42,1734 1,0090 23,0000 
39,400 12248,9967 14,8944 113,6063 259,3824 -43,3019 -1,2514 42,1525 1,0101 23,0000 
39,450 12258,4278 5,9920 113,8124 259,4505 -43,3803 -1,2522 42,1321 1,0112 23,0000 
39,4836 12264,7584 0,0000 113,9508 259,4959 -43,4330 -1,2527 42,1189 1,0119 23,0000 
