t(c) x(м) y(м) z(м) Vk(м/с) teta(град) psy(град) omega_x(рад/с) pi(y) m(кг) 
0,000 0,0000 0,0000 0,0000 835,3700 24,2000 0,0000 0,0000 1,0119 23,0000 
0,050 37,9821 17,0578 0,0002 830,1090 24,1696 -0,0005 8,5146 1,0098 23,0000 
0,100 75,7347 33,9884 0,0007 824,9120 24,1389 -0,0012 16,6687 1,0077 23,0000 
0,150 113,2605 50,7931 0,0018 819,7760 24,1080 -0,0020 24,4831 1,0056 23,0000 
0,200 150,5623 67,4732 0,0033 814,6994 24,0769 -0,0028 31,9732 1,0035 23,0000 
0,250 187,6426 84,0301 0,0054 809,6808 24,0455 -0,0037 39,1531 1,0015 23,0000 
0,300 224,5040 100,4651 0,0081 804,7191 24,0139 -0,0046 46,0360 0,9995 23,0000 
0,350 261,1490 116,7793 0,0114 799,8131 23,9821 -0,0056 52,6342 0,9975 23,0000 
0,400 297,5802 132,9740 0,0152 794,9618 23,9501 -0,0066 58,9594 0,9955 23,0000 
0,450 333,7998 149,0504 0,0197 790,1640 23,9178 -0,0076 65,0230 0,9935 23,0000 
0,500 369,8104 165,0097 0,0248 785,4188 23,8854 -0,0086 70,8355 0,9916 23,0000 
0,550 405,6141 180,8530 0,0305 780,7253 23,8527 -0,0097 76,4072 0,9896 23,0000 
0,600 441,2133 196,5815 0,0369 776,0825 23,8198 -0,0108 81,7475 0,9877 23,0000 
0,650 476,6102 212,1964 0,0440 771,4894 23,7867 -0,0120 86,8659 0,9858 23,0000 
0,700 511,8071 227,6986 0,0517 766,9453 23,7533 -0,0131 91,7712 0,9839 23,0000 
0,750 546,8060 243,0893 0,0600 762,4493 23,7198 -0,0143 96,4717 0,9820 23,0000 
0,800 581,6092 258,3695 0,0691 758,0005 23,6860 -0,0155 100,9755 0,9802 23,0000 
0,850 616,2186 273,5403 0,0788 753,5981 23,6520 -0,0167 105,2904 0,9783 23,0000 
0,900 650,6364 288,6028 0,0893 749,2414 23,6178 -0,0180 109,4238 0,9765 23,0000 
0,950 684,8645 303,5578 0,1004 744,9296 23,5834 -0,0193 113,3826 0,9747 23,0000 
1,000 718,9050 318,4065 0,1122 740,6619 23,5488 -0,0205 117,1736 0,9729 23,0000 
1,050 752,7597 333,1498 0,1248 736,4377 23,5139 -0,0218 120,8033 0,9712 23,0000 
1,100 786,4307 347,7886 0,1380 732,2561 23,4789 -0,0232 124,2780 0,9694 23,0000 
1,150 819,9197 362,3240 0,1519 728,1166 23,4436 -0,0245 127,6035 0,9676 23,0000 
1,200 853,2287 376,7567 0,1666 724,0185 23,4081 -0,0259 130,7855 0,9659 23,0000 
1,250 886,3595 391,0879 0,1819 719,9610 23,3723 -0,0272 133,8295 0,9642 23,0000 
1,300 919,3138 405,3183 0,1980 715,9436 23,3364 -0,0286 136,7407 0,9625 23,0000 
1,350 952,0934 419,4488 0,2148 711,9656 23,3003 -0,0300 139,5242 0,9608 23,0000 
1,400 984,7002 433,4803 0,2323 708,0265 23,2639 -0,0315 142,1846 0,9591 23,0000 
1,450 1017,1356 447,4137 0,2505 704,1256 23,2273 -0,0329 144,7268 0,9575 23,0000 
1,500 1049,4016 461,2499 0,2694 700,2623 23,1905 -0,0343 147,1550 0,9558 23,0000 
1,550 1081,4997 474,9896 0,2891 696,4361 23,1534 -0,0358 149,4735 0,9542 23,0000 
1,600 1113,4315 488,6337 0,3094 692,6464 23,1162 -0,0373 151,6864 0,9526 23,0000 
1,650 1145,1987 502,1829 0,3305 688,8926 23,0787 -0,0388 153,7977 0,9510 23,0000 
1,700 1176,8029 515,6382 0,3523 685,1743 23,0410 -0,0403 155,8110 0,9494 23,0000 
1,750 1208,2456 529,0002 0,3748 681,4910 23,0031 -0,0418 157,7301 0,9478 23,0000 
1,800 1239,5283 542,2698 0,3981 677,8420 22,9650 -0,0433 159,5583 0,9463 23,0000 
1,850 1270,6526 555,4478 0,4221 674,2270 22,9266 -0,0449 161,2990 0,9447 23,0000 
1,900 1301,6200 568,5348 0,4467 670,6454 22,8881 -0,0465 162,9555 0,9432 23,0000 
1,950 1332,4319 581,5316 0,4721 667,0967 22,8493 -0,0480 164,5307 0,9416 23,0000 
2,000 1363,0898 594,4389 0,4983 663,5805 22,8103 -0,0496 166,0277 0,9401 23,0000 
2,050 1393,5951 607,2575 0,5251 660,0963 22,7710 -0,0512 167,4494 0,9386 23,0000 
2,100 1423,9492 619,9881 0,5526 656,6437 22,7315 -0,0528 168,7983 0,9371 23,0000 
2,150 1454,1535 632,6314 0,5809 653,2223 22,6919 -0,0544 170,0773 0,9357 23,0000 
2,200 1484,2094 645,1880 0,6099 649,8315 22,6520 -0,0561 171,2888 0,9342 23,0000 
2,250 1514,1183 657,6587 0,6396 646,4710 22,6118 -0,0577 172,4352 0,9327 23,0000 
2,300 1543,8814 670,0441 0,6700 643,1404 22,5715 -0,0594 173,5190 0,9313 23,0000 
2,350 1573,5001 682,3450 0,7011 639,8393 22,5309 -0,0610 174,5424 0,9299 23,0000 
2,400 1602,9757 694,5618 0,7329 636,5672 22,4901 -0,0627 175,5075 0,9285 23,0000 
2,450 1632,3095 706,6954 0,7654 633,3239 22,4491 -0,0644 176,4164 0,9271 23,0000 
2,500 1661,5026 718,7462 0,7987 630,1088 22,4078 -0,0661 177,2712 0,9257 23,0000 
2,550 1690,5565 730,7151 0,8326 626,9217 22,3663 -0,0678 178,0738 0,9243 23,0000 
2,600 1719,4722 742,6025 0,8673 623,7621 22,3246 -0,0695 178,8261 0,9229 23,0000 
2,650 1748,2510 754,4091 0,9026 620,6297 22,2827 -0,0712 179,5299 0,9215 23,0000 
2,700 1776,8941 766,1355 0,9386 617,5242 22,2405 -0,0730 180,1869 0,9202 23,0000 
2,750 1805,4027 777,7823 0,9754 614,4452 22,1981 -0,0747 180,7988 0,9189 23,0000 
2,800 1833,7780 789,3501 1,0128 611,3924 22,1555 -0,0765 181,3672 0,9175 23,0000 
2,850 1862,0210 800,8394 1,0509 608,3653 22,1127 -0,0782 181,8937 0,9162 23,0000 
2,900 1890,1329 812,2509 1,0897 605,3638 22,0696 -0,0800 182,3798 0,9149 23,0000 
2,950 1918,1149 823,5851 1,1292 602,3875 22,0263 -0,0818 182,8268 0,9136 23,0000 
3,000 1945,9681 834,8425 1,1694 599,4361 21,9827 -0,0836 183,2363 0,9123 23,0000 
3,050 1973,6935 846,0238 1,2103 596,5092 21,9390 -0,0854 183,6094 0,9110 23,0000 
3,100 2001,2922 857,1294 1,2519 593,6066 21,8950 -0,0872 183,9477 0,9098 23,0000 
3,150 2028,7652 868,1599 1,2941 590,7279 21,8508 -0,0890 184,2522 0,9085 23,0000 
3,200 2056,1138 879,1159 1,3370 587,8729 21,8063 -0,0908 184,5242 0,9073 23,0000 
3,250 2083,3388 889,9978 1,3806 585,0413 21,7616 -0,0927 184,7649 0,9060 23,0000 
3,300 2110,4412 900,8062 1,4249 582,2328 21,7167 -0,0945 184,9754 0,9048 23,0000 
3,350 2137,4222 911,5416 1,4698 579,4471 21,6715 -0,0964 185,1567 0,9036 23,0000 
3,400 2164,2828 922,2045 1,5155 576,6839 21,6261 -0,0982 185,3100 0,9024 23,0000 
3,450 2191,0238 932,7954 1,5617 573,9431 21,5805 -0,1001 185,4362 0,9012 23,0000 
3,500 2217,6462 943,3148 1,6087 571,2242 21,5347 -0,1020 185,5362 0,9000 23,0000 
3,550 2244,1512 953,7632 1,6563 568,5271 21,4886 -0,1039 185,6111 0,8988 23,0000 
3,600 2270,5395 964,1410 1,7046 565,8515 21,4423 -0,1058 185,6618 0,8976 23,0000 
3,650 2296,8121 974,4488 1,7535 563,1972 21,3957 -0,1077 185,6890 0,8965 23,0000 
3,700 2322,9700 984,6870 1,8031 560,5638 21,3489 -0,1096 185,6938 0,8953 23,0000 
3,750 2349,0141 994,8561 1,8533 557,9512 21,3019 -0,1115 185,6768 0,8942 23,0000 
3,800 2374,9452 1004,9565 1,9042 555,3592 21,2546 -0,1134 185,6389 0,8930 23,0000 
3,850 2400,7644 1014,9887 1,9558 552,7874 21,2071 -0,1153 185,5808 0,8919 23,0000 
3,900 2426,4724 1024,9532 2,0080 550,2357 21,1594 -0,1173 185,5033 0,8908 23,0000 
3,950 2452,0702 1034,8504 2,0608 547,7038 21,1114 -0,1192 185,4071 0,8897 23,0000 
4,000 2477,5586 1044,6807 2,1143 545,1915 21,0632 -0,1212 185,2928 0,8886 23,0000 
4,050 2502,9385 1054,4445 2,1684 542,6986 21,0147 -0,1231 185,1612 0,8875 23,0000 
4,100 2528,2107 1064,1424 2,2231 540,2249 20,9660 -0,1251 185,0128 0,8864 23,0000 
4,150 2553,3760 1073,7747 2,2785 537,7701 20,9171 -0,1271 184,8484 0,8853 23,0000 
4,200 2578,4353 1083,3418 2,3345 535,3341 20,8679 -0,1291 184,6684 0,8843 23,0000 
4,250 2603,3895 1092,8442 2,3912 532,9167 20,8185 -0,1311 184,4735 0,8832 23,0000 
4,300 2628,2392 1102,2823 2,4485 530,5176 20,7689 -0,1331 184,2643 0,8822 23,0000 
4,350 2652,9854 1111,6565 2,5063 528,1366 20,7190 -0,1351 184,0412 0,8811 23,0000 
4,400 2677,6288 1120,9671 2,5649 525,7732 20,6688 -0,1371 183,8048 0,8801 23,0000 
4,450 2702,1701 1130,2146 2,6240 523,4263 20,6184 -0,1391 183,5556 0,8791 23,0000 
4,500 2726,6101 1139,3993 2,6838 521,0977 20,5678 -0,1411 183,2941 0,8780 23,0000 
4,550 2750,9496 1148,5217 2,7441 518,7872 20,5169 -0,1431 183,0208 0,8770 23,0000 
4,600 2775,1894 1157,5821 2,8051 516,4945 20,4658 -0,1452 182,7360 0,8760 23,0000 
4,650 2799,3303 1166,5810 2,8667 514,2194 20,4145 -0,1472 182,4404 0,8750 23,0000 
4,700 2823,3730 1175,5187 2,9289 511,9616 20,3629 -0,1493 182,1342 0,8740 23,0000 
4,750 2847,3184 1184,3955 2,9917 509,7210 20,3110 -0,1513 181,8180 0,8731 23,0000 
4,800 2871,1670 1193,2120 3,0551 507,4974 20,2589 -0,1534 181,4920 0,8721 23,0000 
4,850 2894,9197 1201,9684 3,1191 505,2904 20,2066 -0,1554 181,1568 0,8711 23,0000 
4,900 2918,5773 1210,6652 3,1837 503,1000 20,1540 -0,1575 180,8127 0,8702 23,0000 
4,950 2942,1403 1219,3026 3,2489 500,9260 20,1012 -0,1596 180,4600 0,8692 23,0000 
5,000 2965,6096 1227,8811 3,3147 498,7681 20,0481 -0,1617 180,0991 0,8683 23,0000 
5,050 2988,9859 1236,4009 3,3811 496,6263 19,9948 -0,1637 179,7303 0,8673 23,0000 
5,100 3012,2698 1244,8626 3,4481 494,5003 19,9412 -0,1658 179,3540 0,8664 23,0000 
5,150 3035,4620 1253,2663 3,5156 492,3899 19,8874 -0,1679 178,9704 0,8655 23,0000 
5,200 3058,5632 1261,6124 3,5838 490,2951 19,8333 -0,1701 178,5800 0,8646 23,0000 
5,250 3081,5741 1269,9014 3,6525 488,2156 19,7790 -0,1722 178,1829 0,8637 23,0000 
5,300 3104,4954 1278,1334 3,7218 486,1514 19,7244 -0,1743 177,7795 0,8628 23,0000 
5,350 3127,3277 1286,3089 3,7917 484,1022 19,6696 -0,1764 177,3701 0,8619 23,0000 
5,400 3150,0717 1294,4282 3,8621 482,0679 19,6145 -0,1785 176,9548 0,8610 23,0000 
5,450 3172,7279 1302,4916 3,9331 480,0484 19,5592 -0,1807 176,5341 0,8601 23,0000 
5,500 3195,2972 1310,4994 4,0047 478,0436 19,5037 -0,1828 176,1081 0,8592 23,0000 
5,550 3217,7800 1318,4520 4,0769 476,0534 19,4478 -0,1850 175,6770 0,8584 23,0000 
5,600 3240,1771 1326,3497 4,1496 474,0775 19,3918 -0,1871 175,2411 0,8575 23,0000 
5,650 3262,4890 1334,1927 4,2229 472,1159 19,3354 -0,1893 174,8007 0,8567 23,0000 
5,700 3284,7164 1341,9814 4,2967 470,1685 19,2789 -0,1914 174,3560 0,8558 23,0000 
5,750 3306,8599 1349,7162 4,3711 468,2351 19,2220 -0,1936 173,9071 0,8550 23,0000 
5,800 3328,9201 1357,3972 4,4461 466,3157 19,1649 -0,1958 173,4543 0,8542 23,0000 
5,850 3350,8976 1365,0249 4,5216 464,4101 19,1076 -0,1979 172,9977 0,8533 23,0000 
5,900 3372,7930 1372,5995 4,5976 462,5182 19,0500 -0,2001 172,5376 0,8525 23,0000 
5,950 3394,6069 1380,1213 4,6742 460,6399 18,9922 -0,2023 172,0742 0,8517 23,0000 
6,000 3416,3399 1387,5906 4,7514 458,7751 18,9340 -0,2045 171,6076 0,8509 23,0000 
6,050 3437,9926 1395,0077 4,8291 456,9237 18,8757 -0,2067 171,1381 0,8501 23,0000 
6,100 3459,5655 1402,3729 4,9073 455,0856 18,8171 -0,2089 170,6657 0,8493 23,0000 
6,150 3481,0593 1409,6864 4,9861 453,2606 18,7582 -0,2111 170,1907 0,8485 23,0000 
6,200 3502,4744 1416,9487 5,0654 451,4488 18,6991 -0,2133 169,7131 0,8477 23,0000 
6,250 3523,8116 1424,1599 5,1452 449,6500 18,6397 -0,2155 169,2333 0,8469 23,0000 
6,300 3545,0713 1431,3203 5,2256 447,8641 18,5800 -0,2177 168,7512 0,8462 23,0000 
6,350 3566,2540 1438,4302 5,3065 446,0909 18,5201 -0,2200 168,2671 0,8454 23,0000 
6,400 3587,3605 1445,4899 5,3880 444,3305 18,4600 -0,2222 167,7811 0,8447 23,0000 
6,450 3608,3911 1452,4997 5,4699 442,5827 18,3996 -0,2244 167,2933 0,8439 23,0000 
6,500 3629,3465 1459,4598 5,5524 440,8475 18,3389 -0,2267 166,8038 0,8432 23,0000 
6,550 3650,2271 1466,3705 5,6354 439,1246 18,2780 -0,2289 166,3129 0,8424 23,0000 
6,600 3671,0336 1473,2320 5,7189 437,4142 18,2168 -0,2311 165,8205 0,8417 23,0000 
6,650 3691,7665 1480,0447 5,8030 435,7160 18,1553 -0,2334 165,3269 0,8410 23,0000 
6,700 3712,4262 1486,8088 5,8876 434,0300 18,0936 -0,2356 164,8321 0,8402 23,0000 
6,750 3733,0134 1493,5245 5,9726 432,3560 18,0316 -0,2379 164,3362 0,8395 23,0000 
6,800 3753,5285 1500,1921 6,0582 430,6941 17,9694 -0,2402 163,8394 0,8388 23,0000 
6,850 3773,9721 1506,8119 6,1443 429,0441 17,9069 -0,2424 163,3418 0,8381 23,0000 
6,900 3794,3447 1513,3841 6,2309 427,4060 17,8442 -0,2447 162,8434 0,8374 23,0000 
6,950 3814,6468 1519,9089 6,3180 425,7796 17,7812 -0,2470 162,3444 0,8367 23,0000 
7,000 3834,8788 1526,3867 6,4056 424,1648 17,7179 -0,2492 161,8448 0,8360 23,0000 
7,050 3855,0414 1532,8176 6,4937 422,5617 17,6543 -0,2515 161,3448 0,8353 23,0000 
7,100 3875,1350 1539,2020 6,5824 420,9701 17,5905 -0,2538 160,8444 0,8346 23,0000 
7,150 3895,1600 1545,5400 6,6715 419,3899 17,5265 -0,2561 160,3437 0,8340 23,0000 
7,200 3915,1171 1551,8318 6,7611 417,8211 17,4622 -0,2584 159,8427 0,8333 23,0000 
7,250 3935,0067 1558,0778 6,8512 416,2635 17,3976 -0,2607 159,3417 0,8326 23,0000 
7,300 3954,8292 1564,2782 6,9418 414,7172 17,3327 -0,2630 158,8406 0,8320 23,0000 
7,350 3974,5852 1570,4332 7,0329 413,1819 17,2676 -0,2653 158,3395 0,8313 23,0000 
7,400 3994,2752 1576,5430 7,1244 411,6578 17,2022 -0,2676 157,8385 0,8307 23,0000 
7,450 4013,8995 1582,6079 7,2165 410,1445 17,1366 -0,2699 157,3377 0,8300 23,0000 
7,500 4033,4588 1588,6280 7,3090 408,6422 17,0707 -0,2722 156,8371 0,8294 23,0000 
7,550 4052,9534 1594,6037 7,4021 407,1507 17,0045 -0,2746 156,3367 0,8288 23,0000 
7,600 4072,3838 1600,5351 7,4956 405,6699 16,9381 -0,2769 155,8368 0,8281 23,0000 
7,650 4091,7505 1606,4225 7,5895 404,1997 16,8714 -0,2792 155,3372 0,8275 23,0000 
7,700 4111,0540 1612,2661 7,6840 402,7402 16,8045 -0,2815 154,8381 0,8269 23,0000 
7,750 4130,2947 1618,0661 7,7789 401,2912 16,7373 -0,2839 154,3395 0,8263 23,0000 
7,800 4149,4730 1623,8227 7,8744 399,8526 16,6698 -0,2862 153,8415 0,8257 23,0000 
7,850 4168,5894 1629,5361 7,9703 398,4243 16,6020 -0,2886 153,3441 0,8251 23,0000 
7,900 4187,6444 1635,2066 8,0666 397,0064 16,5340 -0,2909 152,8474 0,8245 23,0000 
7,950 4206,6383 1640,8344 8,1634 395,5987 16,4657 -0,2932 152,3514 0,8239 23,0000 
8,000 4225,5718 1646,4196 8,2607 394,2011 16,3972 -0,2956 151,8562 0,8233 23,0000 
8,050 4244,4450 1651,9625 8,3585 392,8136 16,3284 -0,2979 151,3618 0,8227 23,0000 
8,100 4263,2586 1657,4633 8,4567 391,4361 16,2593 -0,3002 150,8683 0,8222 23,0000 
8,150 4282,0129 1662,9222 8,5553 390,0686 16,1900 -0,3026 150,3757 0,8216 23,0000 
8,200 4300,7084 1668,3394 8,6544 388,7109 16,1204 -0,3049 149,8840 0,8210 23,0000 
8,250 4319,3455 1673,7151 8,7540 387,3636 16,0506 -0,3073 149,3932 0,8204 23,0000 
8,300 4337,9246 1679,0495 8,8540 386,0268 15,9804 -0,3096 148,9035 0,8199 23,0000 
8,350 4356,4462 1684,3428 8,9545 384,7004 15,9100 -0,3119 148,4149 0,8193 23,0000 
8,400 4374,9108 1689,5953 9,0554 383,3841 15,8394 -0,3143 147,9273 0,8188 23,0000 
8,450 4393,3187 1694,8071 9,1567 382,0779 15,7685 -0,3166 147,4408 0,8182 23,0000 
8,500 4411,6705 1699,9784 9,2585 380,7816 15,6973 -0,3190 146,9555 0,8177 23,0000 
8,550 4429,9665 1705,1094 9,3607 379,4952 15,6259 -0,3213 146,4714 0,8172 23,0000 
8,600 4448,2072 1710,2003 9,4634 378,2185 15,5542 -0,3236 145,9885 0,8166 23,0000 
8,650 4466,3930 1715,2513 9,5665 376,9514 15,4822 -0,3260 145,5068 0,8161 23,0000 
8,700 4484,5243 1720,2627 9,6700 375,6940 15,4100 -0,3283 145,0264 0,8156 23,0000 
8,750 4502,6016 1725,2345 9,7739 374,4462 15,3375 -0,3306 144,5473 0,8151 23,0000 
8,800 4520,6251 1730,1670 9,8783 373,2079 15,2647 -0,3329 144,0695 0,8145 23,0000 
8,850 4538,5954 1735,0603 9,9831 371,9791 15,1917 -0,3352 143,5931 0,8140 23,0000 
8,900 4556,5129 1739,9147 10,0883 370,7598 15,1184 -0,3375 143,1180 0,8135 23,0000 
8,950 4574,3779 1744,7304 10,1939 369,5500 15,0449 -0,3399 142,6443 0,8130 23,0000 
9,000 4592,1909 1749,5074 10,2999 368,3497 14,9711 -0,3422 142,1720 0,8125 23,0000 
9,050 4609,9523 1754,2461 10,4063 367,1589 14,8970 -0,3444 141,7012 0,8120 23,0000 
9,100 4627,6625 1758,9465 10,5132 365,9776 14,8227 -0,3467 141,2318 0,8116 23,0000 
9,150 4645,3219 1763,6089 10,6204 364,8058 14,7481 -0,3490 140,7638 0,8111 23,0000 
9,200 4662,9309 1768,2334 10,7280 363,6435 14,6733 -0,3513 140,2974 0,8106 23,0000 
9,250 4680,4899 1772,8203 10,8360 362,4908 14,5982 -0,3536 139,8324 0,8101 23,0000 
9,300 4697,9995 1777,3697 10,9444 361,3477 14,5228 -0,3558 139,3690 0,8096 23,0000 
9,350 4715,4598 1781,8817 11,0532 360,2142 14,4472 -0,3581 138,9071 0,8092 23,0000 
9,400 4732,8715 1786,3567 11,1623 359,0904 14,3714 -0,3603 138,4468 0,8087 23,0000 
9,450 4750,2349 1790,7946 11,2719 357,9762 14,2952 -0,3625 137,9880 0,8083 23,0000 
9,500 4767,5504 1795,1958 11,3818 356,8719 14,2188 -0,3648 137,5308 0,8078 23,0000 
9,550 4784,8185 1799,5604 11,4920 355,7772 14,1422 -0,3670 137,0752 0,8073 23,0000 
9,600 4802,0395 1803,8885 11,6027 354,6924 14,0653 -0,3692 136,6212 0,8069 23,0000 
9,650 4819,2140 1808,1804 11,7137 353,6175 13,9882 -0,3714 136,1688 0,8065 23,0000 
9,700 4836,3424 1812,4363 11,8250 352,5524 13,9108 -0,3735 135,7181 0,8060 23,0000 
9,750 4853,4250 1816,6562 11,9367 351,4973 13,8331 -0,3757 135,2690 0,8056 23,0000 
9,800 4870,4623 1820,8404 12,0487 350,4521 13,7552 -0,3778 134,8215 0,8051 23,0000 
9,850 4887,4548 1824,9891 12,1611 349,4170 13,6770 -0,3800 134,3757 0,8047 23,0000 
9,900 4904,4029 1829,1024 12,2738 348,3919 13,5986 -0,3821 133,9316 0,8043 23,0000 
9,950 4921,3070 1833,1805 12,3869 347,3769 13,5200 -0,3842 133,4892 0,8039 23,0000 
10,000 4938,1676 1837,2236 12,5002 346,3720 13,4411 -0,3863 133,0484 0,8035 23,0000 
10,050 4954,9851 1841,2318 12,6139 345,3773 13,3619 -0,3884 132,6094 0,8030 23,0000 
10,100 4971,7600 1845,2054 12,7279 344,3927 13,2825 -0,3904 132,1721 0,8026 23,0000 
10,150 4988,4928 1849,1444 12,8423 343,4183 13,2029 -0,3925 131,7364 0,8022 23,0000 
10,200 5005,1838 1853,0491 12,9569 342,4542 13,1230 -0,3945 131,3025 0,8018 23,0000 
10,250 5021,8335 1856,9196 13,0718 341,5004 13,0428 -0,3965 130,8704 0,8014 23,0000 
10,300 5038,4425 1860,7561 13,1871 340,5568 12,9625 -0,3985 130,4400 0,8010 23,0000 
10,350 5055,0111 1864,5588 13,3026 339,6235 12,8818 -0,4005 130,0113 0,8006 23,0000 
10,400 5071,5397 1868,3278 13,4184 338,7005 12,8010 -0,4024 129,5843 0,8003 23,0000 
10,450 5088,0289 1872,0632 13,5345 337,7879 12,7199 -0,4044 129,1591 0,7999 23,0000 
10,500 5104,4792 1875,7654 13,6509 336,8855 12,6386 -0,4063 128,7357 0,7995 23,0000 
10,550 5120,8909 1879,4344 13,7676 335,9935 12,5570 -0,4082 128,3141 0,7991 23,0000 
10,600 5137,2645 1883,0703 13,8845 335,1119 12,4752 -0,4101 127,8942 0,7987 23,0000 
10,650 5153,6005 1886,6734 14,0017 334,2406 12,3932 -0,4120 127,4760 0,7984 23,0000 
10,700 5169,8993 1890,2438 14,1191 333,3796 12,3109 -0,4138 127,0597 0,7980 23,0000 
10,750 5186,1615 1893,7816 14,2368 332,5289 12,2284 -0,4156 126,6451 0,7976 23,0000 
10,800 5202,3874 1897,2871 14,3548 331,6885 12,1457 -0,4174 126,2323 0,7973 23,0000 
10,850 5218,5775 1900,7603 14,4730 330,8584 12,0627 -0,4192 125,8213 0,7969 23,0000 
10,900 5234,7323 1904,2015 14,5915 330,0392 11,9795 -0,4210 125,4120 0,7966 23,0000 
10,950 5250,8523 1907,6108 14,7101 329,2293 11,8961 -0,4227 125,0046 0,7962 23,0000 
11,000 5266,9378 1910,9882 14,8291 328,4289 11,8125 -0,4245 124,5989 0,7959 23,0000 
11,050 5282,9893 1914,3341 14,9482 327,6383 11,7286 -0,4262 124,1950 0,7955 23,0000 
11,100 5299,0072 1917,6484 15,0676 326,8578 11,6446 -0,4280 123,7930 0,7952 23,0000 
11,150 5314,9919 1920,9314 15,1873 326,0875 11,5603 -0,4297 123,3926 0,7949 23,0000 
11,200 5330,9441 1924,1832 15,3072 325,3277 11,4757 -0,4314 122,9941 0,7945 23,0000 
11,250 5346,8640 1927,4040 15,4273 324,5785 11,3910 -0,4331 122,5974 0,7942 23,0000 
11,300 5362,7522 1930,5938 15,5476 323,8399 11,3060 -0,4348 122,2024 0,7939 23,0000 
11,350 5378,6092 1933,7529 15,6682 323,1121 11,2209 -0,4365 121,8093 0,7936 23,0000 
11,400 5394,4354 1936,8813 15,7890 322,3951 11,1355 -0,4382 121,4179 0,7932 23,0000 
11,450 5410,2313 1939,9793 15,9101 321,6888 11,0499 -0,4399 121,0283 0,7929 23,0000 
11,500 5425,9975 1943,0470 16,0314 320,9932 10,9641 -0,4416 120,6406 0,7926 23,0000 
11,550 5441,7343 1946,0845 16,1529 320,3083 10,8781 -0,4433 120,2546 0,7923 23,0000 
11,600 5457,4424 1949,0919 16,2746 319,6340 10,7919 -0,4449 119,8703 0,7920 23,0000 
11,650 5473,1220 1952,0694 16,3966 318,9702 10,7055 -0,4466 119,4879 0,7917 23,0000 
11,700 5488,7738 1955,0171 16,5188 318,3167 10,6188 -0,4482 119,1073 0,7914 23,0000 
11,750 5504,3982 1957,9352 16,6413 317,6735 10,5320 -0,4499 118,7284 0,7911 23,0000 
11,800 5519,9956 1960,8238 16,7640 317,0404 10,4450 -0,4515 118,3513 0,7908 23,0000 
11,850 5535,5665 1963,6830 16,8869 316,4173 10,3578 -0,4532 117,9760 0,7905 23,0000 
11,900 5551,1113 1966,5128 17,0101 315,8040 10,2704 -0,4548 117,6025 0,7902 23,0000 
11,950 5566,6304 1969,3136 17,1335 315,2003 10,1828 -0,4564 117,2307 0,7899 23,0000 
12,000 5582,1244 1972,0853 17,2571 314,6060 10,0951 -0,4580 116,8607 0,7897 23,0000 
12,050 5597,5935 1974,8281 17,3810 314,0210 10,0071 -0,4597 116,4925 0,7894 23,0000 
12,100 5613,0383 1977,5421 17,5052 313,4451 9,9190 -0,4613 116,1261 0,7891 23,0000 
12,150 5628,4591 1980,2274 17,6295 312,8780 9,8306 -0,4629 115,7614 0,7888 23,0000 
12,200 5643,8562 1982,8841 17,7541 312,3197 9,7421 -0,4645 115,3984 0,7886 23,0000 
12,250 5659,2302 1985,5123 17,8790 311,7698 9,6534 -0,4661 115,0373 0,7883 23,0000 
12,300 5674,5813 1988,1121 18,0041 311,2282 9,5646 -0,4677 114,6778 0,7880 23,0000 
12,350 5689,9099 1990,6837 18,1294 310,6948 9,4755 -0,4693 114,3201 0,7878 23,0000 
12,400 5705,2163 1993,2270 18,2550 310,1692 9,3863 -0,4709 113,9641 0,7875 23,0000 
12,450 5720,5010 1995,7423 18,3808 309,6514 9,2970 -0,4724 113,6099 0,7873 23,0000 
12,500 5735,7642 1998,2295 18,5069 309,1410 9,2074 -0,4740 113,2574 0,7870 23,0000 
12,550 5751,0063 2000,6888 18,6332 308,6380 9,1177 -0,4756 112,9066 0,7868 23,0000 
12,600 5766,2276 2003,1203 18,7598 308,1421 9,0278 -0,4772 112,5575 0,7865 23,0000 
12,650 5781,4283 2005,5240 18,8866 307,6531 8,9378 -0,4787 112,2101 0,7863 23,0000 
12,700 5796,6088 2007,9001 19,0136 307,1708 8,8476 -0,4803 111,8644 0,7860 23,0000 
12,750 5811,7693 2010,2485 19,1409 306,6951 8,7572 -0,4819 111,5205 0,7858 23,0000 
12,800 5826,9102 2012,5695 19,2685 306,2258 8,6667 -0,4834 111,1782 0,7856 23,0000 
12,850 5842,0317 2014,8629 19,3963 305,7627 8,5760 -0,4850 110,8375 0,7853 23,0000 
12,900 5857,1340 2017,1290 19,5243 305,3055 8,4851 -0,4865 110,4986 0,7851 23,0000 
12,950 5872,2175 2019,3678 19,6526 304,8542 8,3941 -0,4881 110,1613 0,7849 23,0000 
13,000 5887,2823 2021,5794 19,7811 304,4086 8,3030 -0,4896 109,8256 0,7846 23,0000 
13,050 5902,3287 2023,7637 19,9099 303,9684 8,2117 -0,4912 109,4917 0,7844 23,0000 
13,100 5917,3569 2025,9210 20,0390 303,5336 8,1202 -0,4927 109,1593 0,7842 23,0000 
13,150 5932,3671 2028,0512 20,1682 303,1039 8,0286 -0,4943 108,8286 0,7840 23,0000 
13,200 5947,3596 2030,1544 20,2978 302,6792 7,9369 -0,4958 108,4995 0,7838 23,0000 
13,250 5962,3345 2032,2307 20,4276 302,2593 7,8450 -0,4973 108,1720 0,7836 23,0000 
13,300 5977,2920 2034,2801 20,5576 301,8441 7,7530 -0,4989 107,8461 0,7834 23,0000 
13,350 5992,2324 2036,3026 20,6879 301,4334 7,6608 -0,5004 107,5219 0,7832 23,0000 
13,400 6007,1557 2038,2984 20,8184 301,0271 7,5684 -0,5019 107,1992 0,7830 23,0000 
13,450 6022,0622 2040,2675 20,9492 300,6240 7,4760 -0,5034 106,8781 0,7828 23,0000 
13,500 6036,9519 2042,2099 21,0802 300,2239 7,3834 -0,5050 106,5586 0,7826 23,0000 
13,550 6051,8250 2044,1256 21,2115 299,8267 7,2906 -0,5065 106,2406 0,7824 23,0000 
13,600 6066,6815 2046,0148 21,3430 299,4325 7,1977 -0,5080 105,9242 0,7822 23,0000 
13,650 6081,5216 2047,8773 21,4748 299,0411 7,1047 -0,5095 105,6093 0,7820 23,0000 
13,700 6096,3454 2049,7134 21,6068 298,6526 7,0115 -0,5110 105,2960 0,7818 23,0000 
13,750 6111,1528 2051,5230 21,7391 298,2669 6,9182 -0,5125 104,9842 0,7816 23,0000 
13,800 6125,9442 2053,3061 21,8716 297,8840 6,8248 -0,5140 104,6739 0,7814 23,0000 
13,850 6140,7195 2055,0628 22,0044 297,5038 6,7312 -0,5156 104,3651 0,7813 23,0000 
13,900 6155,4788 2056,7932 22,1374 297,1263 6,6375 -0,5171 104,0578 0,7811 23,0000 
13,950 6170,2223 2058,4972 22,2706 296,7514 6,5436 -0,5186 103,7520 0,7809 23,0000 
14,000 6184,9499 2060,1750 22,4041 296,3792 6,4496 -0,5201 103,4477 0,7807 23,0000 
14,050 6199,6619 2061,8265 22,5379 296,0095 6,3555 -0,5216 103,1448 0,7806 23,0000 
14,100 6214,3583 2063,4518 22,6718 295,6424 6,2613 -0,5231 102,8434 0,7804 23,0000 
14,150 6229,0391 2065,0508 22,8060 295,2779 6,1669 -0,5246 102,5434 0,7803 23,0000 
14,200 6243,7045 2066,6238 22,9405 294,9158 6,0724 -0,5260 102,2449 0,7801 23,0000 
14,250 6258,3545 2068,1706 23,0752 294,5562 5,9777 -0,5275 101,9478 0,7799 23,0000 
14,300 6272,9892 2069,6914 23,2101 294,1990 5,8830 -0,5290 101,6521 0,7798 23,0000 
14,350 6287,6087 2071,1861 23,3453 293,8442 5,7881 -0,5305 101,3579 0,7796 23,0000 
14,400 6302,2131 2072,6548 23,4807 293,4918 5,6930 -0,5320 101,0650 0,7795 23,0000 
14,450 6316,8024 2074,0975 23,6164 293,1418 5,5979 -0,5335 100,7736 0,7793 23,0000 
14,500 6331,3767 2075,5143 23,7523 292,7940 5,5026 -0,5350 100,4835 0,7792 23,0000 
14,550 6345,9361 2076,9051 23,8884 292,4486 5,4072 -0,5364 100,1948 0,7791 23,0000 
14,600 6360,4807 2078,2701 24,0248 292,1054 5,3116 -0,5379 99,9075 0,7789 23,0000 
14,650 6375,0105 2079,6092 24,1614 291,7645 5,2160 -0,5394 99,6215 0,7788 23,0000 
14,700 6389,5256 2080,9226 24,2982 291,4258 5,1202 -0,5409 99,3369 0,7787 23,0000 
14,750 6404,0260 2082,2101 24,4353 291,0893 5,0243 -0,5424 99,0537 0,7785 23,0000 
14,800 6418,5119 2083,4719 24,5726 290,7549 4,9282 -0,5438 98,7717 0,7784 23,0000 
14,850 6432,9833 2084,7079 24,7102 290,4227 4,8321 -0,5453 98,4911 0,7783 23,0000 
14,900 6447,4402 2085,9183 24,8480 290,0927 4,7358 -0,5468 98,2119 0,7782 23,0000 
14,950 6461,8827 2087,1030 24,9860 289,7647 4,6394 -0,5482 97,9339 0,7780 23,0000 
15,000 6476,3110 2088,2620 25,1242 289,4389 4,5429 -0,5497 97,6572 0,7779 23,0000 
15,050 6490,7249 2089,3955 25,2627 289,1151 4,4463 -0,5512 97,3819 0,7778 23,0000 
15,100 6505,1247 2090,5034 25,4014 288,7933 4,3495 -0,5526 97,1078 0,7777 23,0000 
15,150 6519,5103 2091,5857 25,5404 288,4736 4,2526 -0,5541 96,8350 0,7776 23,0000 
15,200 6533,8819 2092,6425 25,6795 288,1559 4,1556 -0,5556 96,5634 0,7775 23,0000 
15,250 6548,2394 2093,6739 25,8189 287,8402 4,0585 -0,5570 96,2931 0,7774 23,0000 
15,300 6562,5829 2094,6797 25,9586 287,5264 3,9613 -0,5585 96,0241 0,7773 23,0000 
15,350 6576,9126 2095,6602 26,0984 287,2146 3,8639 -0,5600 95,7563 0,7772 23,0000 
15,400 6591,2283 2096,6152 26,2385 286,9048 3,7665 -0,5614 95,4898 0,7771 23,0000 
15,450 6605,5303 2097,5449 26,3789 286,5968 3,6689 -0,5629 95,2245 0,7770 23,0000 
15,500 6619,8185 2098,4492 26,5194 286,2908 3,5712 -0,5643 94,9604 0,7769 23,0000 
15,550 6634,0930 2099,3282 26,6602 285,9866 3,4734 -0,5658 94,6976 0,7768 23,0000 
15,600 6648,3539 2100,1818 26,8012 285,6843 3,3755 -0,5672 94,4359 0,7767 23,0000 
15,650 6662,6011 2101,0103 26,9424 285,3839 3,2775 -0,5687 94,1755 0,7766 23,0000 
15,700 6676,8348 2101,8134 27,0839 285,0853 3,1794 -0,5701 93,9162 0,7766 23,0000 
15,750 6691,0550 2102,5914 27,2256 284,7886 3,0811 -0,5716 93,6581 0,7765 23,0000 
15,800 6705,2617 2103,3442 27,3675 284,4936 2,9828 -0,5730 93,4013 0,7764 23,0000 
15,850 6719,4550 2104,0718 27,5096 284,2004 2,8843 -0,5745 93,1455 0,7763 23,0000 
15,900 6733,6350 2104,7743 27,6520 283,9091 2,7857 -0,5759 92,8910 0,7763 23,0000 
15,950 6747,8016 2105,4516 27,7946 283,6195 2,6870 -0,5774 92,6376 0,7762 23,0000 
16,000 6761,9549 2106,1039 27,9374 283,3316 2,5883 -0,5788 92,3854 0,7761 23,0000 
16,050 6776,0951 2106,7311 28,0804 283,0455 2,4894 -0,5803 92,1343 0,7761 23,0000 
16,100 6790,2220 2107,3333 28,2237 282,7611 2,3904 -0,5817 91,8843 0,7760 23,0000 
16,150 6804,3358 2107,9104 28,3671 282,4784 2,2913 -0,5832 91,6355 0,7760 23,0000 
16,200 6818,4365 2108,4626 28,5108 282,1975 2,1921 -0,5846 91,3878 0,7759 23,0000 
16,250 6832,5241 2108,9898 28,6548 281,9182 2,0927 -0,5860 91,1412 0,7758 23,0000 
16,300 6846,5987 2109,4921 28,7989 281,6406 1,9933 -0,5875 90,8957 0,7758 23,0000 
16,350 6860,6603 2109,9695 28,9433 281,3647 1,8938 -0,5889 90,6514 0,7758 23,0000 
16,400 6874,7090 2110,4220 29,0878 281,0904 1,7942 -0,5904 90,4081 0,7757 23,0000 
16,450 6888,7448 2110,8496 29,2326 280,8178 1,6945 -0,5918 90,1659 0,7757 23,0000 
16,500 6902,7678 2111,2523 29,3777 280,5468 1,5947 -0,5932 89,9248 0,7756 23,0000 
16,550 6916,7779 2111,6303 29,5229 280,2775 1,4948 -0,5947 89,6848 0,7756 23,0000 
16,600 6930,7752 2111,9835 29,6684 280,0097 1,3947 -0,5961 89,4459 0,7755 23,0000 
16,650 6944,7598 2112,3119 29,8140 279,7436 1,2946 -0,5975 89,2080 0,7755 23,0000 
16,700 6958,7316 2112,6155 29,9599 279,4791 1,1944 -0,5990 88,9711 0,7755 23,0000 
16,750 6972,6908 2112,8944 30,1060 279,2161 1,0941 -0,6004 88,7354 0,7755 23,0000 
16,800 6986,6374 2113,1487 30,2524 278,9547 0,9937 -0,6018 88,5007 0,7754 23,0000 
16,850 7000,5713 2113,3782 30,3989 278,6949 0,8932 -0,6033 88,2670 0,7754 23,0000 
16,900 7014,4927 2113,5831 30,5457 278,4367 0,7926 -0,6047 88,0343 0,7754 23,0000 
16,950 7028,4015 2113,7634 30,6926 278,1799 0,6919 -0,6061 87,8027 0,7754 23,0000 
17,000 7042,2979 2113,9191 30,8398 277,9248 0,5911 -0,6076 87,5721 0,7754 23,0000 
17,050 7056,1818 2114,0501 30,9872 277,6711 0,4903 -0,6090 87,3425 0,7753 23,0000 
17,100 7070,0532 2114,1567 31,1348 277,4190 0,3893 -0,6104 87,1140 0,7753 23,0000 
17,150 7083,9123 2114,2386 31,2827 277,1684 0,2882 -0,6118 86,8864 0,7753 23,0000 
17,200 7097,7590 2114,2961 31,4307 276,9193 0,1871 -0,6133 86,6598 0,7753 23,0000 
17,250 7111,5933 2114,3291 31,5790 276,6717 0,0858 -0,6147 86,4342 0,7753 23,0000 
17,300 7125,4153 2114,3376 31,7274 276,4256 -0,0155 -0,6161 86,2097 0,7753 23,0000 
17,350 7139,2251 2114,3216 31,8761 276,1810 -0,1169 -0,6176 85,9861 0,7753 23,0000 
17,400 7153,0226 2114,2812 32,0250 275,9378 -0,2184 -0,6190 85,7634 0,7753 23,0000 
17,450 7166,8079 2114,2164 32,1741 275,6961 -0,3200 -0,6204 85,5418 0,7753 23,0000 
17,500 7180,5810 2114,1273 32,3234 275,4559 -0,4217 -0,6218 85,3211 0,7753 23,0000 
17,550 7194,3420 2114,0137 32,4730 275,2171 -0,5234 -0,6233 85,1013 0,7753 23,0000 
17,600 7208,0909 2113,8758 32,6227 274,9797 -0,6253 -0,6247 84,8826 0,7754 23,0000 
17,650 7221,8276 2113,7136 32,7726 274,7438 -0,7272 -0,6261 84,6647 0,7754 23,0000 
17,700 7235,5523 2113,5272 32,9228 274,5094 -0,8292 -0,6275 84,4478 0,7754 23,0000 
17,750 7249,2649 2113,3164 33,0731 274,2763 -0,9313 -0,6289 84,2319 0,7754 23,0000 
17,800 7262,9656 2113,0814 33,2237 274,0447 -1,0335 -0,6304 84,0169 0,7754 23,0000 
17,850 7276,6542 2112,8221 33,3745 273,8145 -1,1358 -0,6318 83,8028 0,7755 23,0000 
17,900 7290,3309 2112,5386 33,5255 273,5856 -1,2381 -0,6332 83,5896 0,7755 23,0000 
17,950 7303,9957 2112,2310 33,6767 273,3582 -1,3405 -0,6346 83,3773 0,7755 23,0000 
18,000 7317,6485 2111,8991 33,8281 273,1322 -1,4430 -0,6360 83,1660 0,7756 23,0000 
18,050 7331,2895 2111,5431 33,9797 272,9075 -1,5456 -0,6375 82,9556 0,7756 23,0000 
18,100 7344,9186 2111,1630 34,1315 272,6843 -1,6483 -0,6389 82,7460 0,7756 23,0000 
18,150 7358,5359 2110,7588 34,2835 272,4624 -1,7510 -0,6403 82,5374 0,7757 23,0000 
18,200 7372,1414 2110,3305 34,4357 272,2419 -1,8538 -0,6417 82,3297 0,7757 23,0000 
18,250 7385,7352 2109,8781 34,5881 272,0227 -1,9567 -0,6431 82,1228 0,7758 23,0000 
18,300 7399,3171 2109,4017 34,7408 271,8049 -2,0596 -0,6446 81,9168 0,7758 23,0000 
18,350 7412,8874 2108,9013 34,8936 271,5884 -2,1627 -0,6460 81,7117 0,7759 23,0000 
18,400 7426,4459 2108,3768 35,0466 271,3733 -2,2658 -0,6474 81,5075 0,7759 23,0000 
18,450 7439,9928 2107,8284 35,1999 271,1596 -2,3690 -0,6488 81,3041 0,7760 23,0000 
18,500 7453,5280 2107,2560 35,3533 270,9471 -2,4722 -0,6502 81,1016 0,7760 23,0000 
18,550 7467,0516 2106,6597 35,5070 270,7360 -2,5755 -0,6516 80,9000 0,7761 23,0000 
18,600 7480,5636 2106,0394 35,6608 270,5262 -2,6789 -0,6531 80,6992 0,7761 23,0000 
18,650 7494,0640 2105,3953 35,8149 270,3178 -2,7824 -0,6545 80,4993 0,7762 23,0000 
18,700 7507,5528 2104,7272 35,9691 270,1106 -2,8859 -0,6559 80,3002 0,7763 23,0000 
18,750 7521,0301 2104,0353 36,1236 269,9048 -2,9895 -0,6573 80,1019 0,7763 23,0000 
18,800 7534,4959 2103,3196 36,2782 269,7002 -3,0932 -0,6587 79,9045 0,7764 23,0000 
18,850 7547,9502 2102,5800 36,4331 269,4970 -3,1969 -0,6601 79,7079 0,7765 23,0000 
18,900 7561,3930 2101,8167 36,5881 269,2951 -3,3007 -0,6615 79,5122 0,7766 23,0000 
18,950 7574,8244 2101,0295 36,7434 269,0944 -3,4046 -0,6630 79,3173 0,7766 23,0000 
19,000 7588,2443 2100,2186 36,8988 268,8950 -3,5085 -0,6644 79,1231 0,7767 23,0000 
19,050 7601,6528 2099,3840 37,0545 268,6969 -3,6125 -0,6658 78,9298 0,7768 23,0000 
19,100 7615,0500 2098,5256 37,2103 268,5001 -3,7166 -0,6672 78,7373 0,7769 23,0000 
19,150 7628,4358 2097,6435 37,3664 268,3046 -3,8207 -0,6686 78,5456 0,7770 23,0000 
19,200 7641,8102 2096,7378 37,5226 268,1103 -3,9249 -0,6700 78,3548 0,7771 23,0000 
19,250 7655,1733 2095,8083 37,6791 267,9173 -4,0291 -0,6714 78,1647 0,7772 23,0000 
19,300 7668,5251 2094,8553 37,8357 267,7256 -4,1334 -0,6728 77,9754 0,7773 23,0000 
19,350 7681,8656 2093,8786 37,9925 267,5351 -4,2378 -0,6743 77,7868 0,7774 23,0000 
19,400 7695,1948 2092,8783 38,1496 267,3458 -4,3422 -0,6757 77,5991 0,7775 23,0000 
19,450 7708,5128 2091,8544 38,3068 267,1578 -4,4467 -0,6771 77,4122 0,7776 23,0000 
19,500 7721,8196 2090,8070 38,4642 266,9711 -4,5512 -0,6785 77,2260 0,7777 23,0000 
19,550 7735,1152 2089,7360 38,6218 266,7856 -4,6558 -0,6799 77,0406 0,7778 23,0000 
19,600 7748,3995 2088,6415 38,7796 266,6013 -4,7605 -0,6813 76,8560 0,7779 23,0000 
19,650 7761,6727 2087,5235 38,9376 266,4182 -4,8652 -0,6827 76,6721 0,7780 23,0000 
19,700 7774,9348 2086,3820 39,0958 266,2364 -4,9699 -0,6841 76,4890 0,7781 23,0000 
19,750 7788,1857 2085,2170 39,2542 266,0558 -5,0747 -0,6855 76,3066 0,7782 23,0000 
19,800 7801,4255 2084,0286 39,4128 265,8764 -5,1796 -0,6870 76,1250 0,7784 23,0000 
19,850 7814,6542 2082,8167 39,5716 265,6982 -5,2845 -0,6884 75,9442 0,7785 23,0000 
19,900 7827,8719 2081,5815 39,7306 265,5213 -5,3895 -0,6898 75,7641 0,7786 23,0000 
19,950 7841,0784 2080,3228 39,8897 265,3455 -5,4945 -0,6912 75,5847 0,7787 23,0000 
20,000 7854,2740 2079,0408 40,0491 265,1710 -5,5995 -0,6927 75,4061 0,7789 23,0000 
20,050 7867,4585 2077,7354 40,2086 264,9976 -5,7046 -0,6941 75,2282 0,7790 23,0000 
20,100 7880,6320 2076,4067 40,3684 264,8255 -5,8098 -0,6955 75,0510 0,7791 23,0000 
20,150 7893,7945 2075,0547 40,5284 264,6545 -5,9150 -0,6970 74,8746 0,7793 23,0000 
20,200 7906,9460 2073,6794 40,6885 264,4848 -6,0202 -0,6984 74,6989 0,7794 23,0000 
20,250 7920,0866 2072,2808 40,8489 264,3162 -6,1255 -0,6999 74,5239 0,7795 23,0000 
20,300 7933,2162 2070,8589 41,0094 264,1488 -6,2309 -0,7013 74,3496 0,7797 23,0000 
20,350 7946,3349 2069,4139 41,1702 263,9826 -6,3363 -0,7027 74,1761 0,7798 23,0000 
20,400 7959,4427 2067,9456 41,3311 263,8175 -6,4417 -0,7042 74,0032 0,7800 23,0000 
20,450 7972,5396 2066,4540 41,4922 263,6537 -6,5472 -0,7056 73,8310 0,7801 23,0000 
20,500 7985,6257 2064,9394 41,6536 263,4910 -6,6527 -0,7071 73,6596 0,7803 23,0000 
20,550 7998,7009 2063,4015 41,8151 263,3294 -6,7582 -0,7085 73,4888 0,7804 23,0000 
20,600 8011,7652 2061,8405 41,9768 263,1691 -6,8638 -0,7099 73,3188 0,7806 23,0000 
20,650 8024,8187 2060,2564 42,1387 263,0098 -6,9694 -0,7114 73,1494 0,7807 23,0000 
20,700 8037,8614 2058,6492 42,3008 262,8518 -7,0751 -0,7128 72,9808 0,7809 23,0000 
20,750 8050,8933 2057,0189 42,4631 262,6949 -7,1808 -0,7143 72,8128 0,7811 23,0000 
20,800 8063,9144 2055,3655 42,6256 262,5391 -7,2865 -0,7157 72,6455 0,7812 23,0000 
20,850 8076,9248 2053,6890 42,7883 262,3845 -7,3923 -0,7171 72,4788 0,7814 23,0000 
20,900 8089,9244 2051,9896 42,9512 262,2311 -7,4981 -0,7186 72,3129 0,7816 23,0000 
20,950 8102,9132 2050,2671 43,1143 262,0787 -7,6040 -0,7200 72,1476 0,7817 23,0000 
21,000 8115,8914 2048,5216 43,2775 261,9276 -7,7098 -0,7215 71,9830 0,7819 23,0000 
21,050 8128,8588 2046,7532 43,4410 261,7775 -7,8158 -0,7229 71,8191 0,7821 23,0000 
21,100 8141,8156 2044,9618 43,6047 261,6286 -7,9217 -0,7244 71,6558 0,7823 23,0000 
21,150 8154,7616 2043,1474 43,7685 261,4808 -8,0277 -0,7258 71,4932 0,7825 23,0000 
21,200 8167,6970 2041,3102 43,9325 261,3341 -8,1337 -0,7272 71,3312 0,7827 23,0000 
21,250 8180,6218 2039,4500 44,0968 261,1886 -8,2397 -0,7287 71,1699 0,7828 23,0000 
21,300 8193,5359 2037,5670 44,2612 261,0441 -8,3458 -0,7301 71,0092 0,7830 23,0000 
21,350 8206,4394 2035,6610 44,4258 260,9008 -8,4519 -0,7316 70,8492 0,7832 23,0000 
21,400 8219,3323 2033,7323 44,5906 260,7586 -8,5580 -0,7330 70,6899 0,7834 23,0000 
21,450 8232,2146 2031,7807 44,7555 260,6175 -8,6641 -0,7345 70,5312 0,7836 23,0000 
21,500 8245,0863 2029,8063 44,9207 260,4776 -8,7703 -0,7359 70,3731 0,7838 23,0000 
21,550 8257,9475 2027,8091 45,0861 260,3387 -8,8765 -0,7374 70,2156 0,7840 23,0000 
21,600 8270,7981 2025,7892 45,2516 260,2009 -8,9827 -0,7388 70,0588 0,7842 23,0000 
21,650 8283,6381 2023,7464 45,4174 260,0642 -9,0889 -0,7402 69,9026 0,7844 23,0000 
21,700 8296,4677 2021,6810 45,5833 259,9286 -9,1952 -0,7417 69,7471 0,7846 23,0000 
21,750 8309,2867 2019,5928 45,7494 259,7941 -9,3015 -0,7431 69,5921 0,7848 23,0000 
21,800 8322,0952 2017,4819 45,9157 259,6607 -9,4078 -0,7446 69,4378 0,7851 23,0000 
21,850 8334,8933 2015,3484 46,0822 259,5284 -9,5141 -0,7460 69,2842 0,7853 23,0000 
21,900 8347,6808 2013,1922 46,2489 259,3972 -9,6205 -0,7475 69,1311 0,7855 23,0000 
21,950 8360,4579 2011,0133 46,4157 259,2670 -9,7268 -0,7489 68,9786 0,7857 23,0000 
22,000 8373,2246 2008,8118 46,5828 259,1379 -9,8332 -0,7504 68,8268 0,7859 23,0000 
22,050 8385,9808 2006,5878 46,7500 259,0099 -9,9396 -0,7518 68,6755 0,7862 23,0000 
22,100 8398,7266 2004,3411 46,9174 258,8830 -10,0460 -0,7533 68,5249 0,7864 23,0000 
22,150 8411,4619 2002,0718 47,0850 258,7571 -10,1525 -0,7547 68,3749 0,7866 23,0000 
22,200 8424,1869 1999,7800 47,2528 258,6323 -10,2589 -0,7562 68,2255 0,7868 23,0000 
22,250 8436,9015 1997,4657 47,4208 258,5086 -10,3654 -0,7576 68,0766 0,7871 23,0000 
22,300 8449,6057 1995,1288 47,5889 258,3859 -10,4718 -0,7590 67,9284 0,7873 23,0000 
22,350 8462,2996 1992,7694 47,7572 258,2643 -10,5783 -0,7605 67,7808 0,7876 23,0000 
22,400 8474,9830 1990,3876 47,9258 258,1438 -10,6848 -0,7619 67,6337 0,7878 23,0000 
22,450 8487,6562 1987,9833 48,0945 258,0243 -10,7913 -0,7634 67,4873 0,7880 23,0000 
22,500 8500,3190 1985,5566 48,2634 257,9058 -10,8978 -0,7648 67,3414 0,7883 23,0000 
22,550 8512,9715 1983,1074 48,4324 257,7884 -11,0044 -0,7663 67,1961 0,7885 23,0000 
22,600 8525,6137 1980,6358 48,6017 257,6720 -11,1109 -0,7677 67,0514 0,7888 23,0000 
22,650 8538,2456 1978,1418 48,7711 257,5567 -11,2174 -0,7692 66,9072 0,7890 23,0000 
22,700 8550,8672 1975,6255 48,9407 257,4424 -11,3240 -0,7706 66,7637 0,7893 23,0000 
22,750 8563,4786 1973,0868 49,1105 257,3292 -11,4305 -0,7721 66,6207 0,7896 23,0000 
22,800 8576,0797 1970,5257 49,2805 257,2169 -11,5371 -0,7735 66,4783 0,7898 23,0000 
22,850 8588,6705 1967,9424 49,4506 257,1058 -11,6437 -0,7750 66,3364 0,7901 23,0000 
22,900 8601,2511 1965,3367 49,6210 256,9956 -11,7502 -0,7764 66,1952 0,7903 23,0000 
22,950 8613,8215 1962,7088 49,7915 256,8865 -11,8568 -0,7779 66,0545 0,7906 23,0000 
23,000 8626,3816 1960,0586 49,9622 256,7784 -11,9634 -0,7793 65,9143 0,7909 23,0000 
23,050 8638,9315 1957,3861 50,1331 256,6713 -12,0699 -0,7808 65,7747 0,7912 23,0000 
23,100 8651,4713 1954,6915 50,3041 256,5652 -12,1765 -0,7822 65,6357 0,7914 23,0000 
23,150 8664,0008 1951,9746 50,4753 256,4601 -12,2831 -0,7837 65,4972 0,7917 23,0000 
23,200 8676,5202 1949,2355 50,6468 256,3561 -12,3896 -0,7851 65,3593 0,7920 23,0000 
23,250 8689,0294 1946,4742 50,8183 256,2530 -12,4962 -0,7866 65,2219 0,7923 23,0000 
23,300 8701,5284 1943,6908 50,9901 256,1510 -12,6028 -0,7880 65,0851 0,7925 23,0000 
23,350 8714,0173 1940,8853 51,1620 256,0500 -12,7093 -0,7895 64,9488 0,7928 23,0000 
23,400 8726,4961 1938,0576 51,3342 255,9499 -12,8159 -0,7910 64,8131 0,7931 23,0000 
23,450 8738,9648 1935,2078 51,5065 255,8509 -12,9224 -0,7924 64,6779 0,7934 23,0000 
23,500 8751,4233 1932,3360 51,6789 255,7528 -13,0290 -0,7939 64,5432 0,7937 23,0000 
23,550 8763,8717 1929,4421 51,8516 255,6558 -13,1355 -0,7953 64,4091 0,7940 23,0000 
23,600 8776,3100 1926,5261 52,0244 255,5597 -13,2420 -0,7968 64,2755 0,7943 23,0000 
23,650 8788,7382 1923,5881 52,1974 255,4647 -13,3485 -0,7982 64,1425 0,7946 23,0000 
23,700 8801,1564 1920,6281 52,3706 255,3706 -13,4550 -0,7997 64,0099 0,7949 23,0000 
23,750 8813,5645 1917,6461 52,5439 255,2775 -13,5615 -0,8011 63,8779 0,7952 23,0000 
23,800 8825,9625 1914,6421 52,7174 255,1853 -13,6680 -0,8026 63,7465 0,7955 23,0000 
23,850 8838,3505 1911,6162 52,8911 255,0942 -13,7745 -0,8040 63,6156 0,7958 23,0000 
23,900 8850,7284 1908,5683 53,0650 255,0040 -13,8810 -0,8055 63,4851 0,7961 23,0000 
23,950 8863,0963 1905,4985 53,2390 254,9148 -13,9874 -0,8069 63,3553 0,7964 23,0000 
24,000 8875,4542 1902,4068 53,4133 254,8265 -14,0939 -0,8084 63,2259 0,7968 23,0000 
24,050 8887,8020 1899,2932 53,5877 254,7392 -14,2003 -0,8099 63,0970 0,7971 23,0000 
24,100 8900,1399 1896,1577 53,7622 254,6529 -14,3067 -0,8113 62,9687 0,7974 23,0000 
24,150 8912,4678 1893,0004 53,9369 254,5676 -14,4131 -0,8128 62,8409 0,7977 23,0000 
24,200 8924,7856 1889,8213 54,1119 254,4832 -14,5195 -0,8142 62,7136 0,7981 23,0000 
24,250 8937,0935 1886,6203 54,2869 254,3997 -14,6258 -0,8157 62,5868 0,7984 23,0000 
24,300 8949,3915 1883,3975 54,4622 254,3172 -14,7321 -0,8171 62,4605 0,7987 23,0000 
24,350 8961,6794 1880,1530 54,6376 254,2356 -14,8385 -0,8186 62,3347 0,7990 23,0000 
24,400 8973,9574 1876,8867 54,8132 254,1550 -14,9448 -0,8201 62,2094 0,7994 23,0000 
24,450 8986,2255 1873,5987 54,9889 254,0754 -15,0510 -0,8215 62,0846 0,7997 23,0000 
24,500 8998,4836 1870,2889 55,1649 253,9967 -15,1573 -0,8230 61,9603 0,8001 23,0000 
24,550 9010,7318 1866,9574 55,3410 253,9189 -15,2635 -0,8244 61,8366 0,8004 23,0000 
24,600 9022,9701 1863,6043 55,5172 253,8420 -15,3697 -0,8259 61,7133 0,8007 23,0000 
24,650 9035,1985 1860,2294 55,6937 253,7661 -15,4759 -0,8274 61,5905 0,8011 23,0000 
24,700 9047,4170 1856,8329 55,8703 253,6911 -15,5821 -0,8288 61,4682 0,8014 23,0000 
24,750 9059,6255 1853,4148 56,0470 253,6170 -15,6882 -0,8303 61,3464 0,8018 23,0000 
24,800 9071,8242 1849,9751 56,2240 253,5439 -15,7943 -0,8317 61,2251 0,8021 23,0000 
24,850 9084,0130 1846,5137 56,4011 253,4717 -15,9004 -0,8332 61,1043 0,8025 23,0000 
24,900 9096,1919 1843,0308 56,5784 253,4004 -16,0065 -0,8347 60,9839 0,8029 23,0000 
24,950 9108,3610 1839,5263 56,7558 253,3300 -16,1125 -0,8361 60,8641 0,8032 23,0000 
25,000 9120,5202 1836,0003 56,9334 253,2605 -16,2185 -0,8376 60,7447 0,8036 23,0000 
25,050 9132,6696 1832,4527 57,1112 253,1919 -16,3245 -0,8390 60,6258 0,8039 23,0000 
25,100 9144,8091 1828,8837 57,2891 253,1243 -16,4304 -0,8405 60,5074 0,8043 23,0000 
25,150 9156,9388 1825,2931 57,4672 253,0575 -16,5363 -0,8420 60,3895 0,8047 23,0000 
25,200 9169,0586 1821,6811 57,6455 252,9917 -16,6422 -0,8434 60,2720 0,8051 23,0000 
25,250 9181,1687 1818,0476 57,8239 252,9267 -16,7480 -0,8449 60,1550 0,8054 23,0000 
25,300 9193,2689 1814,3927 58,0025 252,8627 -16,8538 -0,8463 60,0385 0,8058 23,0000 
25,350 9205,3593 1810,7163 58,1813 252,7995 -16,9596 -0,8478 59,9225 0,8062 23,0000 
25,400 9217,4399 1807,0186 58,3602 252,7372 -17,0653 -0,8493 59,8069 0,8066 23,0000 
25,450 9229,5107 1803,2995 58,5393 252,6758 -17,1710 -0,8507 59,6919 0,8070 23,0000 
25,500 9241,5718 1799,5590 58,7185 252,6153 -17,2767 -0,8522 59,5772 0,8073 23,0000 
25,550 9253,6230 1795,7971 58,8980 252,5557 -17,3823 -0,8537 59,4631 0,8077 23,0000 
25,600 9265,6645 1792,0140 59,0775 252,4969 -17,4879 -0,8551 59,3494 0,8081 23,0000 
25,650 9277,6962 1788,2095 59,2573 252,4391 -17,5935 -0,8566 59,2361 0,8085 23,0000 
25,700 9289,7182 1784,3837 59,4372 252,3821 -17,6990 -0,8581 59,1234 0,8089 23,0000 
25,750 9301,7304 1780,5367 59,6172 252,3260 -17,8045 -0,8595 59,0111 0,8093 23,0000 
25,800 9313,7329 1776,6684 59,7975 252,2707 -17,9099 -0,8610 58,8992 0,8097 23,0000 
25,850 9325,7256 1772,7788 59,9778 252,2163 -18,0153 -0,8625 58,7878 0,8101 23,0000 
25,900 9337,7086 1768,8681 60,1584 252,1628 -18,1206 -0,8639 58,6769 0,8105 23,0000 
25,950 9349,6819 1764,9361 60,3391 252,1101 -18,2259 -0,8654 58,5664 0,8109 23,0000 
26,000 9361,6454 1760,9830 60,5199 252,0583 -18,3312 -0,8669 58,4564 0,8113 23,0000 
26,050 9373,5993 1757,0087 60,7010 252,0073 -18,4364 -0,8683 58,3468 0,8118 23,0000 
26,100 9385,5434 1753,0132 60,8821 251,9572 -18,5416 -0,8698 58,2376 0,8122 23,0000 
26,150 9397,4778 1748,9966 61,0635 251,9079 -18,6467 -0,8713 58,1289 0,8126 23,0000 
26,200 9409,4026 1744,9589 61,2450 251,8595 -18,7518 -0,8727 58,0207 0,8130 23,0000 
26,250 9421,3176 1740,9001 61,4266 251,8119 -18,8568 -0,8742 57,9129 0,8134 23,0000 
26,300 9433,2230 1736,8202 61,6085 251,7652 -18,9618 -0,8757 57,8056 0,8139 23,0000 
26,350 9445,1187 1732,7193 61,7904 251,7193 -19,0667 -0,8771 57,6987 0,8143 23,0000 
26,400 9457,0047 1728,5974 61,9726 251,6742 -19,1716 -0,8786 57,5922 0,8147 23,0000 
26,450 9468,8811 1724,4544 62,1548 251,6300 -19,2765 -0,8801 57,4862 0,8151 23,0000 
26,500 9480,7478 1720,2904 62,3373 251,5866 -19,3812 -0,8815 57,3806 0,8156 23,0000 
26,550 9492,6048 1716,1054 62,5199 251,5440 -19,4860 -0,8830 57,2754 0,8160 23,0000 
26,600 9504,4522 1711,8995 62,7026 251,5022 -19,5907 -0,8845 57,1707 0,8165 23,0000 
26,650 9516,2899 1707,6726 62,8855 251,4612 -19,6953 -0,8860 57,0664 0,8169 23,0000 
26,700 9528,1181 1703,4248 63,0686 251,4211 -19,7999 -0,8874 56,9626 0,8173 23,0000 
26,750 9539,9365 1699,1561 63,2518 251,3818 -19,9044 -0,8889 56,8592 0,8178 23,0000 
26,800 9551,7454 1694,8665 63,4352 251,3433 -20,0089 -0,8904 56,7562 0,8182 23,0000 
26,850 9563,5446 1690,5560 63,6187 251,3056 -20,1133 -0,8918 56,6536 0,8187 23,0000 
26,900 9575,3342 1686,2247 63,8024 251,2687 -20,2176 -0,8933 56,5515 0,8191 23,0000 
26,950 9587,1142 1681,8725 63,9862 251,2326 -20,3219 -0,8948 56,4498 0,8196 23,0000 
27,000 9598,8846 1677,4995 64,1702 251,1973 -20,4262 -0,8963 56,3485 0,8201 23,0000 
27,050 9610,6454 1673,1057 64,3543 251,1628 -20,5304 -0,8977 56,2477 0,8205 23,0000 
27,100 9622,3966 1668,6911 64,5386 251,1291 -20,6345 -0,8992 56,1472 0,8210 23,0000 
27,150 9634,1382 1664,2558 64,7231 251,0961 -20,7385 -0,9007 56,0472 0,8214 23,0000 
27,200 9645,8703 1659,7997 64,9077 251,0640 -20,8426 -0,9021 55,9477 0,8219 23,0000 
27,250 9657,5927 1655,3229 65,0924 251,0327 -20,9465 -0,9036 55,8485 0,8224 23,0000 
27,300 9669,3056 1650,8254 65,2773 251,0021 -21,0504 -0,9051 55,7497 0,8228 23,0000 
27,350 9681,0089 1646,3072 65,4623 250,9723 -21,1542 -0,9066 55,6514 0,8233 23,0000 
27,400 9692,7026 1641,7683 65,6475 250,9433 -21,2580 -0,9080 55,5535 0,8238 23,0000 
27,450 9704,3867 1637,2088 65,8329 250,9150 -21,3617 -0,9095 55,4560 0,8243 23,0000 
27,500 9716,0613 1632,6287 66,0183 250,8876 -21,4653 -0,9110 55,3589 0,8248 23,0000 
27,550 9727,7264 1628,0279 66,2040 250,8609 -21,5689 -0,9125 55,2622 0,8252 23,0000 
27,600 9739,3819 1623,4065 66,3898 250,8349 -21,6724 -0,9139 55,1660 0,8257 23,0000 
27,650 9751,0279 1618,7646 66,5757 250,8097 -21,7758 -0,9154 55,0701 0,8262 23,0000 
27,700 9762,6643 1614,1021 66,7618 250,7853 -21,8792 -0,9169 54,9747 0,8267 23,0000 
27,750 9774,2911 1609,4191 66,9480 250,7616 -21,9825 -0,9184 54,8797 0,8272 23,0000 
27,800 9785,9085 1604,7155 67,1344 250,7387 -22,0858 -0,9199 54,7850 0,8277 23,0000 
27,850 9797,5163 1599,9915 67,3209 250,7165 -22,1889 -0,9213 54,6908 0,8282 23,0000 
27,900 9809,1146 1595,2469 67,5076 250,6951 -22,2920 -0,9228 54,5970 0,8287 23,0000 
27,950 9820,7034 1590,4819 67,6944 250,6744 -22,3951 -0,9243 54,5036 0,8292 23,0000 
28,000 9832,2826 1585,6965 67,8814 250,6545 -22,4980 -0,9258 54,4106 0,8297 23,0000 
28,050 9843,8524 1580,8906 68,0685 250,6353 -22,6009 -0,9272 54,3180 0,8302 23,0000 
28,100 9855,4126 1576,0643 68,2557 250,6168 -22,7037 -0,9287 54,2257 0,8307 23,0000 
28,150 9866,9633 1571,2176 68,4431 250,5990 -22,8065 -0,9302 54,1339 0,8312 23,0000 
28,200 9878,5046 1566,3506 68,6307 250,5820 -22,9092 -0,9317 54,0425 0,8318 23,0000 
28,250 9890,0363 1561,4632 68,8183 250,5657 -23,0118 -0,9332 53,9515 0,8323 23,0000 
28,300 9901,5585 1556,5555 69,0062 250,5502 -23,1143 -0,9346 53,8609 0,8328 23,0000 
28,350 9913,0713 1551,6274 69,1941 250,5353 -23,2168 -0,9361 53,7707 0,8333 23,0000 
28,400 9924,5746 1546,6791 69,3823 250,5212 -23,3192 -0,9376 53,6808 0,8339 23,0000 
28,450 9936,0683 1541,7105 69,5705 250,5077 -23,4215 -0,9391 53,5914 0,8344 23,0000 
28,500 9947,5526 1536,7216 69,7589 250,4950 -23,5237 -0,9406 53,5024 0,8349 23,0000 
28,550 9959,0275 1531,7125 69,9474 250,4830 -23,6259 -0,9420 53,4137 0,8354 23,0000 
28,600 9970,4928 1526,6832 70,1361 250,4717 -23,7280 -0,9435 53,3254 0,8360 23,0000 
28,650 9981,9487 1521,6337 70,3249 250,4611 -23,8300 -0,9450 53,2376 0,8365 23,0000 
28,700 9993,3951 1516,5640 70,5139 250,4512 -23,9319 -0,9465 53,1501 0,8371 23,0000 
28,750 10004,8321 1511,4741 70,7030 250,4420 -24,0338 -0,9480 53,0630 0,8376 23,0000 
28,800 10016,2596 1506,3641 70,8922 250,4335 -24,1355 -0,9495 52,9763 0,8381 23,0000 
28,850 10027,6776 1501,2340 71,0816 250,4256 -24,2372 -0,9509 52,8899 0,8387 23,0000 
28,900 10039,0862 1496,0838 71,2711 250,4185 -24,3388 -0,9524 52,8040 0,8392 23,0000 
28,950 10050,4854 1490,9134 71,4608 250,4120 -24,4404 -0,9539 52,7184 0,8398 23,0000 
29,000 10061,8750 1485,7231 71,6506 250,4062 -24,5418 -0,9554 52,6333 0,8403 23,0000 
29,050 10073,2553 1480,5126 71,8405 250,4011 -24,6432 -0,9569 52,5485 0,8409 23,0000 
29,100 10084,6261 1475,2822 72,0305 250,3967 -24,7445 -0,9584 52,4640 0,8415 23,0000 
29,150 10095,9875 1470,0317 72,2207 250,3929 -24,8457 -0,9598 52,3800 0,8420 23,0000 
29,200 10107,3394 1464,7613 72,4111 250,3898 -24,9468 -0,9613 52,2964 0,8426 23,0000 
29,250 10118,6819 1459,4709 72,6016 250,3874 -25,0478 -0,9628 52,2131 0,8432 23,0000 
29,300 10130,0150 1454,1605 72,7922 250,3856 -25,1488 -0,9643 52,1302 0,8437 23,0000 
29,350 10141,3386 1448,8303 72,9829 250,3845 -25,2497 -0,9658 52,0476 0,8443 23,0000 
29,400 10152,6528 1443,4801 73,1738 250,3840 -25,3504 -0,9673 51,9655 0,8449 23,0000 
29,450 10163,9576 1438,1100 73,3648 250,3842 -25,4511 -0,9688 51,8837 0,8454 23,0000 
29,500 10175,2530 1432,7200 73,5559 250,3851 -25,5518 -0,9702 51,8023 0,8460 23,0000 
29,550 10186,5389 1427,3102 73,7472 250,3865 -25,6523 -0,9717 51,7213 0,8466 23,0000 
29,600 10197,8155 1421,8806 73,9386 250,3887 -25,7527 -0,9732 51,6406 0,8472 23,0000 
29,650 10209,0826 1416,4311 74,1302 250,3914 -25,8531 -0,9747 51,5603 0,8478 23,0000 
29,700 10220,3403 1410,9619 74,3219 250,3949 -25,9533 -0,9762 51,4804 0,8484 23,0000 
29,750 10231,5886 1405,4729 74,5137 250,3989 -26,0535 -0,9777 51,4008 0,8490 23,0000 
29,800 10242,8275 1399,9641 74,7056 250,4036 -26,1536 -0,9792 51,3216 0,8496 23,0000 
29,850 10254,0570 1394,4356 74,8977 250,4089 -26,2536 -0,9806 51,2428 0,8501 23,0000 
29,900 10265,2771 1388,8874 75,0899 250,4148 -26,3535 -0,9821 51,1644 0,8507 23,0000 
29,950 10276,4878 1383,3195 75,2822 250,4213 -26,4533 -0,9836 51,0863 0,8513 23,0000 
30,000 10287,6891 1377,7320 75,4747 250,4285 -26,5530 -0,9851 51,0086 0,8520 23,0000 
30,050 10298,8810 1372,1247 75,6673 250,4363 -26,6527 -0,9866 50,9312 0,8526 23,0000 
30,100 10310,0635 1366,4979 75,8600 250,4447 -26,7522 -0,9881 50,8542 0,8532 23,0000 
30,150 10321,2366 1360,8514 76,0528 250,4537 -26,8517 -0,9896 50,7776 0,8538 23,0000 
30,200 10332,4003 1355,1853 76,2458 250,4633 -26,9510 -0,9911 50,7013 0,8544 23,0000 
30,250 10343,5547 1349,4997 76,4389 250,4735 -27,0503 -0,9926 50,6254 0,8550 23,0000 
30,300 10354,6996 1343,7945 76,6322 250,4843 -27,1495 -0,9940 50,5498 0,8556 23,0000 
30,350 10365,8352 1338,0698 76,8255 250,4957 -27,2485 -0,9955 50,4746 0,8562 23,0000 
30,400 10376,9614 1332,3255 77,0190 250,5077 -27,3475 -0,9970 50,3998 0,8569 23,0000 
30,450 10388,0782 1326,5618 77,2126 250,5203 -27,4464 -0,9985 50,3253 0,8575 23,0000 
30,500 10399,1856 1320,7786 77,4063 250,5335 -27,5452 -1,0000 50,2512 0,8581 23,0000 
30,550 10410,2837 1314,9759 77,6002 250,5472 -27,6439 -1,0015 50,1774 0,8588 23,0000 
30,600 10421,3723 1309,1538 77,7942 250,5616 -27,7425 -1,0030 50,1040 0,8594 23,0000 
30,650 10432,4516 1303,3123 77,9883 250,5765 -27,8410 -1,0045 50,0309 0,8600 23,0000 
30,700 10443,5215 1297,4514 78,1825 250,5920 -27,9394 -1,0060 49,9582 0,8607 23,0000 
30,750 10454,5821 1291,5711 78,3769 250,6081 -28,0377 -1,0074 49,8859 0,8613 23,0000 
30,800 10465,6333 1285,6715 78,5714 250,6247 -28,1359 -1,0089 49,8139 0,8620 23,0000 
30,850 10476,6751 1279,7525 78,7660 250,6419 -28,2341 -1,0104 49,7422 0,8626 23,0000 
30,900 10487,7075 1273,8143 78,9607 250,6597 -28,3321 -1,0119 49,6709 0,8632 23,0000 
30,950 10498,7306 1267,8567 79,1555 250,6780 -28,4300 -1,0134 49,5999 0,8639 23,0000 
31,000 10509,7443 1261,8799 79,3505 250,6969 -28,5278 -1,0149 49,5293 0,8646 23,0000 
31,050 10520,7486 1255,8838 79,5456 250,7164 -28,6255 -1,0164 49,4591 0,8652 23,0000 
31,100 10531,7436 1249,8685 79,7408 250,7363 -28,7231 -1,0179 49,3891 0,8659 23,0000 
31,150 10542,7292 1243,8340 79,9361 250,7569 -28,8207 -1,0194 49,3196 0,8665 23,0000 
31,200 10553,7055 1237,7803 80,1316 250,7780 -28,9181 -1,0209 49,2504 0,8672 23,0000 
31,250 10564,6724 1231,7074 80,3271 250,7996 -29,0154 -1,0224 49,1815 0,8679 23,0000 
31,300 10575,6299 1225,6154 80,5228 250,8218 -29,1126 -1,0238 49,1129 0,8685 23,0000 
31,350 10586,5781 1219,5042 80,7186 250,8445 -29,2097 -1,0253 49,0448 0,8692 23,0000 
31,400 10597,5169 1213,3740 80,9146 250,8677 -29,3067 -1,0268 48,9769 0,8699 23,0000 
31,450 10608,4464 1207,2246 81,1106 250,8915 -29,4036 -1,0283 48,9094 0,8705 23,0000 
31,500 10619,3665 1201,0562 81,3067 250,9158 -29,5004 -1,0298 48,8422 0,8712 23,0000 
31,550 10630,2772 1194,8688 81,5030 250,9406 -29,5971 -1,0313 48,7754 0,8719 23,0000 
31,600 10641,1786 1188,6623 81,6994 250,9659 -29,6937 -1,0328 48,7089 0,8726 23,0000 
31,650 10652,0707 1182,4369 81,8959 250,9918 -29,7902 -1,0343 48,6428 0,8733 23,0000 
31,700 10662,9534 1176,1924 82,0925 251,0181 -29,8866 -1,0358 48,5770 0,8740 23,0000 
31,750 10673,8267 1169,9290 82,2892 251,0450 -29,9829 -1,0373 48,5115 0,8747 23,0000 
31,800 10684,6907 1163,6467 82,4861 251,0724 -30,0791 -1,0388 48,4463 0,8754 23,0000 
31,850 10695,5453 1157,3454 82,6830 251,1003 -30,1752 -1,0402 48,3815 0,8760 23,0000 
31,900 10706,3906 1151,0252 82,8801 251,1287 -30,2711 -1,0417 48,3171 0,8767 23,0000 
31,950 10717,2265 1144,6862 83,0773 251,1576 -30,3670 -1,0432 48,2529 0,8774 23,0000 
32,000 10728,0531 1138,3283 83,2746 251,1869 -30,4627 -1,0447 48,1891 0,8782 23,0000 
32,050 10738,8704 1131,9516 83,4720 251,2168 -30,5584 -1,0462 48,1257 0,8789 23,0000 
32,100 10749,6782 1125,5561 83,6695 251,2472 -30,6539 -1,0477 48,0625 0,8796 23,0000 
32,150 10760,4768 1119,1417 83,8671 251,2780 -30,7494 -1,0492 47,9997 0,8803 23,0000 
32,200 10771,2660 1112,7086 84,0648 251,3094 -30,8447 -1,0507 47,9373 0,8810 23,0000 
32,250 10782,0458 1106,2568 84,2627 251,3412 -30,9399 -1,0522 47,8751 0,8817 23,0000 
32,300 10792,8163 1099,7862 84,4606 251,3735 -31,0350 -1,0537 47,8133 0,8824 23,0000 
32,350 10803,5775 1093,2969 84,6587 251,4063 -31,1300 -1,0551 47,7518 0,8832 23,0000 
32,400 10814,3292 1086,7890 84,8568 251,4395 -31,2249 -1,0566 47,6907 0,8839 23,0000 
32,450 10825,0717 1080,2624 85,0551 251,4732 -31,3197 -1,0581 47,6298 0,8846 23,0000 
32,500 10835,8048 1073,7171 85,2535 251,5074 -31,4144 -1,0596 47,5693 0,8853 23,0000 
32,550 10846,5286 1067,1532 85,4520 251,5420 -31,5089 -1,0611 47,5092 0,8861 23,0000 
32,600 10857,2430 1060,5707 85,6506 251,5771 -31,6034 -1,0626 47,4493 0,8868 23,0000 
32,650 10867,9480 1053,9697 85,8493 251,6127 -31,6977 -1,0641 47,3898 0,8875 23,0000 
32,700 10878,6438 1047,3501 86,0481 251,6487 -31,7919 -1,0656 47,3306 0,8883 23,0000 
32,750 10889,3301 1040,7119 86,2470 251,6851 -31,8861 -1,0671 47,2717 0,8890 23,0000 
32,800 10900,0071 1034,0552 86,4460 251,7220 -31,9801 -1,0685 47,2132 0,8898 23,0000 
32,850 10910,6748 1027,3801 86,6451 251,7594 -32,0740 -1,0700 47,1549 0,8905 23,0000 
32,900 10921,3331 1020,6865 86,8443 251,7971 -32,1678 -1,0715 47,0970 0,8913 23,0000 
32,950 10931,9821 1013,9744 87,0436 251,8354 -32,2614 -1,0730 47,0394 0,8920 23,0000 
33,000 10942,6218 1007,2439 87,2430 251,8740 -32,3550 -1,0745 46,9821 0,8928 23,0000 
33,050 10953,2520 1000,4950 87,4425 251,9131 -32,4485 -1,0760 46,9252 0,8935 23,0000 
33,100 10963,8730 993,7278 87,6422 251,9526 -32,5418 -1,0775 46,8686 0,8943 23,0000 
33,150 10974,4846 986,9422 87,8419 251,9926 -32,6350 -1,0790 46,8122 0,8951 23,0000 
33,200 10985,0868 980,1382 88,0417 252,0329 -32,7281 -1,0804 46,7562 0,8958 23,0000 
33,250 10995,6797 973,3159 88,2416 252,0737 -32,8211 -1,0819 46,7006 0,8966 23,0000 
33,300 11006,2632 966,4753 88,4416 252,1149 -32,9140 -1,0834 46,6452 0,8974 23,0000 
33,350 11016,8374 959,6165 88,6417 252,1565 -33,0068 -1,0849 46,5901 0,8981 23,0000 
33,400 11027,4022 952,7394 88,8419 252,1985 -33,0995 -1,0864 46,5354 0,8989 23,0000 
33,450 11037,9577 945,8441 89,0422 252,2410 -33,1920 -1,0879 46,4810 0,8997 23,0000 
33,500 11048,5038 938,9306 89,2426 252,2838 -33,2844 -1,0893 46,4269 0,9005 23,0000 
33,550 11059,0406 931,9989 89,4431 252,3270 -33,3768 -1,0908 46,3731 0,9013 23,0000 
33,600 11069,5680 925,0490 89,6437 252,3707 -33,4690 -1,0923 46,3196 0,9020 23,0000 
33,650 11080,0861 918,0810 89,8444 252,4147 -33,5610 -1,0938 46,2664 0,9028 23,0000 
33,700 11090,5948 911,0949 90,0452 252,4591 -33,6530 -1,0953 46,2135 0,9036 23,0000 
33,750 11101,0942 904,0907 90,2460 252,5039 -33,7449 -1,0968 46,1610 0,9044 23,0000 
33,800 11111,5842 897,0684 90,4470 252,5491 -33,8366 -1,0982 46,1087 0,9052 23,0000 
33,850 11122,0648 890,0281 90,6480 252,5947 -33,9282 -1,0997 46,0568 0,9060 23,0000 
33,900 11132,5361 882,9698 90,8492 252,6406 -34,0197 -1,1012 46,0052 0,9068 23,0000 
33,950 11142,9981 875,8934 91,0504 252,6870 -34,1111 -1,1027 45,9539 0,9076 23,0000 
34,000 11153,4506 868,7991 91,2517 252,7337 -34,2024 -1,1041 45,9028 0,9084 23,0000 
34,050 11163,8939 861,6868 91,4531 252,7807 -34,2936 -1,1056 45,8521 0,9092 23,0000 
34,100 11174,3277 854,5566 91,6546 252,8282 -34,3846 -1,1071 45,8017 0,9101 23,0000 
34,150 11184,7522 847,4085 91,8562 252,8760 -34,4755 -1,1086 45,7516 0,9109 23,0000 
34,200 11195,1673 840,2425 92,0579 252,9242 -34,5663 -1,1101 45,7019 0,9117 23,0000 
34,250 11205,5731 833,0586 92,2597 252,9727 -34,6570 -1,1115 45,6524 0,9125 23,0000 
34,300 11215,9695 825,8568 92,4615 253,0216 -34,7476 -1,1130 45,6032 0,9133 23,0000 
34,350 11226,3565 818,6373 92,6634 253,0708 -34,8381 -1,1145 45,5543 0,9142 23,0000 
34,400 11236,7342 811,4000 92,8655 253,1204 -34,9284 -1,1159 45,5057 0,9150 23,0000 
34,450 11247,1025 804,1448 93,0676 253,1703 -35,0186 -1,1174 45,4574 0,9158 23,0000 
34,500 11257,4614 796,8720 93,2697 253,2206 -35,1087 -1,1189 45,4095 0,9167 23,0000 
34,550 11267,8110 789,5814 93,4720 253,2712 -35,1987 -1,1204 45,3618 0,9175 23,0000 
34,600 11278,1511 782,2731 93,6744 253,3222 -35,2886 -1,1218 45,3144 0,9183 23,0000 
34,650 11288,4820 774,9471 93,8768 253,3735 -35,3783 -1,1233 45,2673 0,9192 23,0000 
34,700 11298,8034 767,6035 94,0793 253,4251 -35,4679 -1,1248 45,2205 0,9200 23,0000 
34,750 11309,1155 760,2422 94,2819 253,4770 -35,5574 -1,1262 45,1741 0,9209 23,0000 
34,800 11319,4181 752,8633 94,4846 253,5293 -35,6468 -1,1277 45,1279 0,9217 23,0000 
34,850 11329,7114 745,4668 94,6873 253,5819 -35,7361 -1,1291 45,0820 0,9226 23,0000 
34,900 11339,9954 738,0528 94,8901 253,6348 -35,8253 -1,1306 45,0364 0,9234 23,0000 
34,950 11350,2699 730,6212 95,0930 253,6881 -35,9143 -1,1321 44,9911 0,9243 23,0000 
35,000 11360,5351 723,1721 95,2960 253,7416 -36,0032 -1,1335 44,9461 0,9251 23,0000 
35,050 11370,7909 715,7055 95,4991 253,7955 -36,0920 -1,1350 44,9014 0,9260 23,0000 
35,100 11381,0373 708,2214 95,7022 253,8496 -36,1807 -1,1364 44,8569 0,9269 23,0000 
35,150 11391,2743 700,7199 95,9054 253,9041 -36,2692 -1,1379 44,8128 0,9277 23,0000 
35,200 11401,5019 693,2010 96,1087 253,9589 -36,3577 -1,1394 44,7690 0,9286 23,0000 
35,250 11411,7201 685,6646 96,3120 254,0139 -36,4460 -1,1408 44,7254 0,9295 23,0000 
35,300 11421,9290 678,1109 96,5155 254,0693 -36,5342 -1,1423 44,6822 0,9304 23,0000 
35,350 11432,1284 670,5399 96,7190 254,1249 -36,6223 -1,1437 44,6392 0,9313 23,0000 
35,400 11442,3185 662,9514 96,9225 254,1809 -36,7102 -1,1452 44,5965 0,9321 23,0000 
35,450 11452,4991 655,3457 97,1262 254,2371 -36,7980 -1,1466 44,5542 0,9330 23,0000 
35,500 11462,6704 647,7227 97,3299 254,2936 -36,8858 -1,1481 44,5121 0,9339 23,0000 
35,550 11472,8322 640,0825 97,5336 254,3504 -36,9734 -1,1495 44,4703 0,9348 23,0000 
35,600 11482,9847 632,4250 97,7375 254,4075 -37,0608 -1,1509 44,4287 0,9357 23,0000 
35,650 11493,1277 624,7503 97,9414 254,4648 -37,1482 -1,1524 44,3875 0,9366 23,0000 
35,700 11503,2614 617,0584 98,1454 254,5225 -37,2354 -1,1538 44,3465 0,9375 23,0000 
35,750 11513,3856 609,3494 98,3494 254,5804 -37,3225 -1,1553 44,3059 0,9384 23,0000 
35,800 11523,5005 601,6232 98,5535 254,6385 -37,4095 -1,1567 44,2655 0,9393 23,0000 
35,850 11533,6059 593,8799 98,7577 254,6969 -37,4964 -1,1581 44,2254 0,9402 23,0000 
35,900 11543,7019 586,1195 98,9619 254,7556 -37,5831 -1,1596 44,1856 0,9411 23,0000 
35,950 11553,7885 578,3421 99,1662 254,8145 -37,6698 -1,1610 44,1461 0,9420 23,0000 
36,000 11563,8657 570,5476 99,3705 254,8737 -37,7563 -1,1624 44,1068 0,9429 23,0000 
36,050 11573,9334 562,7361 99,5749 254,9331 -37,8427 -1,1639 44,0679 0,9439 23,0000 
36,100 11583,9918 554,9076 99,7794 254,9928 -37,9289 -1,1653 44,0292 0,9448 23,0000 
36,150 11594,0407 547,0621 99,9839 255,0528 -38,0151 -1,1667 43,9908 0,9457 23,0000 
36,200 11604,0802 539,1997 100,1885 255,1129 -38,1011 -1,1681 43,9527 0,9466 23,0000 
36,250 11614,1103 531,3203 100,3932 255,1733 -38,1870 -1,1696 43,9148 0,9476 23,0000 
36,300 11624,1309 523,4241 100,5979 255,2340 -38,2728 -1,1710 43,8772 0,9485 23,0000 
36,350 11634,1421 515,5110 100,8026 255,2948 -38,3584 -1,1724 43,8400 0,9494 23,0000 
36,400 11644,1439 507,5811 101,0074 255,3559 -38,4440 -1,1738 43,8030 0,9504 23,0000 
36,450 11654,1362 499,6343 101,2123 255,4173 -38,5294 -1,1752 43,7662 0,9513 23,0000 
36,500 11664,1191 491,6707 101,4172 255,4788 -38,6147 -1,1766 43,7298 0,9522 23,0000 
36,550 11674,0926 483,6904 101,6222 255,5406 -38,6999 -1,1780 43,6936 0,9532 23,0000 
36,600 11684,0566 475,6933 101,8272 255,6026 -38,7849 -1,1794 43,6577 0,9541 23,0000 
36,650 11694,0112 467,6795 102,0323 255,6648 -38,8698 -1,1808 43,6221 0,9551 23,0000 
36,700 11703,9563 459,6490 102,2374 255,7272 -38,9546 -1,1822 43,5867 0,9560 23,0000 
36,750 11713,8920 451,6018 102,4425 255,7898 -39,0393 -1,1836 43,5516 0,9570 23,0000 
36,800 11723,8182 443,5380 102,6477 255,8527 -39,1239 -1,1850 43,5168 0,9579 23,0000 
36,850 11733,7350 435,4575 102,8530 255,9157 -39,2083 -1,1864 43,4823 0,9589 23,0000 
36,900 11743,6423 427,3605 103,0583 255,9789 -39,2927 -1,1878 43,4480 0,9599 23,0000 
36,950 11753,5401 419,2468 103,2636 256,0424 -39,3769 -1,1892 43,4141 0,9608 23,0000 
37,000 11763,4285 411,1167 103,4690 256,1060 -39,4610 -1,1905 43,3803 0,9618 23,0000 
37,050 11773,3074 402,9700 103,6744 256,1698 -39,5449 -1,1919 43,3469 0,9628 23,0000 
37,100 11783,1769 394,8068 103,8799 256,2338 -39,6288 -1,1933 43,3137 0,9638 23,0000 
37,150 11793,0369 386,6271 104,0854 256,2980 -39,7125 -1,1947 43,2808 0,9647 23,0000 
37,200 11802,8874 378,4310 104,2909 256,3623 -39,7961 -1,1960 43,2482 0,9657 23,0000 
37,250 11812,7285 370,2185 104,4965 256,4269 -39,8795 -1,1974 43,2158 0,9667 23,0000 
37,300 11822,5600 361,9895 104,7021 256,4916 -39,9629 -1,1987 43,1837 0,9677 23,0000 
37,350 11832,3821 353,7442 104,9077 256,5565 -40,0461 -1,2001 43,1519 0,9687 23,0000 
37,400 11842,1947 345,4826 105,1134 256,6215 -40,1292 -1,2014 43,1204 0,9697 23,0000 
37,450 11851,9978 337,2046 105,3191 256,6868 -40,2122 -1,2028 43,0891 0,9707 23,0000 
37,500 11861,7914 328,9104 105,5249 256,7521 -40,2951 -1,2041 43,0580 0,9717 23,0000 
37,550 11871,5756 320,5999 105,7306 256,8177 -40,3779 -1,2055 43,0273 0,9727 23,0000 
37,600 11881,3502 312,2731 105,9364 256,8834 -40,4605 -1,2068 42,9968 0,9737 23,0000 
37,650 11891,1153 303,9301 106,1423 256,9492 -40,5430 -1,2081 42,9666 0,9747 23,0000 
37,700 11900,8710 295,5709 106,3481 257,0152 -40,6254 -1,2094 42,9366 0,9757 23,0000 
37,750 11910,6171 287,1956 106,5540 257,0814 -40,7077 -1,2108 42,9069 0,9767 23,0000 
37,800 11920,3537 278,8041 106,7599 257,1476 -40,7898 -1,2121 42,8775 0,9777 23,0000 
37,850 11930,0808 270,3965 106,9658 257,2141 -40,8718 -1,2134 42,8483 0,9787 23,0000 
37,900 11939,7984 261,9728 107,1717 257,2806 -40,9537 -1,2147 42,8194 0,9797 23,0000 
37,950 11949,5065 253,5331 107,3777 257,3473 -41,0355 -1,2160 42,7908 0,9808 23,0000 
38,000 11959,2051 245,0773 107,5836 257,4141 -41,1172 -1,2173 42,7624 0,9818 23,0000 
38,050 11968,8941 236,6055 107,7896 257,4811 -41,1987 -1,2185 42,7343 0,9828 23,0000 
38,100 11978,5736 228,1177 107,9956 257,5481 -41,2802 -1,2198 42,7065 0,9839 23,0000 
38,150 11988,2436 219,6140 108,2016 257,6153 -41,3615 -1,2211 42,6789 0,9849 23,0000 
38,200 11997,9040 211,0943 108,4077 257,6826 -41,4427 -1,2224 42,6516 0,9859 23,0000 
38,250 12007,5549 202,5587 108,6137 257,7500 -41,5237 -1,2236 42,6246 0,9870 23,0000 
38,300 12017,1962 194,0073 108,8197 257,8175 -41,6047 -1,2249 42,5978 0,9880 23,0000 
38,350 12026,8280 185,4400 109,0258 257,8851 -41,6855 -1,2261 42,5713 0,9891 23,0000 
38,400 12036,4503 176,8569 109,2318 257,9529 -41,7662 -1,2273 42,5450 0,9901 23,0000 
38,450 12046,0630 168,2579 109,4379 258,0207 -41,8468 -1,2286 42,5190 0,9912 23,0000 
38,500 12055,6661 159,6432 109,6439 258,0886 -41,9273 -1,2298 42,4933 0,9922 23,0000 
38,550 12065,2597 151,0128 109,8499 258,1565 -42,0077 -1,2310 42,4678 0,9933 23,0000 
38,600 12074,8437 142,3666 110,0560 258,2246 -42,0879 -1,2322 42,4427 0,9943 23,0000 
38,650 12084,4181 133,7048 110,2620 258,2927 -42,1681 -1,2333 42,4177 0,9954 23,0000 
38,700 12093,9830 125,0272 110,4680 258,3610 -42,2481 -1,2345 42,3931 0,9965 23,0000 
38,750 12103,5382 116,3341 110,6741 258,4292 -42,3280 -1,2357 42,3687 0,9975 23,0000 
38,800 12113,0839 107,6253 110,8800 258,4976 -42,4077 -1,2368 42,3446 0,9986 23,0000 
38,850 12122,6200 98,9010 111,0860 258,5660 -42,4874 -1,2380 42,3208 0,9997 23,0000 
38,900 12132,1465 90,1611 111,2920 258,6344 -42,5670 -1,2391 42,2973 1,0007 23,0000 
38,950 12141,6634 81,4056 111,4979 258,7029 -42,6464 -1,2402 42,2740 1,0018 23,0000 
39,000 12151,1706 72,6347 111,7038 258,7714 -42,7257 -1,2413 42,2510 1,0029 23,0000 
39,050 12160,6683 63,8483 111,9097 258,8399 -42,8049 -1,2424 42,2283 1,0040 23,0000 
39,100 12170,1563 55,0464 112,1156 258,9084 -42,8841 -1,2434 42,2059 1,0051 23,0000 
39,150 12179,6347 46,2291 112,3214 258,9770 -42,9630 -1,2444 42,1838 1,0062 23,0000 
39,200 12189,1035 37,3964 112,5272 259,0455 -43,0419 -1,2454 42,1621 1,0073 23,0000 
39,250 12198,5626 28,5484 112,7329 259,1139 -43,1207 -1,2464 42,1406 1,0084 23,0000 
39,300 12208,0120 19,6850 112,9386 259,1823 -43,1994 -1,2474 42,1196 1,0095 23,0000 
39,350 12217,4518 10,8063 113,1442 259,2506 -43,2780 -1,2483 42,0989 1,0106 23,0000 
39,400 12226,8819 1,9124 113,3497 259,3186 -43,3565 -1,2491 42,0787 1,0117 23,0000 
39,4107 12228,9040 0,0000 113,3938 259,3330 -43,3734 -1,2492 42,0746 1,0119 23,0000 
