t(c) x(м) y(м) z(м) Vk(м/с) teta(град) psy(град) omega_x(рад/с) pi(y) m(кг) 
0,000 0,0000 0,0000 0,0000 836,2000 24,2000 0,0000 0,0000 1,0119 23,0000 
0,050 38,0198 17,0747 0,0002 830,9309 24,1696 -0,0005 8,5398 1,0098 23,0000 
0,100 75,8097 34,0221 0,0007 825,7259 24,1390 -0,0012 16,7179 1,0077 23,0000 
0,150 113,3724 50,8434 0,0018 820,5821 24,1081 -0,0020 24,5550 1,0056 23,0000 
0,200 150,7108 67,5400 0,0033 815,4978 24,0770 -0,0028 32,0666 1,0035 23,0000 
0,250 187,8273 84,1132 0,0054 810,4717 24,0457 -0,0037 39,2669 1,0015 23,0000 
0,300 224,7246 100,5642 0,0081 805,5026 24,0141 -0,0046 46,1691 0,9995 23,0000 
0,350 261,4052 116,8944 0,0114 800,5893 23,9823 -0,0056 52,7855 0,9975 23,0000 
0,400 297,8716 133,1050 0,0152 795,7308 23,9503 -0,0066 59,1281 0,9955 23,0000 
0,450 334,1261 149,1971 0,0197 790,9260 23,9181 -0,0076 65,2081 0,9935 23,0000 
0,500 370,1713 165,1719 0,0248 786,1739 23,8857 -0,0086 71,0362 0,9915 23,0000 
0,550 406,0093 181,0307 0,0305 781,4736 23,8530 -0,0097 76,6225 0,9896 23,0000 
0,600 441,6424 196,7745 0,0369 776,8241 23,8202 -0,0108 81,9768 0,9877 23,0000 
0,650 477,0730 212,4044 0,0440 772,2245 23,7871 -0,0120 87,1083 0,9858 23,0000 
0,700 512,3033 227,9217 0,0517 767,6739 23,7538 -0,0131 92,0260 0,9839 23,0000 
0,750 547,3353 243,3272 0,0601 763,1715 23,7203 -0,0143 96,7383 0,9820 23,0000 
0,800 582,1712 258,6222 0,0692 758,7165 23,6865 -0,0155 101,2533 0,9802 23,0000 
0,850 616,8131 273,8077 0,0789 754,3079 23,6526 -0,0167 105,5787 0,9783 23,0000 
0,900 651,2631 288,8846 0,0893 749,9452 23,6184 -0,0180 109,7219 0,9765 23,0000 
0,950 685,5232 303,8541 0,1005 745,6274 23,5840 -0,0193 113,6901 0,9747 23,0000 
1,000 719,5954 318,7170 0,1123 741,3539 23,5494 -0,0205 117,4899 0,9729 23,0000 
1,050 753,4815 333,4744 0,1248 737,1238 23,5146 -0,0218 121,1280 0,9711 23,0000 
1,100 787,1837 348,1273 0,1381 732,9366 23,4796 -0,0232 124,6105 0,9694 23,0000 
1,150 820,7036 362,6765 0,1520 728,7915 23,4443 -0,0245 127,9433 0,9676 23,0000 
1,200 854,0432 377,1231 0,1667 724,6878 23,4088 -0,0259 131,1323 0,9659 23,0000 
1,250 887,2044 391,4679 0,1820 720,6250 23,3732 -0,0272 134,1828 0,9642 23,0000 
1,300 920,1889 405,7119 0,1981 716,6022 23,3373 -0,0286 137,1001 0,9625 23,0000 
1,350 952,9984 419,8559 0,2149 712,6190 23,3011 -0,0300 139,8893 0,9608 23,0000 
1,400 985,6348 433,9008 0,2324 708,6746 23,2648 -0,0315 142,5552 0,9591 23,0000 
1,450 1018,0997 447,8475 0,2507 704,7686 23,2282 -0,0329 145,1023 0,9574 23,0000 
1,500 1050,3949 461,6968 0,2696 700,9002 23,1914 -0,0343 147,5352 0,9558 23,0000 
1,550 1082,5219 475,4495 0,2893 697,0691 23,1545 -0,0358 149,8581 0,9542 23,0000 
1,600 1114,4825 489,1066 0,3097 693,2745 23,1172 -0,0373 152,0752 0,9525 23,0000 
1,650 1146,2782 502,6687 0,3308 689,5159 23,0798 -0,0388 154,1902 0,9509 23,0000 
1,700 1177,9107 516,1368 0,3526 685,7928 23,0421 -0,0403 156,2071 0,9493 23,0000 
1,750 1209,3815 529,5115 0,3751 682,1048 23,0043 -0,0418 158,1294 0,9478 23,0000 
1,800 1240,6921 542,7936 0,3984 678,4512 22,9662 -0,0433 159,9607 0,9462 23,0000 
1,850 1271,8440 555,9841 0,4224 674,8316 22,9279 -0,0449 161,7042 0,9446 23,0000 
1,900 1302,8388 569,0834 0,4471 671,2454 22,8893 -0,0464 163,3632 0,9431 23,0000 
1,950 1333,6780 582,0925 0,4725 667,6923 22,8506 -0,0480 164,9408 0,9416 23,0000 
2,000 1364,3629 595,0121 0,4986 664,1717 22,8116 -0,0496 166,4399 0,9401 23,0000 
2,050 1394,8951 607,8428 0,5255 660,6832 22,7724 -0,0512 167,8635 0,9386 23,0000 
2,100 1425,2758 620,5855 0,5530 657,2263 22,7329 -0,0528 169,2142 0,9371 23,0000 
2,150 1455,5066 633,2407 0,5813 653,8006 22,6933 -0,0544 170,4948 0,9356 23,0000 
2,200 1485,5888 645,8092 0,6103 650,4057 22,6534 -0,0560 171,7077 0,9341 23,0000 
2,250 1515,5238 658,2917 0,6400 647,0411 22,6133 -0,0577 172,8554 0,9327 23,0000 
2,300 1545,3128 670,6888 0,6705 643,7065 22,5730 -0,0593 173,9403 0,9312 23,0000 
2,350 1574,9572 683,0012 0,7016 640,4013 22,5325 -0,0610 174,9645 0,9298 23,0000 
2,400 1604,4583 695,2296 0,7334 637,1253 22,4917 -0,0627 175,9305 0,9284 23,0000 
2,450 1633,8174 707,3746 0,7660 633,8780 22,4507 -0,0644 176,8401 0,9270 23,0000 
2,500 1663,0357 719,4369 0,7993 630,6591 22,4095 -0,0661 177,6954 0,9256 23,0000 
2,550 1692,1145 731,4171 0,8332 627,4681 22,3680 -0,0678 178,4985 0,9242 23,0000 
2,600 1721,0551 743,3157 0,8679 624,3048 22,3264 -0,0695 179,2511 0,9228 23,0000 
2,650 1749,8585 755,1335 0,9032 621,1687 22,2845 -0,0712 179,9551 0,9215 23,0000 
2,700 1778,5261 766,8709 0,9393 618,0595 22,2423 -0,0729 180,6122 0,9201 23,0000 
2,750 1807,0590 778,5288 0,9761 614,9769 22,2000 -0,0747 181,2241 0,9188 23,0000 
2,800 1835,4584 790,1075 1,0135 611,9204 22,1574 -0,0764 181,7924 0,9174 23,0000 
2,850 1863,7254 801,6077 1,0517 608,8899 22,1146 -0,0782 182,3186 0,9161 23,0000 
2,900 1891,8612 813,0299 1,0905 605,8848 22,0716 -0,0800 182,8044 0,9148 23,0000 
2,950 1919,8669 824,3749 1,1300 602,9051 22,0283 -0,0818 183,2511 0,9135 23,0000 
3,000 1947,7435 835,6430 1,1703 599,9502 21,9848 -0,0836 183,6601 0,9122 23,0000 
3,050 1975,4922 846,8348 1,2112 597,0199 21,9411 -0,0854 184,0328 0,9109 23,0000 
3,100 2003,1141 857,9510 1,2528 594,1139 21,8971 -0,0872 184,3704 0,9097 23,0000 
3,150 2030,6103 868,9919 1,2950 591,2320 21,8529 -0,0890 184,6743 0,9084 23,0000 
3,200 2057,9817 879,9583 1,3380 588,3737 21,8085 -0,0908 184,9456 0,9072 23,0000 
3,250 2085,2294 890,8505 1,3816 585,5388 21,7639 -0,0927 185,1855 0,9059 23,0000 
3,300 2112,3545 901,6692 1,4259 582,7271 21,7190 -0,0945 185,3951 0,9047 23,0000 
3,350 2139,3579 912,4148 1,4709 579,9383 21,6739 -0,0964 185,5756 0,9035 23,0000 
3,400 2166,2408 923,0878 1,5165 577,1720 21,6285 -0,0982 185,7279 0,9023 23,0000 
3,450 2193,0039 933,6888 1,5628 574,4280 21,5829 -0,1001 185,8531 0,9011 23,0000 
3,500 2219,6484 944,2182 1,6098 571,7061 21,5371 -0,1020 185,9521 0,8999 23,0000 
3,550 2246,1752 954,6765 1,6575 569,0059 21,4911 -0,1039 186,0259 0,8987 23,0000 
3,600 2272,5853 965,0642 1,7058 566,3273 21,4448 -0,1057 186,0754 0,8975 23,0000 
3,650 2298,8795 975,3819 1,7547 563,6700 21,3983 -0,1076 186,1015 0,8964 23,0000 
3,700 2325,0589 985,6298 1,8044 561,0337 21,3515 -0,1096 186,1050 0,8952 23,0000 
3,750 2351,1243 995,8086 1,8546 558,4182 21,3045 -0,1115 186,0868 0,8941 23,0000 
3,800 2377,0767 1005,9187 1,9056 555,8233 21,2573 -0,1134 186,0476 0,8929 23,0000 
3,850 2402,9170 1015,9605 1,9571 553,2487 21,2098 -0,1153 185,9882 0,8918 23,0000 
3,900 2428,6459 1025,9346 2,0094 550,6941 21,1621 -0,1173 185,9094 0,8907 23,0000 
3,950 2454,2645 1035,8412 2,0622 548,1595 21,1142 -0,1192 185,8118 0,8896 23,0000 
4,000 2479,7736 1045,6810 2,1157 545,6444 21,0660 -0,1212 185,6961 0,8885 23,0000 
4,050 2505,1741 1055,4542 2,1699 543,1488 21,0176 -0,1231 185,5631 0,8874 23,0000 
4,100 2530,4667 1065,1614 2,2247 540,6724 20,9690 -0,1251 185,4133 0,8863 23,0000 
4,150 2555,6524 1074,8030 2,2801 538,2150 20,9201 -0,1271 185,2474 0,8852 23,0000 
4,200 2580,7320 1084,3793 2,3361 535,7763 20,8709 -0,1291 185,0659 0,8841 23,0000 
4,250 2605,7062 1093,8909 2,3928 533,3562 20,8216 -0,1310 184,8696 0,8831 23,0000 
4,300 2630,5759 1103,3381 2,4501 530,9545 20,7720 -0,1330 184,6588 0,8820 23,0000 
4,350 2655,3419 1112,7213 2,5081 528,5710 20,7221 -0,1350 184,4342 0,8810 23,0000 
4,400 2680,0050 1122,0410 2,5666 526,2050 20,6720 -0,1370 184,1962 0,8800 23,0000 
4,450 2704,5660 1131,2974 2,6258 523,8555 20,6217 -0,1391 183,9455 0,8789 23,0000 
4,500 2729,0255 1140,4910 2,6856 521,5242 20,5711 -0,1411 183,6824 0,8779 23,0000 
4,550 2753,3844 1149,6223 2,7460 519,2111 20,5203 -0,1431 183,4074 0,8769 23,0000 
4,600 2777,6434 1158,6915 2,8070 516,9158 20,4692 -0,1451 183,1211 0,8759 23,0000 
4,650 2801,8035 1167,6991 2,8687 514,6382 20,4179 -0,1472 182,8238 0,8749 23,0000 
4,700 2825,8652 1176,6455 2,9309 512,3780 20,3663 -0,1492 182,5160 0,8739 23,0000 
4,750 2849,8294 1185,5311 2,9938 510,1349 20,3145 -0,1513 182,1981 0,8729 23,0000 
4,800 2873,6969 1194,3562 3,0572 507,9088 20,2625 -0,1533 181,8705 0,8720 23,0000 
4,850 2897,4683 1203,1212 3,1213 505,6994 20,2102 -0,1554 181,5337 0,8710 23,0000 
4,900 2921,1444 1211,8264 3,1859 503,5066 20,1576 -0,1575 181,1878 0,8700 23,0000 
4,950 2944,7260 1220,4723 3,2511 501,3302 20,1048 -0,1596 180,8335 0,8691 23,0000 
5,000 2968,2137 1229,0592 3,3170 499,1700 20,0518 -0,1616 180,4709 0,8681 23,0000 
5,050 2991,6082 1237,5875 3,3834 497,0259 19,9985 -0,1637 180,1004 0,8672 23,0000 
5,100 3014,9102 1246,0574 3,4504 494,8975 19,9450 -0,1658 179,7224 0,8663 23,0000 
5,150 3038,1205 1254,4694 3,5180 492,7849 19,8912 -0,1679 179,3372 0,8654 23,0000 
5,200 3061,2397 1262,8239 3,5862 490,6878 19,8372 -0,1700 178,9451 0,8644 23,0000 
5,250 3084,2684 1271,1210 3,6550 488,6061 19,7829 -0,1721 178,5463 0,8635 23,0000 
5,300 3107,2075 1279,3612 3,7243 486,5396 19,7284 -0,1743 178,1412 0,8626 23,0000 
5,350 3130,0574 1287,5448 3,7942 484,4882 19,6736 -0,1764 177,7301 0,8617 23,0000 
5,400 3152,8189 1295,6722 3,8647 482,4518 19,6186 -0,1785 177,3131 0,8609 23,0000 
5,450 3175,4926 1303,7436 3,9358 480,4302 19,5633 -0,1806 176,8907 0,8600 23,0000 
5,500 3198,0792 1311,7594 4,0074 478,4232 19,5078 -0,1828 176,4630 0,8591 23,0000 
5,550 3220,5793 1319,7200 4,0796 476,4308 19,4520 -0,1849 176,0302 0,8582 23,0000 
5,600 3242,9935 1327,6255 4,1524 474,4528 19,3960 -0,1871 175,5927 0,8574 23,0000 
5,650 3265,3225 1335,4764 4,2257 472,4891 19,3397 -0,1892 175,1505 0,8565 23,0000 
5,700 3287,5669 1343,2730 4,2996 470,5396 19,2832 -0,1914 174,7041 0,8557 23,0000 
5,750 3309,7272 1351,0155 4,3740 468,6042 19,2264 -0,1936 174,2535 0,8548 23,0000 
5,800 3331,8042 1358,7043 4,4490 466,6827 19,1694 -0,1957 173,7990 0,8540 23,0000 
5,850 3353,7984 1366,3397 4,5246 464,7750 19,1121 -0,1979 173,3408 0,8532 23,0000 
5,900 3375,7104 1373,9219 4,6007 462,8811 19,0545 -0,2001 172,8790 0,8524 23,0000 
5,950 3397,5408 1381,4514 4,6773 461,0008 18,9967 -0,2023 172,4139 0,8516 23,0000 
6,000 3419,2902 1388,9283 4,7545 459,1339 18,9387 -0,2045 171,9457 0,8507 23,0000 
6,050 3440,9592 1396,3529 4,8323 457,2805 18,8804 -0,2067 171,4744 0,8499 23,0000 
6,100 3462,5483 1403,7256 4,9106 455,4404 18,8218 -0,2089 171,0004 0,8491 23,0000 
6,150 3484,0582 1411,0467 4,9894 453,6135 18,7630 -0,2111 170,5237 0,8484 23,0000 
6,200 3505,4895 1418,3164 5,0688 451,7997 18,7039 -0,2133 170,0445 0,8476 23,0000 
6,250 3526,8426 1425,5350 5,1486 449,9989 18,6445 -0,2155 169,5630 0,8468 23,0000 
6,300 3548,1181 1432,7028 5,2291 448,2110 18,5850 -0,2177 169,0793 0,8460 23,0000 
6,350 3569,3167 1439,8200 5,3100 446,4360 18,5251 -0,2199 168,5935 0,8453 23,0000 
6,400 3590,4388 1446,8870 5,3915 444,6736 18,4650 -0,2222 168,1058 0,8445 23,0000 
6,450 3611,4850 1453,9040 5,4735 442,9239 18,4046 -0,2244 167,6164 0,8438 23,0000 
6,500 3632,4559 1460,8714 5,5561 441,1868 18,3440 -0,2266 167,1253 0,8430 23,0000 
6,550 3653,3520 1467,7892 5,6391 439,4620 18,2831 -0,2289 166,6328 0,8423 23,0000 
6,600 3674,1739 1474,6579 5,7227 437,7497 18,2220 -0,2311 166,1388 0,8415 23,0000 
6,650 3694,9220 1481,4777 5,8068 436,0496 18,1606 -0,2334 165,6436 0,8408 23,0000 
6,700 3715,5969 1488,2488 5,8914 434,3617 18,0989 -0,2356 165,1472 0,8401 23,0000 
6,750 3736,1992 1494,9716 5,9765 432,6859 18,0370 -0,2379 164,6497 0,8394 23,0000 
6,800 3756,7293 1501,6462 6,0622 431,0222 17,9748 -0,2401 164,1513 0,8386 23,0000 
6,850 3777,1878 1508,2730 6,1483 429,3703 17,9124 -0,2424 163,6521 0,8379 23,0000 
6,900 3797,5753 1514,8521 6,2350 427,7303 17,8497 -0,2447 163,1522 0,8372 23,0000 
6,950 3817,8921 1521,3839 6,3222 426,1021 17,7867 -0,2469 162,6516 0,8365 23,0000 
7,000 3838,1388 1527,8685 6,4098 424,4856 17,7235 -0,2492 162,1504 0,8359 23,0000 
7,050 3858,3160 1534,3063 6,4980 422,8806 17,6600 -0,2515 161,6488 0,8352 23,0000 
7,100 3878,4241 1540,6974 6,5867 421,2872 17,5962 -0,2538 161,1469 0,8345 23,0000 
7,150 3898,4636 1547,0422 6,6758 419,7053 17,5322 -0,2561 160,6446 0,8338 23,0000 
7,200 3918,4350 1553,3408 6,7655 418,1347 17,4679 -0,2584 160,1422 0,8331 23,0000 
7,250 3938,3389 1559,5935 6,8556 416,5753 17,4034 -0,2607 159,6396 0,8325 23,0000 
7,300 3958,1756 1565,8005 6,9463 415,0272 17,3386 -0,2630 159,1370 0,8318 23,0000 
7,350 3977,9457 1571,9621 7,0374 413,4902 17,2736 -0,2653 158,6344 0,8312 23,0000 
7,400 3997,6497 1578,0785 7,1290 411,9643 17,2082 -0,2676 158,1319 0,8305 23,0000 
7,450 4017,2880 1584,1500 7,2212 410,4493 17,1426 -0,2699 157,6295 0,8299 23,0000 
7,500 4036,8611 1590,1767 7,3138 408,9453 17,0768 -0,2722 157,1274 0,8292 23,0000 
7,550 4056,3696 1596,1589 7,4068 407,4520 17,0107 -0,2745 156,6256 0,8286 23,0000 
7,600 4075,8137 1602,0968 7,5004 405,9695 16,9443 -0,2769 156,1242 0,8280 23,0000 
7,650 4095,1941 1607,9906 7,5944 404,4977 16,8777 -0,2792 155,6231 0,8274 23,0000 
7,700 4114,5111 1613,8406 7,6890 403,0365 16,8108 -0,2815 155,1226 0,8267 23,0000 
7,750 4133,7653 1619,6470 7,7840 401,5858 16,7436 -0,2839 154,6225 0,8261 23,0000 
7,800 4152,9570 1625,4099 7,8794 400,1455 16,6762 -0,2862 154,1231 0,8255 23,0000 
7,850 4172,0868 1631,1297 7,9754 398,7156 16,6085 -0,2885 153,6243 0,8249 23,0000 
7,900 4191,1550 1636,8065 8,0718 397,2960 16,5405 -0,2909 153,1261 0,8243 23,0000 
7,950 4210,1622 1642,4405 8,1687 395,8867 16,4723 -0,2932 152,6287 0,8237 23,0000 
8,000 4229,1087 1648,0320 8,2660 394,4875 16,4038 -0,2955 152,1321 0,8231 23,0000 
8,050 4247,9950 1653,5811 8,3638 393,0983 16,3351 -0,2979 151,6363 0,8226 23,0000 
8,100 4266,8216 1659,0881 8,4621 391,7192 16,2660 -0,3002 151,1414 0,8220 23,0000 
8,150 4285,5888 1664,5531 8,5608 390,3500 16,1968 -0,3025 150,6473 0,8214 23,0000 
8,200 4304,2971 1669,9765 8,6600 388,9907 16,1272 -0,3049 150,1542 0,8208 23,0000 
8,250 4322,9469 1675,3583 8,7596 387,6417 16,0574 -0,3072 149,6621 0,8203 23,0000 
8,300 4341,5387 1680,6987 8,8597 386,3032 15,9873 -0,3096 149,1711 0,8197 23,0000 
8,350 4360,0729 1685,9981 8,9602 384,9750 15,9170 -0,3119 148,6810 0,8192 23,0000 
8,400 4378,5500 1691,2565 9,0611 383,6570 15,8464 -0,3142 148,1921 0,8186 23,0000 
8,450 4396,9704 1696,4743 9,1626 382,3492 15,7756 -0,3166 147,7043 0,8181 23,0000 
8,500 4415,3346 1701,6515 9,2644 381,0512 15,7044 -0,3189 147,2177 0,8175 23,0000 
8,550 4433,6429 1706,7884 9,3667 379,7631 15,6330 -0,3213 146,7322 0,8170 23,0000 
8,600 4451,8958 1711,8853 9,4694 378,4848 15,5614 -0,3236 146,2480 0,8165 23,0000 
8,650 4470,0937 1716,9421 9,5725 377,2161 15,4895 -0,3259 145,7650 0,8159 23,0000 
8,700 4488,2371 1721,9593 9,6761 375,9571 15,4173 -0,3283 145,2833 0,8154 23,0000 
8,750 4506,3263 1726,9369 9,7801 374,7077 15,3449 -0,3306 144,8029 0,8149 23,0000 
8,800 4524,3618 1731,8752 9,8846 373,4677 15,2722 -0,3329 144,3238 0,8144 23,0000 
8,850 4542,3439 1736,7743 9,9894 372,2374 15,1992 -0,3352 143,8461 0,8139 23,0000 
8,900 4560,2732 1741,6344 10,0947 371,0164 15,1260 -0,3375 143,3697 0,8134 23,0000 
8,950 4578,1499 1746,4557 10,2003 369,8050 15,0525 -0,3398 142,8948 0,8129 23,0000 
9,000 4595,9745 1751,2385 10,3064 368,6031 14,9787 -0,3421 142,4212 0,8124 23,0000 
9,050 4613,7475 1755,9827 10,4129 367,4106 14,9047 -0,3444 141,9491 0,8119 23,0000 
9,100 4631,4692 1760,6888 10,5198 366,2276 14,8305 -0,3467 141,4784 0,8114 23,0000 
9,150 4649,1400 1765,3568 10,6271 365,0542 14,7559 -0,3490 141,0093 0,8109 23,0000 
9,200 4666,7603 1769,9869 10,7348 363,8902 14,6812 -0,3513 140,5416 0,8104 23,0000 
9,250 4684,3306 1774,5792 10,8428 362,7359 14,6061 -0,3536 140,0754 0,8099 23,0000 
9,300 4701,8513 1779,1341 10,9513 361,5911 14,5308 -0,3558 139,6108 0,8095 23,0000 
9,350 4719,3228 1783,6516 11,0602 360,4559 14,4552 -0,3581 139,1476 0,8090 23,0000 
9,400 4736,7455 1788,1320 11,1694 359,3303 14,3794 -0,3603 138,6861 0,8085 23,0000 
9,450 4754,1198 1792,5754 11,2790 358,2144 14,3034 -0,3625 138,2261 0,8081 23,0000 
9,500 4771,4462 1796,9820 11,3890 357,1083 14,2270 -0,3648 137,7677 0,8076 23,0000 
9,550 4788,7251 1801,3519 11,4993 356,0119 14,1504 -0,3670 137,3109 0,8072 23,0000 
9,600 4805,9568 1805,6854 11,6100 354,9253 14,0736 -0,3692 136,8558 0,8067 23,0000 
9,650 4823,1419 1809,9826 11,7211 353,8486 13,9965 -0,3714 136,4022 0,8063 23,0000 
9,700 4840,2808 1814,2437 11,8325 352,7817 13,9191 -0,3736 135,9503 0,8058 23,0000 
9,750 4857,3739 1818,4689 11,9443 351,7247 13,8415 -0,3757 135,5000 0,8054 23,0000 
9,800 4874,4216 1822,6583 12,0564 350,6777 13,7637 -0,3779 135,0514 0,8050 23,0000 
9,850 4891,4243 1826,8122 12,1688 349,6407 13,6856 -0,3800 134,6045 0,8045 23,0000 
9,900 4908,3826 1830,9307 12,2816 348,6138 13,6072 -0,3821 134,1592 0,8041 23,0000 
9,950 4925,2969 1835,0139 12,3947 347,5969 13,5286 -0,3843 133,7157 0,8037 23,0000 
10,000 4942,1675 1839,0621 12,5082 346,5901 13,4498 -0,3863 133,2738 0,8033 23,0000 
10,050 4958,9950 1843,0754 12,6220 345,5934 13,3707 -0,3884 132,8336 0,8029 23,0000 
10,100 4975,7797 1847,0540 12,7361 344,6069 13,2913 -0,3905 132,3952 0,8024 23,0000 
10,150 4992,5222 1850,9980 12,8505 343,6306 13,2117 -0,3925 131,9585 0,8020 23,0000 
10,200 5009,2229 1854,9077 12,9652 342,6646 13,1319 -0,3946 131,5235 0,8016 23,0000 
10,250 5025,8823 1858,7832 13,0802 341,7087 13,0518 -0,3966 131,0902 0,8012 23,0000 
10,300 5042,5007 1862,6246 13,1955 340,7632 12,9715 -0,3986 130,6587 0,8008 23,0000 
10,350 5059,0787 1866,4322 13,3111 339,8279 12,8909 -0,4006 130,2289 0,8004 23,0000 
10,400 5075,6167 1870,2061 13,4270 338,9029 12,8101 -0,4025 129,8009 0,8001 23,0000 
10,450 5092,1151 1873,9464 13,5432 337,9883 12,7290 -0,4045 129,3746 0,7997 23,0000 
10,500 5108,5744 1877,6534 13,6597 337,0839 12,6478 -0,4064 128,9502 0,7993 23,0000 
10,550 5124,9952 1881,3272 13,7765 336,1899 12,5662 -0,4083 128,5274 0,7989 23,0000 
10,600 5141,3777 1884,9679 13,8935 335,3062 12,4845 -0,4102 128,1065 0,7985 23,0000 
10,650 5157,7226 1888,5757 14,0108 334,4328 12,4025 -0,4121 127,6873 0,7982 23,0000 
10,700 5174,0302 1892,1508 14,1283 333,5698 12,3203 -0,4139 127,2699 0,7978 23,0000 
10,750 5190,3010 1895,6934 14,2461 332,7170 12,2378 -0,4157 126,8543 0,7974 23,0000 
10,800 5206,5354 1899,2035 14,3642 331,8746 12,1552 -0,4175 126,4405 0,7971 23,0000 
10,850 5222,7340 1902,6814 14,4825 331,0425 12,0723 -0,4193 126,0284 0,7967 23,0000 
10,900 5238,8972 1906,1271 14,6010 330,2207 11,9891 -0,4211 125,6182 0,7964 23,0000 
10,950 5255,0254 1909,5410 14,7198 329,4090 11,9058 -0,4229 125,2097 0,7960 23,0000 
11,000 5271,1191 1912,9230 14,8388 328,6067 11,8222 -0,4246 124,8030 0,7957 23,0000 
11,050 5287,1786 1916,2733 14,9581 327,8141 11,7384 -0,4264 124,3981 0,7953 23,0000 
11,100 5303,2045 1919,5922 15,0776 327,0315 11,6543 -0,4281 123,9950 0,7950 23,0000 
11,150 5319,1972 1922,8797 15,1973 326,2591 11,5701 -0,4298 123,5937 0,7947 23,0000 
11,200 5335,1571 1926,1359 15,3173 325,4972 11,4856 -0,4316 123,1942 0,7943 23,0000 
11,250 5351,0847 1929,3611 15,4375 324,7458 11,4009 -0,4333 122,7965 0,7940 23,0000 
11,300 5366,9805 1932,5553 15,5579 324,0050 11,3160 -0,4350 122,4006 0,7937 23,0000 
11,350 5382,8449 1935,7188 15,6786 323,2750 11,2309 -0,4367 122,0065 0,7934 23,0000 
11,400 5398,6785 1938,8516 15,7995 322,5557 11,1456 -0,4384 121,6141 0,7930 23,0000 
11,450 5414,4817 1941,9539 15,9207 321,8471 11,0600 -0,4401 121,2236 0,7927 23,0000 
11,500 5430,2551 1945,0258 16,0421 321,1493 10,9742 -0,4417 120,8348 0,7924 23,0000 
11,550 5445,9990 1948,0676 16,1637 320,4622 10,8883 -0,4434 120,4479 0,7921 23,0000 
11,600 5461,7140 1951,0792 16,2855 319,7856 10,8021 -0,4451 120,0627 0,7918 23,0000 
11,650 5477,4005 1954,0609 16,4076 319,1196 10,7157 -0,4467 119,6793 0,7915 23,0000 
11,700 5493,0590 1957,0129 16,5299 318,4640 10,6292 -0,4484 119,2977 0,7912 23,0000 
11,750 5508,6900 1959,9351 16,6525 317,8186 10,5424 -0,4500 118,9179 0,7909 23,0000 
11,800 5524,2940 1962,8278 16,7753 317,1834 10,4554 -0,4517 118,5399 0,7906 23,0000 
11,850 5539,8713 1965,6911 16,8983 316,5582 10,3683 -0,4533 118,1637 0,7903 23,0000 
11,900 5555,4225 1968,5251 17,0216 315,9428 10,2809 -0,4550 117,7893 0,7900 23,0000 
11,950 5570,9479 1971,3299 17,1451 315,3370 10,1934 -0,4566 117,4166 0,7897 23,0000 
12,000 5586,4480 1974,1057 17,2688 314,7408 10,1056 -0,4582 117,0457 0,7895 23,0000 
12,050 5601,9232 1976,8525 17,3928 314,1538 10,0177 -0,4598 116,6766 0,7892 23,0000 
12,100 5617,3740 1979,5705 17,5170 313,5759 9,9296 -0,4614 116,3092 0,7889 23,0000 
12,150 5632,8006 1982,2598 17,6415 313,0070 9,8413 -0,4630 115,9436 0,7886 23,0000 
12,200 5648,2036 1984,9204 17,7662 312,4468 9,7528 -0,4647 115,5798 0,7884 23,0000 
12,250 5663,5833 1987,5526 17,8911 311,8952 9,6642 -0,4663 115,2177 0,7881 23,0000 
12,300 5678,9400 1990,1564 18,0163 311,3519 9,5754 -0,4679 114,8574 0,7878 23,0000 
12,350 5694,2742 1992,7318 18,1417 310,8167 9,4864 -0,4694 114,4988 0,7876 23,0000 
12,400 5709,5861 1995,2791 18,2674 310,2895 9,3972 -0,4710 114,1420 0,7873 23,0000 
12,450 5724,8762 1997,7982 18,3933 309,7700 9,3079 -0,4726 113,7869 0,7870 23,0000 
12,500 5740,1448 2000,2893 18,5195 309,2580 9,2184 -0,4742 113,4335 0,7868 23,0000 
12,550 5755,3921 2002,7525 18,6459 308,7535 9,1287 -0,4758 113,0819 0,7865 23,0000 
12,600 5770,6185 2005,1878 18,7725 308,2561 9,0388 -0,4774 112,7319 0,7863 23,0000 
12,650 5785,8244 2007,5953 18,8994 307,7656 8,9488 -0,4789 112,3837 0,7861 23,0000 
12,700 5801,0099 2009,9752 19,0266 307,2820 8,8586 -0,4805 112,0372 0,7858 23,0000 
12,750 5816,1755 2012,3274 19,1539 306,8049 8,7683 -0,4821 111,6923 0,7856 23,0000 
12,800 5831,3213 2014,6521 19,2816 306,3342 8,6778 -0,4836 111,3492 0,7853 23,0000 
12,850 5846,4477 2016,9493 19,4095 305,8698 8,5872 -0,4852 111,0077 0,7851 23,0000 
12,900 5861,5548 2019,2192 19,5376 305,4114 8,4964 -0,4867 110,6680 0,7849 23,0000 
12,950 5876,6430 2021,4617 19,6660 304,9589 8,4054 -0,4883 110,3299 0,7847 23,0000 
13,000 5891,7126 2023,6770 19,7946 304,5121 8,3143 -0,4898 109,9934 0,7844 23,0000 
13,050 5906,7636 2025,8651 19,9235 304,0708 8,2230 -0,4914 109,6586 0,7842 23,0000 
13,100 5921,7964 2028,0260 20,0526 303,6349 8,1316 -0,4929 109,3255 0,7840 23,0000 
13,150 5936,8112 2030,1599 20,1820 303,2041 8,0400 -0,4945 108,9939 0,7838 23,0000 
13,200 5951,8082 2032,2668 20,3116 302,7784 7,9483 -0,4960 108,6641 0,7836 23,0000 
13,250 5966,7876 2034,3468 20,4415 302,3575 7,8565 -0,4975 108,3358 0,7834 23,0000 
13,300 5981,7495 2036,3998 20,5716 301,9414 7,7645 -0,4991 108,0091 0,7831 23,0000 
13,350 5996,6942 2038,4260 20,7020 301,5298 7,6723 -0,5006 107,6841 0,7829 23,0000 
13,400 6011,6219 2040,4255 20,8326 301,1229 7,5800 -0,5021 107,3606 0,7827 23,0000 
13,450 6026,5327 2042,3982 20,9635 300,7192 7,4876 -0,5036 107,0388 0,7825 23,0000 
13,500 6041,4268 2044,3442 21,0946 300,3185 7,3950 -0,5052 106,7185 0,7823 23,0000 
13,550 6056,3041 2046,2635 21,2260 299,9208 7,3023 -0,5067 106,3998 0,7822 23,0000 
13,600 6071,1649 2048,1563 21,3576 299,5260 7,2094 -0,5082 106,0826 0,7820 23,0000 
13,650 6086,0092 2050,0225 21,4895 299,1342 7,1164 -0,5097 105,7670 0,7818 23,0000 
13,700 6100,8372 2051,8622 21,6216 298,7452 7,0233 -0,5112 105,4529 0,7816 23,0000 
13,750 6115,6489 2053,6753 21,7539 298,3590 6,9300 -0,5127 105,1403 0,7814 23,0000 
13,800 6130,4444 2055,4621 21,8865 297,9755 6,8366 -0,5143 104,8293 0,7812 23,0000 
13,850 6145,2239 2057,2224 22,0194 297,5948 6,7430 -0,5158 104,5198 0,7810 23,0000 
13,900 6159,9873 2058,9563 22,1525 297,2168 6,6493 -0,5173 104,2118 0,7809 23,0000 
13,950 6174,7349 2060,6639 22,2858 296,8415 6,5555 -0,5188 103,9052 0,7807 23,0000 
14,000 6189,4667 2062,3453 22,4194 296,4688 6,4616 -0,5203 103,6002 0,7805 23,0000 
14,050 6204,1827 2064,0003 22,5532 296,0987 6,3675 -0,5218 103,2966 0,7804 23,0000 
14,100 6218,8832 2065,6292 22,6873 295,7312 6,2733 -0,5233 102,9945 0,7802 23,0000 
14,150 6233,5681 2067,2318 22,8216 295,3661 6,1789 -0,5248 102,6938 0,7800 23,0000 
14,200 6248,2375 2068,8083 22,9561 295,0036 6,0844 -0,5263 102,3946 0,7799 23,0000 
14,250 6262,8915 2070,3587 23,0909 294,6436 5,9898 -0,5277 102,0968 0,7797 23,0000 
14,300 6277,5302 2071,8830 23,2260 294,2860 5,8951 -0,5292 101,8005 0,7796 23,0000 
14,350 6292,1537 2073,3812 23,3612 293,9308 5,8002 -0,5307 101,5055 0,7794 23,0000 
14,400 6306,7621 2074,8534 23,4967 293,5779 5,7052 -0,5322 101,2120 0,7793 23,0000 
14,450 6321,3554 2076,2997 23,6325 293,2275 5,6101 -0,5337 100,9199 0,7791 23,0000 
14,500 6335,9336 2077,7200 23,7685 292,8793 5,5148 -0,5352 100,6291 0,7790 23,0000 
14,550 6350,4970 2079,1144 23,9047 292,5335 5,4194 -0,5367 100,3398 0,7788 23,0000 
14,600 6365,0455 2080,4829 24,0412 292,1899 5,3239 -0,5381 100,0518 0,7787 23,0000 
14,650 6379,5792 2081,8255 24,1779 291,8486 5,2283 -0,5396 99,7651 0,7786 23,0000 
14,700 6394,0981 2083,1423 24,3148 291,5095 5,1325 -0,5411 99,4799 0,7784 23,0000 
14,750 6408,6025 2084,4334 24,4520 291,1727 5,0367 -0,5426 99,1960 0,7783 23,0000 
14,800 6423,0922 2085,6986 24,5894 290,8379 4,9407 -0,5441 98,9134 0,7782 23,0000 
14,850 6437,5674 2086,9382 24,7270 290,5054 4,8445 -0,5455 98,6321 0,7781 23,0000 
14,900 6452,0282 2088,1520 24,8649 290,1750 4,7483 -0,5470 98,3522 0,7779 23,0000 
14,950 6466,4746 2089,3402 25,0030 289,8467 4,6519 -0,5485 98,0736 0,7778 23,0000 
15,000 6480,9066 2090,5027 25,1413 289,5205 4,5554 -0,5499 97,7963 0,7777 23,0000 
15,050 6495,3244 2091,6397 25,2799 289,1963 4,4588 -0,5514 97,5203 0,7776 23,0000 
15,100 6509,7279 2092,7510 25,4187 288,8742 4,3621 -0,5529 97,2456 0,7775 23,0000 
15,150 6524,1174 2093,8368 25,5577 288,5542 4,2652 -0,5543 96,9722 0,7774 23,0000 
15,200 6538,4927 2094,8971 25,6970 288,2361 4,1683 -0,5558 96,7000 0,7773 23,0000 
15,250 6552,8539 2095,9319 25,8365 287,9201 4,0712 -0,5573 96,4291 0,7772 23,0000 
15,300 6567,2012 2096,9412 25,9762 287,6060 3,9740 -0,5587 96,1595 0,7771 23,0000 
15,350 6581,5346 2097,9251 26,1162 287,2939 3,8767 -0,5602 95,8911 0,7770 23,0000 
15,400 6595,8541 2098,8836 26,2564 286,9837 3,7792 -0,5616 95,6240 0,7769 23,0000 
15,450 6610,1598 2099,8167 26,3968 286,6754 3,6817 -0,5631 95,3581 0,7768 23,0000 
15,500 6624,4517 2100,7245 26,5375 286,3691 3,5840 -0,5646 95,0934 0,7767 23,0000 
15,550 6638,7299 2101,6069 26,6783 286,0646 3,4863 -0,5660 94,8300 0,7766 23,0000 
15,600 6652,9944 2102,4640 26,8194 285,7620 3,3884 -0,5675 94,5677 0,7765 23,0000 
15,650 6667,2453 2103,2959 26,9608 285,4613 3,2904 -0,5689 94,3067 0,7764 23,0000 
15,700 6681,4827 2104,1025 27,1023 285,1624 3,1923 -0,5704 94,0469 0,7763 23,0000 
15,750 6695,7065 2104,8838 27,2441 284,8653 3,0941 -0,5718 93,7882 0,7763 23,0000 
15,800 6709,9169 2105,6400 27,3861 284,5701 2,9957 -0,5733 93,5308 0,7762 23,0000 
15,850 6724,1138 2106,3711 27,5283 284,2766 2,8973 -0,5747 93,2745 0,7761 23,0000 
15,900 6738,2974 2107,0769 27,6708 283,9849 2,7988 -0,5762 93,0194 0,7760 23,0000 
15,950 6752,4677 2107,7577 27,8135 283,6950 2,7001 -0,5776 92,7654 0,7760 23,0000 
16,000 6766,6246 2108,4134 27,9564 283,4069 2,6013 -0,5791 92,5126 0,7759 23,0000 
16,050 6780,7684 2109,0440 28,0995 283,1205 2,5025 -0,5805 92,2610 0,7758 23,0000 
16,100 6794,8989 2109,6496 28,2428 282,8358 2,4035 -0,5819 92,0105 0,7758 23,0000 
16,150 6809,0163 2110,2301 28,3864 282,5529 2,3044 -0,5834 91,7611 0,7757 23,0000 
16,200 6823,1205 2110,7857 28,5302 282,2717 2,2053 -0,5848 91,5128 0,7757 23,0000 
16,250 6837,2117 2111,3163 28,6742 281,9921 2,1060 -0,5863 91,2657 0,7756 23,0000 
16,300 6851,2899 2111,8220 28,8184 281,7143 2,0066 -0,5877 91,0197 0,7756 23,0000 
16,350 6865,3551 2112,3027 28,9629 281,4381 1,9071 -0,5892 90,7748 0,7755 23,0000 
16,400 6879,4073 2112,7586 29,1076 281,1636 1,8075 -0,5906 90,5310 0,7755 23,0000 
16,450 6893,4467 2113,1896 29,2525 280,8907 1,7078 -0,5920 90,2883 0,7754 23,0000 
16,500 6907,4731 2113,5957 29,3976 280,6194 1,6080 -0,5935 90,0466 0,7754 23,0000 
16,550 6921,4868 2113,9770 29,5429 280,3498 1,5081 -0,5949 89,8061 0,7753 23,0000 
16,600 6935,4876 2114,3336 29,6885 280,0818 1,4081 -0,5963 89,5666 0,7753 23,0000 
16,650 6949,4757 2114,6653 29,8342 279,8154 1,3081 -0,5978 89,3282 0,7753 23,0000 
16,700 6963,4511 2114,9723 29,9802 279,5507 1,2079 -0,5992 89,0909 0,7753 23,0000 
16,750 6977,4138 2115,2546 30,1264 279,2874 1,1076 -0,6006 88,8546 0,7752 23,0000 
16,800 6991,3638 2115,5122 30,2729 279,0258 1,0072 -0,6021 88,6194 0,7752 23,0000 
16,850 7005,3012 2115,7451 30,4195 278,7658 0,9067 -0,6035 88,3852 0,7752 23,0000 
16,900 7019,2261 2115,9533 30,5664 278,5073 0,8062 -0,6049 88,1521 0,7752 23,0000 
16,950 7033,1384 2116,1369 30,7134 278,2503 0,7055 -0,6064 87,9199 0,7751 23,0000 
17,000 7047,0382 2116,2959 30,8607 277,9949 0,6047 -0,6078 87,6888 0,7751 23,0000 
17,050 7060,9256 2116,4304 31,0082 277,7410 0,5039 -0,6092 87,4588 0,7751 23,0000 
17,100 7074,8005 2116,5402 31,1559 277,4887 0,4030 -0,6107 87,2297 0,7751 23,0000 
17,150 7088,6630 2116,6255 31,3038 277,2378 0,3019 -0,6121 87,0016 0,7751 23,0000 
17,200 7102,5131 2116,6863 31,4520 276,9885 0,2008 -0,6135 86,7746 0,7751 23,0000 
17,250 7116,3509 2116,7226 31,6003 276,7407 0,0996 -0,6149 86,5485 0,7751 23,0000 
17,300 7130,1763 2116,7344 31,7489 276,4943 -0,0017 -0,6164 86,3235 0,7751 23,0000 
17,350 7143,9895 2116,7218 31,8977 276,2495 -0,1031 -0,6178 86,0994 0,7751 23,0000 
17,400 7157,7905 2116,6847 32,0467 276,0061 -0,2046 -0,6192 85,8763 0,7751 23,0000 
17,450 7171,5792 2116,6232 32,1959 275,7641 -0,3061 -0,6207 85,6542 0,7751 23,0000 
17,500 7185,3557 2116,5374 32,3453 275,5237 -0,4078 -0,6221 85,4330 0,7751 23,0000 
17,550 7199,1201 2116,4271 32,4949 275,2847 -0,5095 -0,6235 85,2128 0,7751 23,0000 
17,600 7212,8724 2116,2926 32,6447 275,0471 -0,6114 -0,6249 84,9935 0,7751 23,0000 
17,650 7226,6125 2116,1337 32,7948 274,8110 -0,7133 -0,6263 84,7752 0,7751 23,0000 
17,700 7240,3406 2115,9505 32,9450 274,5763 -0,8153 -0,6278 84,5579 0,7752 23,0000 
17,750 7254,0566 2115,7430 33,0955 274,3430 -0,9173 -0,6292 84,3415 0,7752 23,0000 
17,800 7267,7606 2115,5113 33,2461 274,1112 -1,0195 -0,6306 84,1260 0,7752 23,0000 
17,850 7281,4526 2115,2553 33,3970 273,8807 -1,1217 -0,6320 83,9115 0,7752 23,0000 
17,900 7295,1327 2114,9751 33,5481 273,6517 -1,2240 -0,6335 83,6979 0,7752 23,0000 
17,950 7308,8008 2114,6707 33,6994 273,4241 -1,3264 -0,6349 83,4852 0,7753 23,0000 
18,000 7322,4570 2114,3422 33,8509 273,1978 -1,4289 -0,6363 83,2734 0,7753 23,0000 
18,050 7336,1014 2113,9895 34,0026 272,9730 -1,5315 -0,6377 83,0625 0,7753 23,0000 
18,100 7349,7338 2113,6126 34,1545 272,7495 -1,6341 -0,6391 82,8525 0,7754 23,0000 
18,150 7363,3545 2113,2117 34,3066 272,5274 -1,7368 -0,6406 82,6434 0,7754 23,0000 
18,200 7376,9633 2112,7867 34,4589 272,3067 -1,8396 -0,6420 82,4353 0,7755 23,0000 
18,250 7390,5604 2112,3376 34,6114 272,0873 -1,9425 -0,6434 82,2280 0,7755 23,0000 
18,300 7404,1457 2111,8644 34,7642 271,8693 -2,0454 -0,6448 82,0216 0,7756 23,0000 
18,350 7417,7193 2111,3672 34,9171 271,6526 -2,1484 -0,6462 81,8160 0,7756 23,0000 
18,400 7431,2812 2110,8460 35,0702 271,4373 -2,2515 -0,6476 81,6114 0,7757 23,0000 
18,450 7444,8314 2110,3009 35,2236 271,2234 -2,3546 -0,6491 81,4076 0,7757 23,0000 
18,500 7458,3699 2109,7317 35,3771 271,0107 -2,4579 -0,6505 81,2047 0,7758 23,0000 
18,550 7471,8968 2109,1386 35,5309 270,7994 -2,5612 -0,6519 81,0026 0,7758 23,0000 
18,600 7485,4121 2108,5216 35,6848 270,5894 -2,6646 -0,6533 80,8014 0,7759 23,0000 
18,650 7498,9158 2107,8807 35,8389 270,3808 -2,7680 -0,6547 80,6011 0,7760 23,0000 
18,700 7512,4079 2107,2159 35,9933 270,1734 -2,8715 -0,6561 80,4016 0,7760 23,0000 
18,750 7525,8885 2106,5273 36,1478 269,9674 -2,9751 -0,6576 80,2029 0,7761 23,0000 
18,800 7539,3576 2105,8148 36,3026 269,7627 -3,0787 -0,6590 80,0051 0,7762 23,0000 
18,850 7552,8152 2105,0784 36,4575 269,5592 -3,1824 -0,6604 79,8081 0,7762 23,0000 
18,900 7566,2613 2104,3183 36,6127 269,3571 -3,2862 -0,6618 79,6120 0,7763 23,0000 
18,950 7579,6959 2103,5344 36,7680 269,1562 -3,3901 -0,6632 79,4166 0,7764 23,0000 
19,000 7593,1192 2102,7267 36,9236 268,9567 -3,4940 -0,6646 79,2221 0,7765 23,0000 
19,050 7606,5310 2101,8953 37,0793 268,7584 -3,5979 -0,6660 79,0284 0,7766 23,0000 
19,100 7619,9314 2101,0401 37,2353 268,5614 -3,7020 -0,6675 78,8355 0,7766 23,0000 
19,150 7633,3204 2100,1613 37,3914 268,3657 -3,8061 -0,6689 78,6434 0,7767 23,0000 
19,200 7646,6981 2099,2587 37,5478 268,1712 -3,9102 -0,6703 78,4521 0,7768 23,0000 
19,250 7660,0645 2098,3325 37,7043 267,9780 -4,0145 -0,6717 78,2617 0,7769 23,0000 
19,300 7673,4195 2097,3827 37,8611 267,7861 -4,1187 -0,6731 78,0720 0,7770 23,0000 
19,350 7686,7633 2096,4092 38,0180 267,5954 -4,2231 -0,6745 77,8831 0,7771 23,0000 
19,400 7700,0958 2095,4121 38,1751 267,4060 -4,3275 -0,6759 77,6950 0,7772 23,0000 
19,450 7713,4170 2094,3914 38,3324 267,2178 -4,4319 -0,6773 77,5076 0,7773 23,0000 
19,500 7726,7271 2093,3472 38,4900 267,0308 -4,5364 -0,6788 77,3211 0,7774 23,0000 
19,550 7740,0259 2092,2794 38,6477 266,8451 -4,6410 -0,6802 77,1353 0,7775 23,0000 
19,600 7753,3135 2091,1881 38,8056 266,6607 -4,7456 -0,6816 76,9503 0,7776 23,0000 
19,650 7766,5899 2090,0733 38,9637 266,4774 -4,8503 -0,6830 76,7661 0,7777 23,0000 
19,700 7779,8552 2088,9349 39,1220 266,2954 -4,9551 -0,6844 76,5826 0,7779 23,0000 
19,750 7793,1094 2087,7732 39,2805 266,1146 -5,0598 -0,6858 76,3999 0,7780 23,0000 
19,800 7806,3524 2086,5879 39,4392 265,9351 -5,1647 -0,6872 76,2179 0,7781 23,0000 
19,850 7819,5843 2085,3792 39,5980 265,7567 -5,2696 -0,6886 76,0367 0,7782 23,0000 
19,900 7832,8052 2084,1472 39,7571 265,5796 -5,3745 -0,6900 75,8562 0,7783 23,0000 
19,950 7846,0150 2082,8917 39,9164 265,4037 -5,4795 -0,6915 75,6765 0,7785 23,0000 
20,000 7859,2137 2081,6128 40,0758 265,2289 -5,5845 -0,6929 75,4975 0,7786 23,0000 
20,050 7872,4014 2080,3106 40,2355 265,0554 -5,6896 -0,6943 75,3192 0,7787 23,0000 
20,100 7885,5782 2078,9851 40,3953 264,8831 -5,7948 -0,6958 75,1417 0,7789 23,0000 
20,150 7898,7439 2077,6362 40,5554 264,7120 -5,9000 -0,6972 74,9649 0,7790 23,0000 
20,200 7911,8986 2076,2641 40,7156 264,5420 -6,0052 -0,6987 74,7889 0,7791 23,0000 
20,250 7925,0424 2074,8686 40,8761 264,3733 -6,1105 -0,7001 74,6135 0,7793 23,0000 
20,300 7938,1752 2073,4499 41,0367 264,2057 -6,2158 -0,7015 74,4389 0,7794 23,0000 
20,350 7951,2971 2072,0080 41,1976 264,0393 -6,3211 -0,7030 74,2650 0,7796 23,0000 
20,400 7964,4081 2070,5429 41,3586 263,8741 -6,4265 -0,7044 74,0918 0,7797 23,0000 
20,450 7977,5082 2069,0545 41,5198 263,7100 -6,5320 -0,7059 73,9193 0,7799 23,0000 
20,500 7990,5974 2067,5430 41,6813 263,5472 -6,6375 -0,7073 73,7475 0,7800 23,0000 
20,550 8003,6758 2066,0082 41,8429 263,3855 -6,7430 -0,7087 73,5764 0,7802 23,0000 
20,600 8016,7433 2064,4504 42,0047 263,2249 -6,8486 -0,7102 73,4060 0,7803 23,0000 
20,650 8029,8000 2062,8694 42,1667 263,0655 -6,9542 -0,7116 73,2363 0,7805 23,0000 
20,700 8042,8459 2061,2653 42,3289 262,9073 -7,0598 -0,7131 73,0673 0,7806 23,0000 
20,750 8055,8810 2059,6381 42,4913 262,7502 -7,1655 -0,7145 72,8990 0,7808 23,0000 
20,800 8068,9053 2057,9879 42,6539 262,5943 -7,2712 -0,7160 72,7314 0,7810 23,0000 
20,850 8081,9188 2056,3146 42,8167 262,4395 -7,3770 -0,7174 72,5644 0,7811 23,0000 
20,900 8094,9215 2054,6182 42,9797 262,2859 -7,4828 -0,7188 72,3981 0,7813 23,0000 
20,950 8107,9136 2052,8989 43,1428 262,1334 -7,5886 -0,7203 72,2325 0,7815 23,0000 
21,000 8120,8949 2051,1565 43,3062 261,9820 -7,6945 -0,7217 72,0676 0,7817 23,0000 
21,050 8133,8655 2049,3912 43,4698 261,8318 -7,8004 -0,7232 71,9033 0,7818 23,0000 
21,100 8146,8254 2047,6029 43,6335 261,6827 -7,9063 -0,7246 71,7397 0,7820 23,0000 
21,150 8159,7746 2045,7917 43,7974 261,5348 -8,0122 -0,7261 71,5768 0,7822 23,0000 
21,200 8172,7132 2043,9575 43,9616 261,3879 -8,1182 -0,7275 71,4145 0,7824 23,0000 
21,250 8185,6411 2042,1005 44,1259 261,2422 -8,2242 -0,7289 71,2529 0,7826 23,0000 
21,300 8198,5584 2040,2205 44,2904 261,0976 -8,3303 -0,7304 71,0919 0,7828 23,0000 
21,350 8211,4650 2038,3177 44,4551 260,9541 -8,4364 -0,7318 70,9316 0,7830 23,0000 
21,400 8224,3611 2036,3920 44,6200 260,8118 -8,5425 -0,7333 70,7719 0,7831 23,0000 
21,450 8237,2465 2034,4435 44,7851 260,6705 -8,6486 -0,7347 70,6129 0,7833 23,0000 
21,500 8250,1214 2032,4722 44,9503 260,5304 -8,7547 -0,7362 70,4545 0,7835 23,0000 
21,550 8262,9857 2030,4781 45,1158 260,3913 -8,8609 -0,7376 70,2967 0,7837 23,0000 
21,600 8275,8394 2028,4613 45,2814 260,2534 -8,9671 -0,7390 70,1396 0,7839 23,0000 
21,650 8288,6826 2026,4216 45,4473 260,1165 -9,0734 -0,7405 69,9831 0,7842 23,0000 
21,700 8301,5153 2024,3593 45,6133 259,9808 -9,1796 -0,7419 69,8272 0,7844 23,0000 
21,750 8314,3374 2022,2742 45,7795 259,8461 -9,2859 -0,7434 69,6720 0,7846 23,0000 
21,800 8327,1491 2020,1664 45,9459 259,7126 -9,3922 -0,7448 69,5174 0,7848 23,0000 
21,850 8339,9502 2018,0359 46,1125 259,5801 -9,4985 -0,7463 69,3634 0,7850 23,0000 
21,900 8352,7409 2015,8828 46,2792 259,4487 -9,6048 -0,7477 69,2101 0,7852 23,0000 
21,950 8365,5211 2013,7070 46,4462 259,3184 -9,7111 -0,7492 69,0573 0,7854 23,0000 
22,000 8378,2909 2011,5086 46,6133 259,1891 -9,8175 -0,7506 68,9052 0,7857 23,0000 
22,050 8391,0502 2009,2875 46,7807 259,0609 -9,9239 -0,7521 68,7536 0,7859 23,0000 
22,100 8403,7992 2007,0439 46,9482 258,9339 -10,0303 -0,7535 68,6027 0,7861 23,0000 
22,150 8416,5376 2004,7777 47,1159 258,8078 -10,1367 -0,7550 68,4524 0,7863 23,0000 
22,200 8429,2657 2002,4890 47,2838 258,6829 -10,2431 -0,7564 68,3027 0,7866 23,0000 
22,250 8441,9834 2000,1777 47,4518 258,5590 -10,3496 -0,7579 68,1535 0,7868 23,0000 
22,300 8454,6908 1997,8439 47,6201 258,4362 -10,4560 -0,7593 68,0050 0,7870 23,0000 
22,350 8467,3877 1995,4876 47,7885 258,3144 -10,5625 -0,7607 67,8571 0,7873 23,0000 
22,400 8480,0743 1993,1088 47,9571 258,1937 -10,6690 -0,7622 67,7098 0,7875 23,0000 
22,450 8492,7506 1990,7075 48,1259 258,0740 -10,7755 -0,7636 67,5630 0,7878 23,0000 
22,500 8505,4165 1988,2838 48,2949 257,9554 -10,8820 -0,7651 67,4169 0,7880 23,0000 
22,550 8518,0721 1985,8377 48,4641 257,8378 -10,9885 -0,7665 67,2713 0,7883 23,0000 
22,600 8530,7174 1983,3691 48,6334 257,7213 -11,0950 -0,7680 67,1263 0,7885 23,0000 
22,650 8543,3524 1980,8782 48,8030 257,6058 -11,2015 -0,7694 66,9819 0,7888 23,0000 
22,700 8555,9771 1978,3648 48,9727 257,4914 -11,3081 -0,7709 66,8380 0,7890 23,0000 
22,750 8568,5915 1975,8292 49,1426 257,3780 -11,4146 -0,7723 66,6948 0,7893 23,0000 
22,800 8581,1957 1973,2712 49,3126 257,2656 -11,5211 -0,7738 66,5521 0,7895 23,0000 
22,850 8593,7896 1970,6908 49,4829 257,1542 -11,6277 -0,7752 66,4100 0,7898 23,0000 
22,900 8606,3733 1968,0882 49,6533 257,0439 -11,7342 -0,7767 66,2684 0,7901 23,0000 
22,950 8618,9468 1965,4633 49,8239 256,9346 -11,8408 -0,7781 66,1274 0,7903 23,0000 
23,000 8631,5100 1962,8161 49,9947 256,8264 -11,9473 -0,7796 65,9870 0,7906 23,0000 
23,050 8644,0630 1960,1466 50,1657 256,7191 -12,0539 -0,7810 65,8472 0,7909 23,0000 
23,100 8656,6058 1957,4550 50,3368 256,6129 -12,1605 -0,7825 65,7079 0,7911 23,0000 
23,150 8669,1385 1954,7411 50,5082 256,5077 -12,2670 -0,7839 65,5691 0,7914 23,0000 
23,200 8681,6609 1952,0050 50,6797 256,4035 -12,3736 -0,7854 65,4309 0,7917 23,0000 
23,250 8694,1732 1949,2468 50,8514 256,3003 -12,4801 -0,7869 65,2933 0,7920 23,0000 
23,300 8706,6753 1946,4664 51,0232 256,1981 -12,5867 -0,7883 65,1562 0,7923 23,0000 
23,350 8719,1673 1943,6638 51,1953 256,0969 -12,6932 -0,7898 65,0196 0,7925 23,0000 
23,400 8731,6491 1940,8391 51,3675 255,9967 -12,7998 -0,7912 64,8836 0,7928 23,0000 
23,450 8744,1208 1937,9923 51,5399 255,8975 -12,9063 -0,7927 64,7482 0,7931 23,0000 
23,500 8756,5824 1935,1235 51,7124 255,7993 -13,0128 -0,7941 64,6133 0,7934 23,0000 
23,550 8769,0339 1932,2325 51,8852 255,7021 -13,1193 -0,7956 64,4789 0,7937 23,0000 
23,600 8781,4753 1929,3196 52,0581 255,6059 -13,2259 -0,7970 64,3451 0,7940 23,0000 
23,650 8793,9066 1926,3845 52,2312 255,5107 -13,3324 -0,7985 64,2117 0,7943 23,0000 
23,700 8806,3278 1923,4275 52,4045 255,4164 -13,4389 -0,7999 64,0790 0,7946 23,0000 
23,750 8818,7389 1920,4485 52,5779 255,3232 -13,5453 -0,8014 63,9467 0,7949 23,0000 
23,800 8831,1400 1917,4475 52,7516 255,2309 -13,6518 -0,8028 63,8150 0,7952 23,0000 
23,850 8843,5311 1914,4245 52,9253 255,1396 -13,7583 -0,8043 63,6838 0,7955 23,0000 
23,900 8855,9120 1911,3796 53,0993 255,0492 -13,8647 -0,8058 63,5532 0,7958 23,0000 
23,950 8868,2830 1908,3127 53,2735 254,9599 -13,9712 -0,8072 63,4230 0,7962 23,0000 
24,000 8880,6439 1905,2240 53,4478 254,8715 -14,0776 -0,8087 63,2934 0,7965 23,0000 
24,050 8892,9948 1902,1134 53,6223 254,7840 -14,1840 -0,8101 63,1643 0,7968 23,0000 
24,100 8905,3358 1898,9808 53,7969 254,6976 -14,2904 -0,8116 63,0357 0,7971 23,0000 
24,150 8917,6667 1895,8265 53,9717 254,6121 -14,3968 -0,8130 62,9077 0,7974 23,0000 
24,200 8929,9876 1892,6503 54,1468 254,5275 -14,5032 -0,8145 62,7801 0,7978 23,0000 
24,250 8942,2985 1889,4523 54,3219 254,4439 -14,6095 -0,8159 62,6531 0,7981 23,0000 
24,300 8954,5995 1886,2325 54,4973 254,3613 -14,7158 -0,8174 62,5265 0,7984 23,0000 
24,350 8966,8905 1882,9909 54,6728 254,2796 -14,8221 -0,8189 62,4005 0,7988 23,0000 
24,400 8979,1716 1879,7275 54,8485 254,1988 -14,9284 -0,8203 62,2750 0,7991 23,0000 
24,450 8991,4427 1876,4424 55,0243 254,1190 -15,0347 -0,8218 62,1500 0,7994 23,0000 
24,500 9003,7038 1873,1356 55,2004 254,0401 -15,1409 -0,8232 62,0254 0,7998 23,0000 
24,550 9015,9551 1869,8070 55,3766 253,9622 -15,2472 -0,8247 61,9014 0,8001 23,0000 
24,600 9028,1964 1866,4568 55,5529 253,8852 -15,3534 -0,8262 61,7779 0,8004 23,0000 
24,650 9040,4278 1863,0849 55,7295 253,8091 -15,4595 -0,8276 61,6549 0,8008 23,0000 
24,700 9052,6493 1859,6913 55,9062 253,7340 -15,5657 -0,8291 61,5323 0,8011 23,0000 
24,750 9064,8609 1856,2761 56,0830 253,6598 -15,6718 -0,8305 61,4103 0,8015 23,0000 
24,800 9077,0626 1852,8393 56,2601 253,5865 -15,7779 -0,8320 61,2888 0,8018 23,0000 
24,850 9089,2545 1849,3809 56,4373 253,5141 -15,8840 -0,8335 61,1677 0,8022 23,0000 
24,900 9101,4364 1845,9009 56,6146 253,4427 -15,9900 -0,8349 61,0471 0,8026 23,0000 
24,950 9113,6085 1842,3993 56,7922 253,3722 -16,0961 -0,8364 60,9271 0,8029 23,0000 
25,000 9125,7707 1838,8762 56,9699 253,3025 -16,2020 -0,8378 60,8075 0,8033 23,0000 
25,050 9137,9231 1835,3315 57,1478 253,2338 -16,3080 -0,8393 60,6883 0,8036 23,0000 
25,100 9150,0657 1831,7653 57,3258 253,1660 -16,4139 -0,8408 60,5697 0,8040 23,0000 
25,150 9162,1984 1828,1777 57,5040 253,0991 -16,5198 -0,8422 60,4516 0,8044 23,0000 
25,200 9174,3212 1824,5685 57,6824 253,0331 -16,6257 -0,8437 60,3339 0,8048 23,0000 
25,250 9186,4343 1820,9380 57,8609 252,9680 -16,7315 -0,8451 60,2167 0,8051 23,0000 
25,300 9198,5375 1817,2859 58,0396 252,9038 -16,8373 -0,8466 60,1000 0,8055 23,0000 
25,350 9210,6310 1813,6125 58,2185 252,8405 -16,9431 -0,8481 59,9837 0,8059 23,0000 
25,400 9222,7146 1809,9176 58,3975 252,7781 -17,0488 -0,8495 59,8679 0,8063 23,0000 
25,450 9234,7884 1806,2014 58,5767 252,7166 -17,1545 -0,8510 59,7526 0,8067 23,0000 
25,500 9246,8525 1802,4638 58,7560 252,6559 -17,2602 -0,8525 59,6378 0,8070 23,0000 
25,550 9258,9067 1798,7048 58,9355 252,5961 -17,3658 -0,8539 59,5234 0,8074 23,0000 
25,600 9270,9512 1794,9245 59,1152 252,5373 -17,4714 -0,8554 59,4095 0,8078 23,0000 
25,650 9282,9860 1791,1229 59,2951 252,4793 -17,5769 -0,8569 59,2960 0,8082 23,0000 
25,700 9295,0109 1787,3000 59,4751 252,4221 -17,6824 -0,8583 59,1830 0,8086 23,0000 
25,750 9307,0262 1783,4558 59,6552 252,3658 -17,7879 -0,8598 59,0705 0,8090 23,0000 
25,800 9319,0316 1779,5904 59,8356 252,3104 -17,8933 -0,8613 58,9584 0,8094 23,0000 
25,850 9331,0274 1775,7037 60,0160 252,2559 -17,9987 -0,8627 58,8468 0,8098 23,0000 
25,900 9343,0134 1771,7958 60,1967 252,2022 -18,1040 -0,8642 58,7357 0,8102 23,0000 
25,950 9354,9897 1767,8667 60,3775 252,1494 -18,2093 -0,8657 58,6250 0,8106 23,0000 
26,000 9366,9562 1763,9164 60,5584 252,0975 -18,3146 -0,8671 58,5147 0,8110 23,0000 
26,050 9378,9131 1759,9449 60,7396 252,0464 -18,4198 -0,8686 58,4049 0,8114 23,0000 
26,100 9390,8602 1755,9523 60,9209 251,9961 -18,5250 -0,8701 58,2956 0,8119 23,0000 
26,150 9402,7976 1751,9386 61,1023 251,9467 -18,6301 -0,8715 58,1867 0,8123 23,0000 
26,200 9414,7254 1747,9037 61,2839 251,8982 -18,7352 -0,8730 58,0782 0,8127 23,0000 
26,250 9426,6434 1743,8477 61,4657 251,8504 -18,8402 -0,8745 57,9702 0,8131 23,0000 
26,300 9438,5518 1739,7707 61,6476 251,8036 -18,9452 -0,8759 57,8627 0,8135 23,0000 
26,350 9450,4505 1735,6726 61,8296 251,7575 -19,0501 -0,8774 57,7556 0,8140 23,0000 
26,400 9462,3395 1731,5535 62,0119 251,7123 -19,1550 -0,8789 57,6489 0,8144 23,0000 
26,450 9474,2188 1727,4133 62,1943 251,6679 -19,2598 -0,8803 57,5427 0,8148 23,0000 
26,500 9486,0885 1723,2522 62,3768 251,6244 -19,3646 -0,8818 57,4369 0,8153 23,0000 
26,550 9497,9485 1719,0700 62,5595 251,5817 -19,4693 -0,8833 57,3315 0,8157 23,0000 
26,600 9509,7989 1714,8669 62,7423 251,5398 -19,5740 -0,8847 57,2266 0,8161 23,0000 
26,650 9521,6397 1710,6429 62,9254 251,4987 -19,6786 -0,8862 57,1221 0,8166 23,0000 
26,700 9533,4708 1706,3979 63,1085 251,4584 -19,7832 -0,8877 57,0181 0,8170 23,0000 
26,750 9545,2922 1702,1320 63,2918 251,4190 -19,8877 -0,8892 56,9144 0,8175 23,0000 
26,800 9557,1041 1697,8452 63,4753 251,3803 -19,9922 -0,8906 56,8113 0,8179 23,0000 
26,850 9568,9063 1693,5375 63,6589 251,3425 -20,0966 -0,8921 56,7085 0,8184 23,0000 
26,900 9580,6989 1689,2089 63,8427 251,3055 -20,2009 -0,8936 56,6062 0,8188 23,0000 
26,950 9592,4819 1684,8596 64,0267 251,2692 -20,3052 -0,8951 56,5043 0,8193 23,0000 
27,000 9604,2552 1680,4894 64,2107 251,2338 -20,4095 -0,8965 56,4028 0,8197 23,0000 
27,050 9616,0190 1676,0984 64,3950 251,1992 -20,5136 -0,8980 56,3018 0,8202 23,0000 
27,100 9627,7732 1671,6866 64,5794 251,1653 -20,6178 -0,8995 56,2011 0,8207 23,0000 
27,150 9639,5178 1667,2540 64,7639 251,1323 -20,7218 -0,9009 56,1009 0,8211 23,0000 
27,200 9651,2528 1662,8008 64,9486 251,1000 -20,8258 -0,9024 56,0012 0,8216 23,0000 
27,250 9662,9782 1658,3267 65,1334 251,0685 -20,9298 -0,9039 55,9018 0,8221 23,0000 
27,300 9674,6940 1653,8320 65,3184 251,0378 -21,0337 -0,9054 55,8029 0,8225 23,0000 
27,350 9686,4003 1649,3166 65,5036 251,0079 -21,1375 -0,9068 55,7043 0,8230 23,0000 
27,400 9698,0970 1644,7805 65,6889 250,9788 -21,2412 -0,9083 55,6062 0,8235 23,0000 
27,450 9709,7841 1640,2237 65,8743 250,9504 -21,3449 -0,9098 55,5085 0,8240 23,0000 
27,500 9721,4617 1635,6463 66,0599 250,9228 -21,4486 -0,9113 55,4113 0,8244 23,0000 
27,550 9733,1297 1631,0483 66,2457 250,8959 -21,5521 -0,9127 55,3144 0,8249 23,0000 
27,600 9744,7882 1626,4297 66,4315 250,8699 -21,6556 -0,9142 55,2180 0,8254 23,0000 
27,650 9756,4371 1621,7906 66,6176 250,8446 -21,7591 -0,9157 55,1219 0,8259 23,0000 
27,700 9768,0765 1617,1308 66,8038 250,8200 -21,8625 -0,9172 55,0263 0,8264 23,0000 
27,750 9779,7063 1612,4505 66,9901 250,7962 -21,9658 -0,9187 54,9311 0,8269 23,0000 
27,800 9791,3267 1607,7497 67,1766 250,7732 -22,0690 -0,9201 54,8363 0,8274 23,0000 
27,850 9802,9374 1603,0284 67,3632 250,7509 -22,1722 -0,9216 54,7419 0,8279 23,0000 
27,900 9814,5387 1598,2866 67,5500 250,7293 -22,2753 -0,9231 54,6479 0,8284 23,0000 
27,950 9826,1304 1593,5244 67,7369 250,7085 -22,3783 -0,9246 54,5543 0,8289 23,0000 
28,000 9837,7127 1588,7417 67,9240 250,6884 -22,4813 -0,9260 54,4611 0,8294 23,0000 
28,050 9849,2854 1583,9385 68,1112 250,6691 -22,5842 -0,9275 54,3683 0,8299 23,0000 
28,100 9860,8486 1579,1150 68,2985 250,6505 -22,6870 -0,9290 54,2759 0,8304 23,0000 
28,150 9872,4022 1574,2710 68,4860 250,6326 -22,7897 -0,9305 54,1839 0,8309 23,0000 
28,200 9883,9464 1569,4067 68,6737 250,6155 -22,8924 -0,9320 54,0923 0,8314 23,0000 
28,250 9895,4811 1564,5220 68,8615 250,5991 -22,9950 -0,9334 54,0011 0,8320 23,0000 
28,300 9907,0063 1559,6170 69,0494 250,5834 -23,0976 -0,9349 53,9103 0,8325 23,0000 
28,350 9918,5220 1554,6917 69,2375 250,5684 -23,2000 -0,9364 53,8199 0,8330 23,0000 
28,400 9930,0283 1549,7461 69,4257 250,5541 -23,3024 -0,9379 53,7299 0,8335 23,0000 
28,450 9941,5250 1544,7802 69,6140 250,5406 -23,4047 -0,9394 53,6403 0,8341 23,0000 
28,500 9953,0123 1539,7940 69,8025 250,5278 -23,5070 -0,9408 53,5511 0,8346 23,0000 
28,550 9964,4900 1534,7876 69,9912 250,5156 -23,6091 -0,9423 53,4622 0,8351 23,0000 
28,600 9975,9583 1529,7610 70,1799 250,5042 -23,7112 -0,9438 53,3738 0,8356 23,0000 
28,650 9987,4172 1524,7142 70,3689 250,4935 -23,8132 -0,9453 53,2857 0,8362 23,0000 
28,700 9998,8666 1519,6472 70,5579 250,4834 -23,9151 -0,9468 53,1981 0,8367 23,0000 
28,750 10010,3065 1514,5600 70,7471 250,4741 -24,0170 -0,9483 53,1108 0,8373 23,0000 
28,800 10021,7369 1509,4527 70,9365 250,4655 -24,1188 -0,9497 53,0239 0,8378 23,0000 
28,850 10033,1579 1504,3253 71,1260 250,4575 -24,2205 -0,9512 52,9374 0,8384 23,0000 
28,900 10044,5694 1499,1777 71,3156 250,4503 -24,3221 -0,9527 52,8513 0,8389 23,0000 
28,950 10055,9715 1494,0101 71,5053 250,4437 -24,4236 -0,9542 52,7656 0,8395 23,0000 
29,000 10067,3642 1488,8224 71,6952 250,4378 -24,5250 -0,9557 52,6802 0,8400 23,0000 
29,050 10078,7474 1483,6147 71,8853 250,4325 -24,6264 -0,9572 52,5953 0,8406 23,0000 
29,100 10090,1211 1478,3869 72,0754 250,4280 -24,7277 -0,9586 52,5107 0,8411 23,0000 
29,150 10101,4854 1473,1391 72,2657 250,4241 -24,8289 -0,9601 52,4265 0,8417 23,0000 
29,200 10112,8403 1467,8713 72,4562 250,4209 -24,9300 -0,9616 52,3426 0,8423 23,0000 
29,250 10124,1858 1462,5836 72,6468 250,4183 -25,0311 -0,9631 52,2592 0,8428 23,0000 
29,300 10135,5218 1457,2759 72,8375 250,4165 -25,1320 -0,9646 52,1761 0,8434 23,0000 
29,350 10146,8483 1451,9483 73,0283 250,4152 -25,2329 -0,9661 52,0934 0,8440 23,0000 
29,400 10158,1655 1446,6007 73,2193 250,4146 -25,3337 -0,9676 52,0111 0,8445 23,0000 
29,450 10169,4732 1441,2333 73,4104 250,4147 -25,4344 -0,9690 51,9292 0,8451 23,0000 
29,500 10180,7716 1435,8460 73,6017 250,4155 -25,5350 -0,9705 51,8476 0,8457 23,0000 
29,550 10192,0604 1430,4388 73,7931 250,4168 -25,6355 -0,9720 51,7664 0,8463 23,0000 
29,600 10203,3399 1425,0118 73,9846 250,4188 -25,7360 -0,9735 51,6856 0,8469 23,0000 
29,650 10214,6100 1419,5650 74,1762 250,4215 -25,8363 -0,9750 51,6051 0,8474 23,0000 
29,700 10225,8706 1414,0984 74,3680 250,4248 -25,9366 -0,9765 51,5250 0,8480 23,0000 
29,750 10237,1219 1408,6120 74,5599 250,4287 -26,0368 -0,9780 51,4453 0,8486 23,0000 
29,800 10248,3637 1403,1059 74,7520 250,4333 -26,1369 -0,9794 51,3660 0,8492 23,0000 
29,850 10259,5962 1397,5800 74,9441 250,4385 -26,2369 -0,9809 51,2870 0,8498 23,0000 
29,900 10270,8192 1392,0345 75,1365 250,4443 -26,3368 -0,9824 51,2084 0,8504 23,0000 
29,950 10282,0328 1386,4692 75,3289 250,4507 -26,4366 -0,9839 51,1301 0,8510 23,0000 
30,000 10293,2371 1380,8842 75,5215 250,4578 -26,5363 -0,9854 51,0522 0,8516 23,0000 
30,050 10304,4319 1375,2796 75,7142 250,4654 -26,6360 -0,9869 50,9747 0,8522 23,0000 
30,100 10315,6173 1369,6554 75,9070 250,4737 -26,7355 -0,9884 50,8975 0,8528 23,0000 
30,150 10326,7934 1364,0115 76,0999 250,4826 -26,8350 -0,9899 50,8208 0,8534 23,0000 
30,200 10337,9600 1358,3480 76,2930 250,4921 -26,9343 -0,9913 50,7443 0,8541 23,0000 
30,250 10349,1173 1352,6650 76,4862 250,5022 -27,0336 -0,9928 50,6682 0,8547 23,0000 
30,300 10360,2652 1346,9624 76,6796 250,5129 -27,1328 -0,9943 50,5925 0,8553 23,0000 
30,350 10371,4037 1341,2403 76,8730 250,5242 -27,2318 -0,9958 50,5172 0,8559 23,0000 
30,400 10382,5328 1335,4986 77,0666 250,5361 -27,3308 -0,9973 50,4422 0,8565 23,0000 
30,450 10393,6526 1329,7375 77,2603 250,5486 -27,4297 -0,9988 50,3676 0,8572 23,0000 
30,500 10404,7629 1323,9568 77,4542 250,5617 -27,5285 -1,0003 50,2933 0,8578 23,0000 
30,550 10415,8639 1318,1567 77,6482 250,5753 -27,6272 -1,0018 50,2193 0,8584 23,0000 
30,600 10426,9555 1312,3372 77,8422 250,5896 -27,7258 -1,0033 50,1458 0,8590 23,0000 
30,650 10438,0377 1306,4983 78,0365 250,6044 -27,8243 -1,0048 50,0726 0,8597 23,0000 
30,700 10449,1106 1300,6400 78,2308 250,6198 -27,9227 -1,0062 49,9997 0,8603 23,0000 
30,750 10460,1740 1294,7623 78,4253 250,6358 -28,0211 -1,0077 49,9272 0,8610 23,0000 
30,800 10471,2281 1288,8652 78,6199 250,6523 -28,1193 -1,0092 49,8550 0,8616 23,0000 
30,850 10482,2729 1282,9488 78,8146 250,6694 -28,2174 -1,0107 49,7832 0,8622 23,0000 
30,900 10493,3082 1277,0131 79,0094 250,6871 -28,3154 -1,0122 49,7118 0,8629 23,0000 
30,950 10504,3342 1271,0581 79,2044 250,7053 -28,4133 -1,0137 49,6407 0,8635 23,0000 
31,000 10515,3509 1265,0838 79,3994 250,7241 -28,5112 -1,0152 49,5699 0,8642 23,0000 
31,050 10526,3581 1259,0903 79,5946 250,7434 -28,6089 -1,0167 49,4995 0,8649 23,0000 
31,100 10537,3560 1253,0775 79,7899 250,7633 -28,7065 -1,0182 49,4294 0,8655 23,0000 
31,150 10548,3446 1247,0456 79,9854 250,7838 -28,8040 -1,0197 49,3597 0,8662 23,0000 
31,200 10559,3238 1240,9944 80,1809 250,8048 -28,9015 -1,0212 49,2903 0,8668 23,0000 
31,250 10570,2936 1234,9240 80,3766 250,8263 -28,9988 -1,0226 49,2213 0,8675 23,0000 
31,300 10581,2540 1228,8346 80,5724 250,8484 -29,0960 -1,0241 49,1526 0,8682 23,0000 
31,350 10592,2051 1222,7259 80,7683 250,8710 -29,1931 -1,0256 49,0843 0,8688 23,0000 
31,400 10603,1469 1216,5982 80,9643 250,8941 -29,2901 -1,0271 49,0163 0,8695 23,0000 
31,450 10614,0793 1210,4514 81,1605 250,9178 -29,3870 -1,0286 48,9486 0,8702 23,0000 
31,500 10625,0023 1204,2855 81,3567 250,9420 -29,4838 -1,0301 48,8813 0,8709 23,0000 
31,550 10635,9160 1198,1006 81,5531 250,9667 -29,5806 -1,0316 48,8144 0,8716 23,0000 
31,600 10646,8203 1191,8966 81,7496 250,9919 -29,6772 -1,0331 48,7477 0,8722 23,0000 
31,650 10657,7153 1185,6737 81,9462 251,0177 -29,7737 -1,0346 48,6814 0,8729 23,0000 
31,700 10668,6009 1179,4317 82,1429 251,0440 -29,8700 -1,0361 48,6155 0,8736 23,0000 
31,750 10679,4771 1173,1708 82,3398 251,0707 -29,9663 -1,0376 48,5499 0,8743 23,0000 
31,800 10690,3440 1166,8910 82,5367 251,0980 -30,0625 -1,0390 48,4846 0,8750 23,0000 
31,850 10701,2016 1160,5922 82,7338 251,1258 -30,1586 -1,0405 48,4196 0,8757 23,0000 
31,900 10712,0498 1154,2746 82,9309 251,1541 -30,2546 -1,0420 48,3550 0,8764 23,0000 
31,950 10722,8886 1147,9380 83,1282 251,1829 -30,3504 -1,0435 48,2907 0,8771 23,0000 
32,000 10733,7181 1141,5826 83,3256 251,2122 -30,4462 -1,0450 48,2268 0,8778 23,0000 
32,050 10744,5383 1135,2084 83,5231 251,2420 -30,5419 -1,0465 48,1632 0,8785 23,0000 
32,100 10755,3491 1128,8153 83,7208 251,2723 -30,6374 -1,0480 48,0999 0,8792 23,0000 
32,150 10766,1506 1122,4035 83,9185 251,3030 -30,7328 -1,0495 48,0370 0,8799 23,0000 
32,200 10776,9427 1115,9728 84,1163 251,3343 -30,8282 -1,0510 47,9744 0,8806 23,0000 
32,250 10787,7254 1109,5235 84,3143 251,3660 -30,9234 -1,0525 47,9121 0,8814 23,0000 
32,300 10798,4988 1103,0554 84,5124 251,3982 -31,0185 -1,0540 47,8501 0,8821 23,0000 
32,350 10809,2629 1096,5685 84,7105 251,4309 -31,1135 -1,0554 47,7885 0,8828 23,0000 
32,400 10820,0176 1090,0630 84,9088 251,4641 -31,2084 -1,0569 47,7272 0,8835 23,0000 
32,450 10830,7630 1083,5389 85,1072 251,4977 -31,3032 -1,0584 47,6663 0,8842 23,0000 
32,500 10841,4990 1076,9961 85,3057 251,5318 -31,3979 -1,0599 47,6056 0,8850 23,0000 
32,550 10852,2257 1070,4346 85,5043 251,5663 -31,4925 -1,0614 47,5453 0,8857 23,0000 
32,600 10862,9430 1063,8546 85,7030 251,6013 -31,5869 -1,0629 47,4853 0,8864 23,0000 
32,650 10873,6510 1057,2560 85,9018 251,6368 -31,6813 -1,0644 47,4257 0,8872 23,0000 
32,700 10884,3496 1050,6388 86,1007 251,6727 -31,7755 -1,0659 47,3663 0,8879 23,0000 
32,750 10895,0389 1044,0031 86,2997 251,7091 -31,8696 -1,0674 47,3073 0,8887 23,0000 
32,800 10905,7188 1037,3488 86,4988 251,7459 -31,9637 -1,0689 47,2486 0,8894 23,0000 
32,850 10916,3894 1030,6761 86,6980 251,7831 -32,0576 -1,0703 47,1903 0,8901 23,0000 
32,900 10927,0507 1023,9849 86,8974 251,8208 -32,1514 -1,0718 47,1322 0,8909 23,0000 
32,950 10937,7026 1017,2753 87,0968 251,8590 -32,2450 -1,0733 47,0745 0,8917 23,0000 
33,000 10948,3451 1010,5472 87,2963 251,8976 -32,3386 -1,0748 47,0171 0,8924 23,0000 
33,050 10958,9783 1003,8007 87,4959 251,9366 -32,4321 -1,0763 46,9600 0,8932 23,0000 
33,100 10969,6022 997,0359 87,6957 251,9760 -32,5254 -1,0778 46,9032 0,8939 23,0000 
33,150 10980,2167 990,2527 87,8955 252,0158 -32,6187 -1,0793 46,8468 0,8947 23,0000 
33,200 10990,8218 983,4511 88,0954 252,0561 -32,7118 -1,0807 46,7906 0,8955 23,0000 
33,250 11001,4176 976,6312 88,2954 252,0968 -32,8048 -1,0822 46,7348 0,8962 23,0000 
33,300 11012,0041 969,7930 88,4956 252,1380 -32,8977 -1,0837 46,6793 0,8970 23,0000 
33,350 11022,5812 962,9366 88,6958 252,1795 -32,9905 -1,0852 46,6242 0,8978 23,0000 
33,400 11033,1489 956,0619 88,8961 252,2214 -33,0831 -1,0867 46,5693 0,8985 23,0000 
33,450 11043,7073 949,1690 89,0965 252,2638 -33,1757 -1,0882 46,5147 0,8993 23,0000 
33,500 11054,2563 942,2578 89,2970 252,3065 -33,2681 -1,0897 46,4605 0,9001 23,0000 
33,550 11064,7960 935,3285 89,4976 252,3497 -33,3605 -1,0911 46,4066 0,9009 23,0000 
33,600 11075,3264 928,3810 89,6983 252,3932 -33,4527 -1,0926 46,3530 0,9017 23,0000 
33,650 11085,8473 921,4154 89,8991 252,4372 -33,5448 -1,0941 46,2997 0,9025 23,0000 
33,700 11096,3590 914,4316 90,1000 252,4815 -33,6367 -1,0956 46,2467 0,9032 23,0000 
33,750 11106,8612 907,4298 90,3010 252,5263 -33,7286 -1,0971 46,1940 0,9040 23,0000 
33,800 11117,3542 900,4099 90,5021 252,5714 -33,8203 -1,0985 46,1416 0,9048 23,0000 
33,850 11127,8377 893,3719 90,7032 252,6169 -33,9120 -1,1000 46,0896 0,9056 23,0000 
33,900 11138,3119 886,3159 90,9045 252,6628 -34,0035 -1,1015 46,0378 0,9064 23,0000 
33,950 11148,7768 879,2419 91,1058 252,7090 -34,0949 -1,1030 45,9864 0,9072 23,0000 
34,000 11159,2323 872,1499 91,3073 252,7557 -34,1862 -1,1045 45,9352 0,9081 23,0000 
34,050 11169,6784 865,0400 91,5088 252,8027 -34,2774 -1,1059 45,8844 0,9089 23,0000 
34,100 11180,1151 857,9121 91,7104 252,8500 -34,3684 -1,1074 45,8339 0,9097 23,0000 
34,150 11190,5425 850,7663 91,9121 252,8978 -34,4593 -1,1089 45,7836 0,9105 23,0000 
34,200 11200,9606 843,6026 92,1139 252,9459 -34,5502 -1,1104 45,7337 0,9113 23,0000 
34,250 11211,3693 836,4211 92,3158 252,9943 -34,6409 -1,1118 45,6841 0,9121 23,0000 
34,300 11221,7686 829,2217 92,5177 253,0431 -34,7314 -1,1133 45,6348 0,9130 23,0000 
34,350 11232,1585 822,0044 92,7198 253,0923 -34,8219 -1,1148 45,5858 0,9138 23,0000 
34,400 11242,5391 814,7694 92,9219 253,1418 -34,9122 -1,1163 45,5371 0,9146 23,0000 
34,450 11252,9103 807,5166 93,1241 253,1917 -35,0025 -1,1177 45,4887 0,9154 23,0000 
34,500 11263,2721 800,2460 93,3264 253,2419 -35,0926 -1,1192 45,4406 0,9163 23,0000 
34,550 11273,6246 792,9577 93,5288 253,2924 -35,1826 -1,1207 45,3928 0,9171 23,0000 
34,600 11283,9677 785,6517 93,7313 253,3433 -35,2725 -1,1221 45,3453 0,9179 23,0000 
34,650 11294,3014 778,3281 93,9338 253,3945 -35,3622 -1,1236 45,2981 0,9188 23,0000 
34,700 11304,6258 770,9867 94,1365 253,4461 -35,4519 -1,1251 45,2512 0,9196 23,0000 
34,750 11314,9407 763,6277 94,3392 253,4980 -35,5414 -1,1265 45,2046 0,9205 23,0000 
34,800 11325,2463 756,2511 94,5419 253,5502 -35,6308 -1,1280 45,1583 0,9213 23,0000 
34,850 11335,5425 748,8569 94,7448 253,6027 -35,7201 -1,1295 45,1123 0,9222 23,0000 
34,900 11345,8294 741,4451 94,9478 253,6556 -35,8092 -1,1309 45,0666 0,9230 23,0000 
34,950 11356,1068 734,0158 95,1508 253,7087 -35,8983 -1,1324 45,0211 0,9239 23,0000 
35,000 11366,3749 726,5690 95,3539 253,7622 -35,9872 -1,1339 44,9760 0,9248 23,0000 
35,050 11376,6336 719,1047 95,5570 253,8160 -36,0760 -1,1353 44,9312 0,9256 23,0000 
35,100 11386,8829 711,6229 95,7603 253,8701 -36,1647 -1,1368 44,8867 0,9265 23,0000 
35,150 11397,1228 704,1236 95,9636 253,9245 -36,2532 -1,1382 44,8424 0,9274 23,0000 
35,200 11407,3534 696,6069 96,1670 253,9792 -36,3417 -1,1397 44,7985 0,9282 23,0000 
35,250 11417,5745 689,0728 96,3705 254,0342 -36,4300 -1,1411 44,7548 0,9291 23,0000 
35,300 11427,7863 681,5213 96,5740 254,0895 -36,5182 -1,1426 44,7114 0,9300 23,0000 
35,350 11437,9886 673,9525 96,7776 254,1451 -36,6063 -1,1441 44,6684 0,9309 23,0000 
35,400 11448,1816 666,3663 96,9813 254,2010 -36,6943 -1,1455 44,6256 0,9317 23,0000 
35,450 11458,3652 658,7629 97,1851 254,2572 -36,7821 -1,1470 44,5831 0,9326 23,0000 
35,500 11468,5393 651,1421 97,3889 254,3136 -36,8698 -1,1484 44,5409 0,9335 23,0000 
35,550 11478,7041 643,5041 97,5928 254,3704 -36,9574 -1,1498 44,4989 0,9344 23,0000 
35,600 11488,8595 635,8488 97,7968 254,4274 -37,0449 -1,1513 44,4573 0,9353 23,0000 
35,650 11499,0054 628,1763 98,0008 254,4847 -37,1323 -1,1527 44,4159 0,9362 23,0000 
35,700 11509,1420 620,4866 98,2049 254,5422 -37,2195 -1,1542 44,3749 0,9371 23,0000 
35,750 11519,2691 612,7798 98,4090 254,6001 -37,3067 -1,1556 44,3341 0,9380 23,0000 
35,800 11529,3869 605,0558 98,6133 254,6582 -37,3937 -1,1571 44,2936 0,9389 23,0000 
35,850 11539,4952 597,3147 98,8175 254,7165 -37,4805 -1,1585 44,2534 0,9398 23,0000 
35,900 11549,5941 589,5565 99,0219 254,7751 -37,5673 -1,1599 44,2135 0,9407 23,0000 
35,950 11559,6837 581,7813 99,2263 254,8340 -37,6539 -1,1614 44,1739 0,9416 23,0000 
36,000 11569,7637 573,9890 99,4308 254,8932 -37,7405 -1,1628 44,1345 0,9425 23,0000 
36,050 11579,8344 566,1796 99,6353 254,9525 -37,8269 -1,1642 44,0954 0,9434 23,0000 
36,100 11589,8957 558,3533 99,8399 255,0122 -37,9131 -1,1656 44,0566 0,9444 23,0000 
36,150 11599,9475 550,5100 100,0446 255,0720 -37,9993 -1,1671 44,0181 0,9453 23,0000 
36,200 11609,9899 542,6498 100,2493 255,1322 -38,0853 -1,1685 43,9799 0,9462 23,0000 
36,250 11620,0229 534,7726 100,4540 255,1925 -38,1712 -1,1699 43,9419 0,9471 23,0000 
36,300 11630,0464 526,8785 100,6589 255,2531 -38,2570 -1,1713 43,9043 0,9481 23,0000 
36,350 11640,0606 518,9676 100,8637 255,3139 -38,3427 -1,1727 43,8669 0,9490 23,0000 
36,400 11650,0653 511,0398 101,0687 255,3750 -38,4283 -1,1742 43,8297 0,9499 23,0000 
36,450 11660,0605 503,0952 101,2736 255,4363 -38,5137 -1,1756 43,7929 0,9509 23,0000 
36,500 11670,0463 495,1337 101,4787 255,4978 -38,5990 -1,1770 43,7563 0,9518 23,0000 
36,550 11680,0227 487,1555 101,6838 255,5595 -38,6842 -1,1784 43,7201 0,9528 23,0000 
36,600 11689,9896 479,1606 101,8889 255,6214 -38,7692 -1,1798 43,6841 0,9537 23,0000 
36,650 11699,9471 471,1489 102,0941 255,6836 -38,8542 -1,1812 43,6483 0,9547 23,0000 
36,700 11709,8952 463,1205 102,2993 255,7460 -38,9390 -1,1826 43,6129 0,9556 23,0000 
36,750 11719,8338 455,0755 102,5046 255,8085 -39,0237 -1,1840 43,5777 0,9566 23,0000 
36,800 11729,7629 447,0138 102,7099 255,8713 -39,1083 -1,1854 43,5428 0,9575 23,0000 
36,850 11739,6826 438,9354 102,9153 255,9343 -39,1927 -1,1868 43,5081 0,9585 23,0000 
36,900 11749,5928 430,8405 103,1207 255,9975 -39,2771 -1,1882 43,4738 0,9595 23,0000 
36,950 11759,4936 422,7290 103,3262 256,0609 -39,3613 -1,1895 43,4397 0,9604 23,0000 
37,000 11769,3849 414,6009 103,5317 256,1245 -39,4454 -1,1909 43,4059 0,9614 23,0000 
37,050 11779,2667 406,4563 103,7373 256,1882 -39,5294 -1,1923 43,3723 0,9624 23,0000 
37,100 11789,1391 398,2952 103,9429 256,2522 -39,6132 -1,1937 43,3390 0,9633 23,0000 
37,150 11799,0020 390,1176 104,1485 256,3163 -39,6969 -1,1950 43,3060 0,9643 23,0000 
37,200 11808,8555 381,9236 104,3541 256,3807 -39,7805 -1,1964 43,2733 0,9653 23,0000 
37,250 11818,6994 373,7132 104,5598 256,4452 -39,8640 -1,1978 43,2408 0,9663 23,0000 
37,300 11828,5339 365,4863 104,7656 256,5098 -39,9474 -1,1991 43,2086 0,9673 23,0000 
37,350 11838,3589 357,2431 104,9714 256,5747 -40,0306 -1,2005 43,1767 0,9683 23,0000 
37,400 11848,1744 348,9835 105,1772 256,6397 -40,1138 -1,2018 43,1450 0,9692 23,0000 
37,450 11857,9805 340,7076 105,3830 256,7049 -40,1968 -1,2032 43,1136 0,9702 23,0000 
37,500 11867,7770 332,4154 105,5889 256,7702 -40,2797 -1,2045 43,0825 0,9712 23,0000 
37,550 11877,5641 324,1069 105,7948 256,8357 -40,3624 -1,2059 43,0516 0,9722 23,0000 
37,600 11887,3416 315,7822 106,0007 256,9014 -40,4451 -1,2072 43,0211 0,9732 23,0000 
37,650 11897,1097 307,4413 106,2066 256,9672 -40,5276 -1,2085 42,9907 0,9742 23,0000 
37,700 11906,8682 299,0841 106,4126 257,0332 -40,6100 -1,2099 42,9607 0,9753 23,0000 
37,750 11916,6173 290,7108 106,6186 257,0993 -40,6923 -1,2112 42,9309 0,9763 23,0000 
37,800 11926,3568 282,3214 106,8246 257,1655 -40,7744 -1,2125 42,9013 0,9773 23,0000 
37,850 11936,0869 273,9158 107,0307 257,2319 -40,8565 -1,2138 42,8721 0,9783 23,0000 
37,900 11945,8074 265,4941 107,2368 257,2984 -40,9384 -1,2151 42,8431 0,9793 23,0000 
37,950 11955,5184 257,0564 107,4429 257,3651 -41,0202 -1,2164 42,8143 0,9803 23,0000 
38,000 11965,2199 248,6026 107,6490 257,4319 -41,1019 -1,2177 42,7859 0,9814 23,0000 
38,050 11974,9118 240,1329 107,8551 257,4988 -41,1834 -1,2190 42,7577 0,9824 23,0000 
38,100 11984,5943 231,6471 108,0612 257,5658 -41,2649 -1,2203 42,7297 0,9834 23,0000 
38,150 11994,2672 223,1454 108,2674 257,6330 -41,3462 -1,2215 42,7021 0,9845 23,0000 
38,200 12003,9305 214,6277 108,4735 257,7002 -41,4274 -1,2228 42,6746 0,9855 23,0000 
38,250 12013,5843 206,0941 108,6797 257,7676 -41,5085 -1,2240 42,6475 0,9865 23,0000 
38,300 12023,2286 197,5446 108,8859 257,8351 -41,5894 -1,2253 42,6206 0,9876 23,0000 
38,350 12032,8633 188,9793 109,0920 257,9027 -41,6703 -1,2265 42,5940 0,9886 23,0000 
38,400 12042,4885 180,3982 109,2982 257,9704 -41,7510 -1,2278 42,5676 0,9897 23,0000 
38,450 12052,1042 171,8012 109,5044 258,0382 -41,8316 -1,2290 42,5416 0,9907 23,0000 
38,500 12061,7102 163,1885 109,7106 258,1061 -41,9121 -1,2302 42,5157 0,9918 23,0000 
38,550 12071,3067 154,5600 109,9168 258,1740 -41,9925 -1,2314 42,4902 0,9928 23,0000 
38,600 12080,8937 145,9158 110,1230 258,2421 -42,0727 -1,2326 42,4649 0,9939 23,0000 
38,650 12090,4710 137,2559 110,3291 258,3102 -42,1529 -1,2338 42,4399 0,9950 23,0000 
38,700 12100,0388 128,5803 110,5353 258,3784 -42,2329 -1,2350 42,4151 0,9960 23,0000 
38,750 12109,5970 119,8891 110,7414 258,4466 -42,3128 -1,2362 42,3906 0,9971 23,0000 
38,800 12119,1456 111,1823 110,9476 258,5150 -42,3926 -1,2373 42,3664 0,9982 23,0000 
38,850 12128,6847 102,4599 111,1537 258,5833 -42,4723 -1,2385 42,3425 0,9992 23,0000 
38,900 12138,2141 93,7219 111,3598 258,6518 -42,5518 -1,2396 42,3189 1,0003 23,0000 
38,950 12147,7339 84,9684 111,5659 258,7202 -42,6313 -1,2407 42,2955 1,0014 23,0000 
39,000 12157,2441 76,1994 111,7720 258,7887 -42,7106 -1,2418 42,2724 1,0025 23,0000 
39,050 12166,7447 67,4149 111,9780 258,8573 -42,7898 -1,2429 42,2496 1,0036 23,0000 
39,100 12176,2357 58,6149 112,1840 258,9258 -42,8690 -1,2439 42,2271 1,0046 23,0000 
39,150 12185,7171 49,7995 112,3900 258,9943 -42,9480 -1,2450 42,2049 1,0057 23,0000 
39,200 12195,1888 40,9688 112,5959 259,0629 -43,0269 -1,2460 42,1830 1,0068 23,0000 
39,250 12204,6508 32,1226 112,8018 259,1314 -43,1056 -1,2470 42,1614 1,0079 23,0000 
39,300 12214,1032 23,2611 113,0076 259,1998 -43,1843 -1,2479 42,1402 1,0090 23,0000 
39,350 12223,5460 14,3844 113,2134 259,2681 -43,2629 -1,2489 42,1193 1,0101 23,0000 
39,400 12232,9790 5,4923 113,4191 259,3363 -43,3414 -1,2497 42,0990 1,0112 23,0000 
39,4308 12238,7895 0,0000 113,5459 259,3779 -43,3898 -1,2501 42,0869 1,0119 23,0000 
