t(c) x(м) y(м) z(м) Vk(м/с) teta(град) psy(град) omega_x(рад/с) pi(y) m(кг) 
0,000 0,0000 0,0000 0,0000 834,9600 24,2000 0,0000 0,0000 1,0119 23,0000 
0,050 37,9635 17,0494 0,0002 829,7030 24,1696 -0,0005 8,5021 1,0098 23,0000 
0,100 75,6977 33,9717 0,0007 824,5100 24,1389 -0,0012 16,6444 1,0077 23,0000 
0,150 113,2052 50,7682 0,0018 819,3778 24,1080 -0,0020 24,4476 1,0056 23,0000 
0,200 150,4889 67,4402 0,0033 814,3050 24,0768 -0,0028 31,9272 1,0036 23,0000 
0,250 187,5513 83,9891 0,0054 809,2902 24,0454 -0,0037 39,0970 1,0015 23,0000 
0,300 224,3950 100,4161 0,0081 804,3321 24,0138 -0,0046 45,9703 0,9995 23,0000 
0,350 261,0225 116,7224 0,0114 799,4297 23,9820 -0,0056 52,5595 0,9975 23,0000 
0,400 297,4362 132,9093 0,0152 794,5819 23,9500 -0,0066 58,8762 0,9955 23,0000 
0,450 333,6386 148,9779 0,0197 789,7876 23,9177 -0,0076 64,9317 0,9935 23,0000 
0,500 369,6321 164,9295 0,0248 785,0458 23,8852 -0,0086 70,7366 0,9916 23,0000 
0,550 405,4189 180,7653 0,0305 780,3556 23,8525 -0,0097 76,3009 0,9896 23,0000 
0,600 441,0013 196,4862 0,0369 775,7161 23,8196 -0,0108 81,6345 0,9877 23,0000 
0,650 476,3816 212,0936 0,0439 771,1263 23,7865 -0,0120 86,7464 0,9858 23,0000 
0,700 511,5620 227,5884 0,0516 766,5854 23,7531 -0,0131 91,6455 0,9839 23,0000 
0,750 546,5446 242,9717 0,0600 762,0925 23,7195 -0,0143 96,3402 0,9821 23,0000 
0,800 581,3315 258,2447 0,0691 757,6468 23,6858 -0,0155 100,8385 0,9802 23,0000 
0,850 615,9249 273,4083 0,0788 753,2474 23,6518 -0,0167 105,1482 0,9784 23,0000 
0,900 650,3267 288,4635 0,0892 748,8937 23,6175 -0,0180 109,2767 0,9765 23,0000 
0,950 684,5391 303,4115 0,1004 744,5848 23,5831 -0,0193 113,2309 0,9747 23,0000 
1,000 718,5639 318,2531 0,1122 740,3201 23,5485 -0,0205 117,0175 0,9729 23,0000 
1,050 752,4031 332,9894 0,1247 736,0987 23,5136 -0,0219 120,6432 0,9712 23,0000 
1,100 786,0587 347,6213 0,1379 731,9199 23,4785 -0,0232 124,1140 0,9694 23,0000 
1,150 819,5325 362,1498 0,1519 727,7832 23,4432 -0,0245 127,4358 0,9677 23,0000 
1,200 852,8263 376,5758 0,1665 723,6878 23,4077 -0,0259 130,6144 0,9659 23,0000 
1,250 885,9421 390,9001 0,1818 719,6330 23,3720 -0,0272 133,6552 0,9642 23,0000 
1,300 918,8815 405,1238 0,1979 715,6182 23,3360 -0,0286 136,5634 0,9625 23,0000 
1,350 951,6464 419,2477 0,2147 711,6429 23,2998 -0,0300 139,3440 0,9608 23,0000 
1,400 984,2384 433,2726 0,2322 707,7063 23,2634 -0,0315 142,0018 0,9592 23,0000 
1,450 1016,6594 447,1995 0,2504 703,8079 23,2268 -0,0329 144,5414 0,9575 23,0000 
1,500 1048,9109 461,0291 0,2693 699,9471 23,1900 -0,0343 146,9673 0,9559 23,0000 
1,550 1080,9947 474,7623 0,2890 696,1233 23,1529 -0,0358 149,2837 0,9542 23,0000 
1,600 1112,9123 488,4000 0,3093 692,3360 23,1157 -0,0373 151,4946 0,9526 23,0000 
1,650 1144,6655 501,9429 0,3304 688,5847 23,0782 -0,0388 153,6040 0,9510 23,0000 
1,700 1176,2556 515,3919 0,3522 684,8688 23,0405 -0,0403 155,6156 0,9494 23,0000 
1,750 1207,6844 528,7477 0,3747 681,1877 23,0026 -0,0418 157,5330 0,9479 23,0000 
1,800 1238,9534 542,0111 0,3980 677,5411 22,9644 -0,0433 159,3598 0,9463 23,0000 
1,850 1270,0640 555,1828 0,4219 673,9283 22,9260 -0,0449 161,0991 0,9447 23,0000 
1,900 1301,0178 568,2637 0,4466 670,3489 22,8874 -0,0465 162,7543 0,9432 23,0000 
1,950 1331,8163 581,2544 0,4720 666,8024 22,8486 -0,0480 164,3284 0,9417 23,0000 
2,000 1362,4608 594,1557 0,4981 663,2884 22,8096 -0,0496 165,8243 0,9402 23,0000 
2,050 1392,9528 606,9684 0,5249 659,8064 22,7703 -0,0512 167,2450 0,9387 23,0000 
2,100 1423,2938 619,6930 0,5525 656,3559 22,7309 -0,0528 168,5931 0,9372 23,0000 
2,150 1453,4850 632,3304 0,5807 652,9365 22,6912 -0,0544 169,8713 0,9357 23,0000 
2,200 1483,5280 644,8811 0,6097 649,5478 22,6512 -0,0561 171,0821 0,9342 23,0000 
2,250 1513,4240 657,3460 0,6394 646,1894 22,6111 -0,0577 172,2279 0,9328 23,0000 
2,300 1543,1743 669,7257 0,6697 642,8608 22,5707 -0,0594 173,3111 0,9313 23,0000 
2,350 1572,7803 682,0207 0,7008 639,5616 22,5301 -0,0610 174,3340 0,9299 23,0000 
2,400 1602,2433 694,2319 0,7327 636,2915 22,4893 -0,0627 175,2987 0,9285 23,0000 
2,450 1631,5645 706,3598 0,7652 633,0501 22,4482 -0,0644 176,2073 0,9271 23,0000 
2,500 1660,7453 718,4050 0,7984 629,8369 22,4070 -0,0661 177,0618 0,9257 23,0000 
2,550 1689,7867 730,3683 0,8323 626,6517 22,3655 -0,0678 177,8643 0,9243 23,0000 
2,600 1718,6902 742,2501 0,8669 623,4940 22,3237 -0,0695 178,6164 0,9229 23,0000 
2,650 1747,4568 754,0512 0,9023 620,3634 22,2818 -0,0712 179,3201 0,9216 23,0000 
2,700 1776,0879 765,7722 0,9383 617,2597 22,2396 -0,0730 179,9770 0,9202 23,0000 
2,750 1804,5844 777,4135 0,9750 614,1825 22,1972 -0,0747 180,5890 0,9189 23,0000 
2,800 1832,9478 788,9759 1,0124 611,1314 22,1546 -0,0765 181,1574 0,9176 23,0000 
2,850 1861,1789 800,4599 1,0506 608,1062 22,1117 -0,0782 181,6840 0,9162 23,0000 
2,900 1889,2791 811,8660 1,0894 605,1064 22,0686 -0,0800 182,1702 0,9149 23,0000 
2,950 1917,2494 823,1949 1,1288 602,1318 22,0253 -0,0818 182,6174 0,9136 23,0000 
3,000 1945,0909 834,4471 1,1690 599,1821 21,9817 -0,0836 183,0270 0,9124 23,0000 
3,050 1972,8048 845,6231 1,2099 596,2569 21,9379 -0,0854 183,4005 0,9111 23,0000 
3,100 2000,3920 856,7235 1,2514 593,3559 21,8939 -0,0872 183,7390 0,9098 23,0000 
3,150 2027,8537 867,7489 1,2937 590,4789 21,8497 -0,0890 184,0439 0,9086 23,0000 
3,200 2055,1909 878,6997 1,3366 587,6255 21,8052 -0,0908 184,3163 0,9073 23,0000 
3,250 2082,4047 889,5765 1,3802 584,7955 21,7605 -0,0927 184,5573 0,9061 23,0000 
3,300 2109,4960 900,3799 1,4244 581,9885 21,7156 -0,0945 184,7682 0,9048 23,0000 
3,350 2136,4659 911,1102 1,4693 579,2044 21,6704 -0,0964 184,9500 0,9036 23,0000 
3,400 2163,3154 921,7681 1,5149 576,4428 21,6250 -0,0982 185,1037 0,9024 23,0000 
3,450 2190,0455 932,3540 1,5612 573,7035 21,5793 -0,1001 185,2304 0,9012 23,0000 
3,500 2216,6571 942,8685 1,6081 570,9861 21,5335 -0,1020 185,3309 0,9000 23,0000 
3,550 2243,1512 953,3119 1,6557 568,2905 21,4874 -0,1039 185,4064 0,8989 23,0000 
3,600 2269,5287 963,6849 1,7040 565,6164 21,4410 -0,1058 185,4576 0,8977 23,0000 
3,650 2295,7907 973,9878 1,7529 562,9635 21,3944 -0,1077 185,4854 0,8965 23,0000 
3,700 2321,9380 984,2212 1,8025 560,3316 21,3476 -0,1096 185,4908 0,8954 23,0000 
3,750 2347,9715 994,3855 1,8527 557,7205 21,3006 -0,1115 185,4744 0,8942 23,0000 
3,800 2373,8922 1004,4811 1,9036 555,1298 21,2533 -0,1134 185,4371 0,8931 23,0000 
3,850 2399,7009 1014,5086 1,9551 552,5595 21,2058 -0,1154 185,3797 0,8920 23,0000 
3,900 2425,3986 1024,4683 2,0073 550,0091 21,1580 -0,1173 185,3028 0,8908 23,0000 
3,950 2450,9861 1034,3608 2,0601 547,4786 21,1100 -0,1192 185,2073 0,8897 23,0000 
4,000 2476,4642 1044,1865 2,1135 544,9677 21,0618 -0,1212 185,0937 0,8886 23,0000 
4,050 2501,8340 1053,9457 2,1676 542,4762 21,0133 -0,1232 184,9628 0,8875 23,0000 
4,100 2527,0960 1063,6390 2,2224 540,0038 20,9646 -0,1251 184,8151 0,8865 23,0000 
4,150 2552,2513 1073,2667 2,2777 537,5504 20,9156 -0,1271 184,6514 0,8854 23,0000 
4,200 2577,3007 1082,8293 2,3337 535,1157 20,8664 -0,1291 184,4722 0,8843 23,0000 
4,250 2602,2449 1092,3271 2,3904 532,6995 20,8170 -0,1311 184,2780 0,8833 23,0000 
4,300 2627,0848 1101,7607 2,4476 530,3017 20,7673 -0,1331 184,0695 0,8822 23,0000 
4,350 2651,8212 1111,1304 2,5055 527,9220 20,7174 -0,1351 183,8472 0,8812 23,0000 
4,400 2676,4548 1120,4365 2,5640 525,5599 20,6672 -0,1371 183,6116 0,8801 23,0000 
4,450 2700,9864 1129,6796 2,6231 523,2143 20,6168 -0,1391 183,3632 0,8791 23,0000 
4,500 2725,4168 1138,8599 2,6829 520,8870 20,5662 -0,1411 183,1024 0,8781 23,0000 
4,550 2749,7467 1147,9779 2,7432 518,5777 20,5153 -0,1431 182,8299 0,8771 23,0000 
4,600 2773,9770 1157,0340 2,8042 516,2863 20,4642 -0,1452 182,5459 0,8761 23,0000 
4,650 2798,1085 1166,0285 2,8657 514,0124 20,4128 -0,1472 182,2511 0,8751 23,0000 
4,700 2822,1418 1174,9619 2,9279 511,7559 20,3612 -0,1493 181,9457 0,8741 23,0000 
4,750 2846,0777 1183,8345 2,9907 509,5165 20,3093 -0,1513 181,6303 0,8731 23,0000 
4,800 2869,9171 1192,6467 3,0541 507,2941 20,2572 -0,1534 181,3052 0,8722 23,0000 
4,850 2893,6606 1201,3989 3,1181 505,0883 20,2048 -0,1554 180,9708 0,8712 23,0000 
4,900 2917,3090 1210,0915 3,1827 502,8991 20,1522 -0,1575 180,6275 0,8702 23,0000 
4,950 2940,8629 1218,7247 3,2478 500,7263 20,0994 -0,1596 180,2756 0,8693 23,0000 
5,000 2964,3231 1227,2990 3,3136 498,5696 20,0463 -0,1617 179,9155 0,8683 23,0000 
5,050 2987,6903 1235,8147 3,3800 496,4289 19,9929 -0,1638 179,5475 0,8674 23,0000 
5,100 3010,9653 1244,2722 3,4469 494,3040 19,9393 -0,1659 179,1721 0,8665 23,0000 
5,150 3034,1486 1252,6718 3,5145 492,1947 19,8855 -0,1680 178,7894 0,8656 23,0000 
5,200 3057,2409 1261,0139 3,5826 490,1010 19,8314 -0,1701 178,3997 0,8646 23,0000 
5,250 3080,2430 1269,2988 3,6513 488,0227 19,7771 -0,1722 178,0035 0,8637 23,0000 
5,300 3103,1555 1277,5268 3,7205 485,9595 19,7225 -0,1743 177,6010 0,8628 23,0000 
5,350 3125,9791 1285,6983 3,7904 483,9114 19,6676 -0,1764 177,1923 0,8619 23,0000 
5,400 3148,7144 1293,8136 3,8608 481,8782 19,6125 -0,1785 176,7779 0,8611 23,0000 
5,450 3171,3620 1301,8730 3,9318 479,8598 19,5572 -0,1807 176,3580 0,8602 23,0000 
5,500 3193,9227 1309,8769 4,0034 477,8561 19,5016 -0,1828 175,9328 0,8593 23,0000 
5,550 3216,3970 1317,8256 4,0755 475,8669 19,4458 -0,1850 175,5026 0,8584 23,0000 
5,600 3238,7856 1325,7193 4,1482 473,8921 19,3897 -0,1871 175,0676 0,8576 23,0000 
5,650 3261,0891 1333,5584 4,2215 471,9315 19,3333 -0,1893 174,6280 0,8567 23,0000 
5,700 3283,3081 1341,3433 4,2953 469,9851 19,2767 -0,1914 174,1841 0,8559 23,0000 
5,750 3305,4432 1349,0742 4,3697 468,0528 19,2199 -0,1936 173,7360 0,8551 23,0000 
5,800 3327,4951 1356,7514 4,4446 466,1344 19,1627 -0,1958 173,2840 0,8542 23,0000 
5,850 3349,4644 1364,3753 4,5201 464,2298 19,1054 -0,1979 172,8283 0,8534 23,0000 
5,900 3371,3516 1371,9461 4,5961 462,3389 19,0478 -0,2001 172,3691 0,8526 23,0000 
5,950 3393,1574 1379,4641 4,6727 460,4616 18,9899 -0,2023 171,9065 0,8518 23,0000 
6,000 3414,8823 1386,9296 4,7498 458,5978 18,9318 -0,2045 171,4408 0,8510 23,0000 
6,050 3436,5269 1394,3430 4,8275 456,7474 18,8734 -0,2067 170,9720 0,8502 23,0000 
6,100 3458,0918 1401,7045 4,9057 454,9102 18,8147 -0,2089 170,5004 0,8494 23,0000 
6,150 3479,5776 1409,0144 4,9844 453,0863 18,7558 -0,2111 170,0262 0,8486 23,0000 
6,200 3500,9848 1416,2730 5,0637 451,2754 18,6967 -0,2133 169,5495 0,8478 23,0000 
6,250 3522,3141 1423,4805 5,1435 449,4776 18,6373 -0,2155 169,0705 0,8470 23,0000 
6,300 3543,5659 1430,6373 5,2239 447,6926 18,5776 -0,2177 168,5892 0,8463 23,0000 
6,350 3564,7409 1437,7436 5,3048 445,9204 18,5177 -0,2200 168,1059 0,8455 23,0000 
6,400 3585,8396 1444,7997 5,3862 444,1610 18,4575 -0,2222 167,6207 0,8447 23,0000 
6,450 3606,8625 1451,8059 5,4681 442,4141 18,3971 -0,2244 167,1337 0,8440 23,0000 
6,500 3627,8102 1458,7624 5,5506 440,6798 18,3364 -0,2267 166,6451 0,8432 23,0000 
6,550 3648,6832 1465,6695 5,6336 438,9579 18,2754 -0,2289 166,1549 0,8425 23,0000 
6,600 3669,4821 1472,5276 5,7171 437,2484 18,2142 -0,2312 165,6633 0,8418 23,0000 
6,650 3690,2075 1479,3367 5,8011 435,5511 18,1527 -0,2334 165,1705 0,8410 23,0000 
6,700 3710,8597 1486,0973 5,8856 433,8660 18,0910 -0,2357 164,6765 0,8403 23,0000 
6,750 3731,4394 1492,8095 5,9707 432,1930 18,0290 -0,2379 164,1814 0,8396 23,0000 
6,800 3751,9471 1499,4737 6,0562 430,5320 17,9667 -0,2402 163,6854 0,8389 23,0000 
6,850 3772,3833 1506,0900 6,1423 428,8829 17,9042 -0,2424 163,1886 0,8382 23,0000 
6,900 3792,7486 1512,6588 6,2289 427,2457 17,8415 -0,2447 162,6910 0,8375 23,0000 
6,950 3813,0434 1519,1802 6,3160 425,6202 17,7784 -0,2470 162,1927 0,8368 23,0000 
7,000 3833,2682 1525,6546 6,4036 424,0064 17,7151 -0,2493 161,6939 0,8361 23,0000 
7,050 3853,4235 1532,0822 6,4916 422,4041 17,6516 -0,2515 161,1947 0,8354 23,0000 
7,100 3873,5099 1538,4631 6,5802 420,8134 17,5877 -0,2538 160,6950 0,8347 23,0000 
7,150 3893,5279 1544,7978 6,6693 419,2341 17,5236 -0,2561 160,1951 0,8341 23,0000 
7,200 3913,4779 1551,0863 6,7589 417,6662 17,4593 -0,2584 159,6949 0,8334 23,0000 
7,250 3933,3604 1557,3290 6,8490 416,1095 17,3947 -0,2607 159,1946 0,8327 23,0000 
7,300 3953,1759 1563,5261 6,9395 414,5640 17,3298 -0,2630 158,6943 0,8321 23,0000 
7,350 3972,9249 1569,6778 7,0306 413,0296 17,2647 -0,2653 158,1939 0,8314 23,0000 
7,400 3992,6079 1575,7843 7,1221 411,5063 17,1993 -0,2676 157,6937 0,8308 23,0000 
7,450 4012,2254 1581,8459 7,2142 409,9939 17,1336 -0,2699 157,1936 0,8301 23,0000 
7,500 4031,7778 1587,8629 7,3067 408,4924 17,0677 -0,2723 156,6937 0,8295 23,0000 
7,550 4051,2656 1593,8353 7,3997 407,0018 17,0015 -0,2746 156,1941 0,8289 23,0000 
7,600 4070,6892 1599,7635 7,4932 405,5218 16,9351 -0,2769 155,6948 0,8282 23,0000 
7,650 4090,0492 1605,6477 7,5871 404,0525 16,8683 -0,2792 155,1960 0,8276 23,0000 
7,700 4109,3459 1611,4881 7,6816 402,5938 16,8014 -0,2816 154,6976 0,8270 23,0000 
7,750 4128,5799 1617,2850 7,7765 401,1456 16,7341 -0,2839 154,1998 0,8264 23,0000 
7,800 4147,7516 1623,0384 7,8719 399,7078 16,6666 -0,2862 153,7025 0,8258 23,0000 
7,850 4166,8615 1628,7487 7,9677 398,2804 16,5988 -0,2886 153,2058 0,8252 23,0000 
7,900 4185,9099 1634,4161 8,0640 396,8633 16,5308 -0,2909 152,7098 0,8246 23,0000 
7,950 4204,8973 1640,0408 8,1608 395,4564 16,4625 -0,2932 152,2145 0,8240 23,0000 
8,000 4223,8243 1645,6230 8,2581 394,0596 16,3939 -0,2956 151,7200 0,8234 23,0000 
8,050 4242,6911 1651,1628 8,3558 392,6730 16,3251 -0,2979 151,2263 0,8228 23,0000 
8,100 4261,4983 1656,6606 8,4540 391,2963 16,2560 -0,3002 150,7335 0,8222 23,0000 
8,150 4280,2462 1662,1164 8,5526 389,9295 16,1867 -0,3026 150,2415 0,8217 23,0000 
8,200 4298,9353 1667,5306 8,6517 388,5726 16,1170 -0,3049 149,7505 0,8211 23,0000 
8,250 4317,5661 1672,9033 8,7512 387,2262 16,0472 -0,3073 149,2604 0,8205 23,0000 
8,300 4336,1389 1678,2347 8,8512 385,8903 15,9770 -0,3096 148,7714 0,8200 23,0000 
8,350 4354,6544 1683,5251 8,9516 384,5647 15,9066 -0,3119 148,2834 0,8194 23,0000 
8,400 4373,1127 1688,7745 9,0525 383,2493 15,8359 -0,3143 147,7965 0,8189 23,0000 
8,450 4391,5146 1693,9834 9,1538 381,9439 15,7650 -0,3166 147,3107 0,8183 23,0000 
8,500 4409,8602 1699,1517 9,2555 380,6484 15,6938 -0,3190 146,8261 0,8178 23,0000 
8,550 4428,1502 1704,2798 9,3577 379,3628 15,6223 -0,3213 146,3426 0,8172 23,0000 
8,600 4446,3849 1709,3678 9,4604 378,0869 15,5506 -0,3236 145,8604 0,8167 23,0000 
8,650 4464,5646 1714,4160 9,5634 376,8207 15,4786 -0,3259 145,3793 0,8162 23,0000 
8,700 4482,6900 1719,4244 9,6669 375,5641 15,4063 -0,3283 144,8996 0,8157 23,0000 
8,750 4500,7613 1724,3934 9,7708 374,3170 15,3338 -0,3306 144,4211 0,8151 23,0000 
8,800 4518,7789 1729,3230 9,8751 373,0795 15,2610 -0,3329 143,9440 0,8146 23,0000 
8,850 4536,7434 1734,2135 9,9799 371,8515 15,1880 -0,3352 143,4682 0,8141 23,0000 
8,900 4554,6550 1739,0651 10,0850 370,6331 15,1147 -0,3375 142,9937 0,8136 23,0000 
8,950 4572,5143 1743,8779 10,1906 369,4241 15,0411 -0,3398 142,5206 0,8131 23,0000 
9,000 4590,3215 1748,6522 10,2966 368,2246 14,9673 -0,3421 142,0490 0,8126 23,0000 
9,050 4608,0772 1753,3881 10,4030 367,0345 14,8932 -0,3444 141,5788 0,8121 23,0000 
9,100 4625,7817 1758,0857 10,5098 365,8540 14,8189 -0,3467 141,1100 0,8116 23,0000 
9,150 4643,4355 1762,7454 10,6170 364,6831 14,7443 -0,3490 140,6426 0,8112 23,0000 
9,200 4661,0389 1767,3672 10,7245 363,5216 14,6694 -0,3513 140,1768 0,8107 23,0000 
9,250 4678,5924 1771,9513 10,8325 362,3697 14,5943 -0,3535 139,7125 0,8102 23,0000 
9,300 4696,0964 1776,4979 10,9409 361,2275 14,5189 -0,3558 139,2496 0,8097 23,0000 
9,350 4713,5513 1781,0073 11,0496 360,0948 14,4433 -0,3581 138,7883 0,8093 23,0000 
9,400 4730,9575 1785,4795 11,1587 358,9719 14,3674 -0,3603 138,3286 0,8088 23,0000 
9,450 4748,3155 1789,9148 11,2682 357,8586 14,2912 -0,3625 137,8704 0,8083 23,0000 
9,500 4765,6256 1794,3133 11,3781 356,7551 14,2148 -0,3647 137,4138 0,8079 23,0000 
9,550 4782,8884 1798,6753 11,4883 355,6613 14,1381 -0,3670 136,9588 0,8074 23,0000 
9,600 4800,1042 1803,0008 11,5989 354,5774 14,0612 -0,3692 136,5054 0,8070 23,0000 
9,650 4817,2734 1807,2901 11,7098 353,5033 13,9840 -0,3713 136,0536 0,8065 23,0000 
9,700 4834,3965 1811,5433 11,8211 352,4392 13,9066 -0,3735 135,6034 0,8061 23,0000 
9,750 4851,4739 1815,7607 11,9328 351,3849 13,8289 -0,3757 135,1549 0,8057 23,0000 
9,800 4868,5062 1819,9423 12,0448 350,3407 13,7510 -0,3778 134,7080 0,8052 23,0000 
9,850 4885,4936 1824,0884 12,1571 349,3065 13,6728 -0,3800 134,2627 0,8048 23,0000 
9,900 4902,4366 1828,1992 12,2698 348,2823 13,5944 -0,3821 133,8192 0,8044 23,0000 
9,950 4919,3357 1832,2747 12,3828 347,2682 13,5157 -0,3842 133,3773 0,8040 23,0000 
10,000 4936,1914 1836,3153 12,4961 346,2643 13,4368 -0,3863 132,9371 0,8035 23,0000 
10,050 4953,0040 1840,3210 12,6098 345,2705 13,3576 -0,3883 132,4986 0,8031 23,0000 
10,100 4969,7741 1844,2921 12,7238 344,2869 13,2782 -0,3904 132,0619 0,8027 23,0000 
10,150 4986,5020 1848,2286 12,8380 343,3135 13,1985 -0,3924 131,6268 0,8023 23,0000 
10,200 5003,1882 1852,1308 12,9526 342,3504 13,1186 -0,3945 131,1934 0,8019 23,0000 
10,250 5019,8332 1855,9989 13,0675 341,3975 13,0384 -0,3965 130,7618 0,8015 23,0000 
10,300 5036,4375 1859,8329 13,1827 340,4549 12,9580 -0,3985 130,3319 0,8011 23,0000 
10,350 5053,0014 1863,6332 13,2982 339,5226 12,8774 -0,4004 129,9038 0,8007 23,0000 
10,400 5069,5255 1867,3998 13,4140 338,6006 12,7965 -0,4024 129,4774 0,8004 23,0000 
10,450 5086,0102 1871,1329 13,5300 337,6889 12,7154 -0,4043 129,0527 0,8000 23,0000 
10,500 5102,4559 1874,8326 13,6463 336,7876 12,6340 -0,4063 128,6298 0,7996 23,0000 
10,550 5118,8631 1878,4992 13,7630 335,8966 12,5524 -0,4082 128,2087 0,7992 23,0000 
10,600 5135,2323 1882,1328 13,8798 335,0160 12,4706 -0,4100 127,7893 0,7988 23,0000 
10,650 5151,5640 1885,7336 13,9970 334,1456 12,3885 -0,4119 127,3717 0,7985 23,0000 
10,700 5167,8585 1889,3016 14,1144 333,2857 12,3063 -0,4137 126,9559 0,7981 23,0000 
10,750 5184,1164 1892,8372 14,2320 332,4360 12,2237 -0,4155 126,5418 0,7977 23,0000 
10,800 5200,3380 1896,3403 14,3499 331,5966 12,1410 -0,4173 126,1295 0,7974 23,0000 
10,850 5216,5240 1899,8113 14,4681 330,7676 12,0580 -0,4191 125,7190 0,7970 23,0000 
10,900 5232,6747 1903,2502 14,5865 329,9492 11,9748 -0,4209 125,3103 0,7967 23,0000 
10,950 5248,7905 1906,6572 14,7051 329,1403 11,8914 -0,4227 124,9033 0,7963 23,0000 
11,000 5264,8720 1910,0324 14,8240 328,3408 11,8077 -0,4244 124,4981 0,7960 23,0000 
11,050 5280,9195 1913,3760 14,9431 327,5512 11,7238 -0,4262 124,0948 0,7956 23,0000 
11,100 5296,9334 1916,6881 15,0625 326,7717 11,6397 -0,4279 123,6932 0,7953 23,0000 
11,150 5312,9143 1919,9689 15,1821 326,0025 11,5554 -0,4296 123,2933 0,7950 23,0000 
11,200 5328,8625 1923,2185 15,3019 325,2438 11,4709 -0,4313 122,8953 0,7946 23,0000 
11,250 5344,7787 1926,4371 15,4220 324,4956 11,3861 -0,4330 122,4991 0,7943 23,0000 
11,300 5360,6631 1929,6247 15,5422 323,7582 11,3011 -0,4347 122,1046 0,7940 23,0000 
11,350 5376,5164 1932,7816 15,6628 323,0315 11,2159 -0,4364 121,7119 0,7937 23,0000 
11,400 5392,3389 1935,9080 15,7835 322,3156 11,1305 -0,4381 121,3210 0,7933 23,0000 
11,450 5408,1313 1939,0038 15,9045 321,6104 11,0449 -0,4398 120,9319 0,7930 23,0000 
11,500 5423,8939 1942,0694 16,0258 320,9159 10,9591 -0,4415 120,5446 0,7927 23,0000 
11,550 5439,6273 1945,1047 16,1472 320,2321 10,8731 -0,4432 120,1591 0,7924 23,0000 
11,600 5455,3318 1948,1101 16,2689 319,5589 10,7868 -0,4448 119,7753 0,7921 23,0000 
11,650 5471,0081 1951,0855 16,3909 318,8962 10,7004 -0,4465 119,3934 0,7918 23,0000 
11,700 5486,6566 1954,0312 16,5130 318,2438 10,6137 -0,4481 119,0132 0,7915 23,0000 
11,750 5502,2776 1956,9472 16,6355 317,6017 10,5269 -0,4498 118,6348 0,7912 23,0000 
11,800 5517,8718 1959,8337 16,7581 316,9697 10,4399 -0,4514 118,2582 0,7909 23,0000 
11,850 5533,4395 1962,6908 16,8810 316,3476 10,3527 -0,4531 117,8833 0,7906 23,0000 
11,900 5548,9811 1965,5187 17,0041 315,7352 10,2652 -0,4547 117,5102 0,7903 23,0000 
11,950 5564,4972 1968,3174 17,1275 315,1325 10,1776 -0,4563 117,1389 0,7900 23,0000 
12,000 5579,9881 1971,0871 17,2511 314,5393 10,0898 -0,4579 116,7694 0,7898 23,0000 
12,050 5595,4542 1973,8280 17,3749 313,9552 10,0019 -0,4596 116,4016 0,7895 23,0000 
12,100 5610,8960 1976,5400 17,4990 313,3802 9,9137 -0,4612 116,0356 0,7892 23,0000 
12,150 5626,3139 1979,2233 17,6233 312,8141 9,8253 -0,4628 115,6714 0,7889 23,0000 
12,200 5641,7082 1981,8780 17,7478 312,2567 9,7368 -0,4644 115,3089 0,7887 23,0000 
12,250 5657,0793 1984,5043 17,8726 311,7077 9,6481 -0,4660 114,9481 0,7884 23,0000 
12,300 5672,4276 1987,1022 17,9977 311,1670 9,5592 -0,4676 114,5891 0,7881 23,0000 
12,350 5687,7534 1989,6718 18,1230 310,6344 9,4702 -0,4692 114,2318 0,7879 23,0000 
12,400 5703,0572 1992,2132 18,2485 310,1097 9,3810 -0,4708 113,8763 0,7876 23,0000 
12,450 5718,3392 1994,7265 18,3743 309,5926 9,2916 -0,4723 113,5225 0,7874 23,0000 
12,500 5733,5998 1997,2119 18,5003 309,0830 9,2020 -0,4739 113,1704 0,7871 23,0000 
12,550 5748,8392 1999,6693 18,6266 308,5808 9,1123 -0,4755 112,8200 0,7869 23,0000 
12,600 5764,0579 2002,0989 18,7531 308,0856 9,0224 -0,4771 112,4714 0,7866 23,0000 
12,650 5779,2561 2004,5007 18,8798 307,5973 8,9323 -0,4786 112,1244 0,7864 23,0000 
12,700 5794,4341 2006,8749 19,0068 307,1158 8,8421 -0,4802 111,7791 0,7861 23,0000 
12,750 5809,5921 2009,2215 19,1341 306,6408 8,7517 -0,4818 111,4356 0,7859 23,0000 
12,800 5824,7306 2011,5405 19,2616 306,1721 8,6611 -0,4833 111,0937 0,7857 23,0000 
12,850 5839,8497 2013,8321 19,3893 305,7096 8,5704 -0,4849 110,7535 0,7854 23,0000 
12,900 5854,9496 2016,0964 19,5173 305,2531 8,4796 -0,4864 110,4149 0,7852 23,0000 
12,950 5870,0307 2018,3333 19,6456 304,8024 8,3886 -0,4880 110,0780 0,7850 23,0000 
13,000 5885,0932 2020,5430 19,7740 304,3573 8,2974 -0,4895 109,7428 0,7847 23,0000 
13,050 5900,1373 2022,7256 19,9028 303,9177 8,2061 -0,4911 109,4092 0,7845 23,0000 
13,100 5915,1632 2024,8810 20,0318 303,4834 8,1146 -0,4926 109,0772 0,7843 23,0000 
13,150 5930,1712 2027,0094 20,1610 303,0542 8,0230 -0,4941 108,7469 0,7841 23,0000 
13,200 5945,1614 2029,1108 20,2905 302,6300 7,9312 -0,4957 108,4182 0,7839 23,0000 
13,250 5960,1341 2031,1852 20,4202 302,2106 7,8393 -0,4972 108,0911 0,7837 23,0000 
13,300 5975,0894 2033,2328 20,5502 301,7959 7,7473 -0,4987 107,7656 0,7835 23,0000 
13,350 5990,0276 2035,2536 20,6805 301,3857 7,6551 -0,5003 107,4418 0,7833 23,0000 
13,400 6004,9488 2037,2475 20,8109 300,9797 7,5627 -0,5018 107,1195 0,7831 23,0000 
13,450 6019,8531 2039,2148 20,9417 300,5768 7,4702 -0,5033 106,7987 0,7829 23,0000 
13,500 6034,7407 2041,1554 21,0727 300,1770 7,3776 -0,5048 106,4796 0,7827 23,0000 
13,550 6049,6117 2043,0693 21,2039 299,7801 7,2848 -0,5064 106,1620 0,7825 23,0000 
13,600 6064,4661 2044,9567 21,3354 299,3861 7,1919 -0,5079 105,8460 0,7823 23,0000 
13,650 6079,3041 2046,8175 21,4671 298,9950 7,0989 -0,5094 105,5315 0,7821 23,0000 
13,700 6094,1257 2048,6518 21,5991 298,6068 7,0057 -0,5109 105,2185 0,7819 23,0000 
13,750 6108,9311 2050,4596 21,7313 298,2213 6,9124 -0,5124 104,9071 0,7817 23,0000 
13,800 6123,7204 2052,2409 21,8638 297,8386 6,8189 -0,5139 104,5971 0,7815 23,0000 
13,850 6138,4936 2053,9959 21,9965 297,4587 6,7253 -0,5154 104,2887 0,7814 23,0000 
13,900 6153,2509 2055,7245 22,1294 297,0814 6,6316 -0,5169 103,9818 0,7812 23,0000 
13,950 6167,9923 2057,4267 22,2626 296,7068 6,5377 -0,5184 103,6763 0,7810 23,0000 
14,000 6182,7179 2059,1027 22,3961 296,3348 6,4437 -0,5199 103,3723 0,7809 23,0000 
14,050 6197,4279 2060,7524 22,5298 295,9653 6,3496 -0,5214 103,0698 0,7807 23,0000 
14,100 6212,1222 2062,3759 22,6637 295,5985 6,2553 -0,5229 102,7688 0,7805 23,0000 
14,150 6226,8010 2063,9733 22,7979 295,2341 6,1610 -0,5244 102,4691 0,7804 23,0000 
14,200 6241,4644 2065,5445 22,9323 294,8723 6,0664 -0,5259 102,1710 0,7802 23,0000 
14,250 6256,1124 2067,0895 23,0669 294,5129 5,9718 -0,5274 101,8742 0,7801 23,0000 
14,300 6270,7451 2068,6085 23,2018 294,1559 5,8770 -0,5289 101,5789 0,7799 23,0000 
14,350 6285,3627 2070,1015 23,3369 293,8013 5,7821 -0,5304 101,2850 0,7798 23,0000 
14,400 6299,9651 2071,5684 23,4723 293,4491 5,6870 -0,5319 100,9925 0,7796 23,0000 
14,450 6314,5524 2073,0094 23,6079 293,0993 5,5918 -0,5334 100,7013 0,7795 23,0000 
14,500 6329,1248 2074,4245 23,7438 292,7517 5,4965 -0,5348 100,4116 0,7793 23,0000 
14,550 6343,6822 2075,8136 23,8798 292,4065 5,4011 -0,5363 100,1232 0,7792 23,0000 
14,600 6358,2249 2077,1768 24,0162 292,0635 5,3056 -0,5378 99,8363 0,7790 23,0000 
14,650 6372,7527 2078,5142 24,1527 291,7228 5,2099 -0,5393 99,5506 0,7789 23,0000 
14,700 6387,2659 2079,8258 24,2895 291,3842 5,1141 -0,5408 99,2663 0,7788 23,0000 
14,750 6401,7644 2081,1116 24,4265 291,0479 5,0182 -0,5422 98,9834 0,7786 23,0000 
14,800 6416,2484 2082,3716 24,5638 290,7138 4,9221 -0,5437 98,7018 0,7785 23,0000 
14,850 6430,7178 2083,6060 24,7013 290,3818 4,8259 -0,5452 98,4215 0,7784 23,0000 
14,900 6445,1729 2084,8146 24,8390 290,0519 4,7296 -0,5467 98,1425 0,7783 23,0000 
14,950 6459,6135 2085,9976 24,9770 289,7241 4,6332 -0,5481 97,8649 0,7782 23,0000 
15,000 6474,0398 2087,1549 25,1152 289,3984 4,5367 -0,5496 97,5885 0,7780 23,0000 
15,050 6488,4519 2088,2867 25,2536 289,0748 4,4400 -0,5511 97,3135 0,7779 23,0000 
15,100 6502,8498 2089,3928 25,3923 288,7532 4,3433 -0,5525 97,0397 0,7778 23,0000 
15,150 6517,2336 2090,4734 25,5312 288,4337 4,2464 -0,5540 96,7672 0,7777 23,0000 
15,200 6531,6032 2091,5286 25,6703 288,1161 4,1494 -0,5554 96,4959 0,7776 23,0000 
15,250 6545,9589 2092,5582 25,8097 287,8006 4,0522 -0,5569 96,2260 0,7775 23,0000 
15,300 6560,3006 2093,5623 25,9492 287,4870 3,9550 -0,5584 95,9572 0,7774 23,0000 
15,350 6574,6284 2094,5411 26,0891 287,1753 3,8576 -0,5598 95,6898 0,7773 23,0000 
15,400 6588,9423 2095,4944 26,2291 286,8656 3,7602 -0,5613 95,4235 0,7772 23,0000 
15,450 6603,2424 2096,4224 26,3694 286,5579 3,6626 -0,5627 95,1585 0,7771 23,0000 
15,500 6617,5288 2097,3250 26,5099 286,2520 3,5649 -0,5642 94,8947 0,7770 23,0000 
15,550 6631,8014 2098,2022 26,6506 285,9480 3,4671 -0,5657 94,6322 0,7769 23,0000 
15,600 6646,0605 2099,0542 26,7916 285,6458 3,3691 -0,5671 94,3708 0,7768 23,0000 
15,650 6660,3059 2099,8810 26,9328 285,3456 3,2711 -0,5686 94,1106 0,7768 23,0000 
15,700 6674,5378 2100,6824 27,0742 285,0471 3,1730 -0,5700 93,8517 0,7767 23,0000 
15,750 6688,7561 2101,4587 27,2158 284,7505 3,0747 -0,5715 93,5939 0,7766 23,0000 
15,800 6702,9610 2102,2098 27,3577 284,4557 2,9763 -0,5729 93,3373 0,7765 23,0000 
15,850 6717,1526 2102,9357 27,4998 284,1627 2,8779 -0,5744 93,0819 0,7765 23,0000 
15,900 6731,3307 2103,6365 27,6421 283,8714 2,7793 -0,5758 92,8276 0,7764 23,0000 
15,950 6745,4955 2104,3122 27,7846 283,5820 2,6806 -0,5772 92,5745 0,7763 23,0000 
16,000 6759,6471 2104,9628 27,9274 283,2943 2,5818 -0,5787 92,3225 0,7763 23,0000 
16,050 6773,7854 2105,5883 28,0703 283,0083 2,4829 -0,5801 92,0717 0,7762 23,0000 
16,100 6787,9106 2106,1888 28,2135 282,7240 2,3839 -0,5816 91,8220 0,7761 23,0000 
16,150 6802,0226 2106,7643 28,3570 282,4415 2,2848 -0,5830 91,5735 0,7761 23,0000 
16,200 6816,1215 2107,3148 28,5006 282,1607 2,1855 -0,5845 91,3260 0,7760 23,0000 
16,250 6830,2074 2107,8403 28,6445 281,8815 2,0862 -0,5859 91,0797 0,7760 23,0000 
16,300 6844,2802 2108,3409 28,7886 281,6041 1,9868 -0,5873 90,8345 0,7759 23,0000 
16,350 6858,3401 2108,8166 28,9329 281,3283 1,8873 -0,5888 90,5904 0,7759 23,0000 
16,400 6872,3870 2109,2674 29,0774 281,0542 1,7876 -0,5902 90,3474 0,7758 23,0000 
16,450 6886,4210 2109,6934 29,2222 280,7817 1,6879 -0,5917 90,1055 0,7758 23,0000 
16,500 6900,4422 2110,0945 29,3671 280,5108 1,5881 -0,5931 89,8646 0,7757 23,0000 
16,550 6914,4506 2110,4708 29,5123 280,2416 1,4881 -0,5945 89,6249 0,7757 23,0000 
16,600 6928,4461 2110,8223 29,6577 279,9740 1,3881 -0,5960 89,3862 0,7757 23,0000 
16,650 6942,4290 2111,1490 29,8034 279,7080 1,2880 -0,5974 89,1486 0,7756 23,0000 
16,700 6956,3991 2111,4510 29,9492 279,4436 1,1878 -0,5988 88,9120 0,7756 23,0000 
16,750 6970,3566 2111,7283 30,0953 279,1807 1,0874 -0,6003 88,6765 0,7756 23,0000 
16,800 6984,3014 2111,9808 30,2415 278,9195 0,9870 -0,6017 88,4420 0,7755 23,0000 
16,850 6998,2336 2112,2087 30,3880 278,6598 0,8865 -0,6031 88,2086 0,7755 23,0000 
16,900 7012,1532 2112,4120 30,5347 278,4016 0,7859 -0,6046 87,9762 0,7755 23,0000 
16,950 7026,0604 2112,5906 30,6817 278,1451 0,6852 -0,6060 87,7448 0,7755 23,0000 
17,000 7039,9550 2112,7446 30,8288 277,8900 0,5844 -0,6074 87,5144 0,7755 23,0000 
17,050 7053,8372 2112,8741 30,9761 277,6365 0,4835 -0,6089 87,2851 0,7755 23,0000 
17,100 7067,7069 2112,9789 31,1237 277,3845 0,3825 -0,6103 87,0568 0,7754 23,0000 
17,150 7081,5642 2113,0593 31,2715 277,1340 0,2815 -0,6117 86,8295 0,7754 23,0000 
17,200 7095,4092 2113,1151 31,4195 276,8850 0,1803 -0,6131 86,6031 0,7754 23,0000 
17,250 7109,2418 2113,1464 31,5677 276,6375 0,0791 -0,6146 86,3778 0,7754 23,0000 
17,300 7123,0622 2113,1532 31,7161 276,3915 -0,0223 -0,6160 86,1534 0,7754 23,0000 
17,350 7136,8702 2113,1357 31,8647 276,1470 -0,1237 -0,6174 85,9301 0,7754 23,0000 
17,400 7150,6661 2113,0936 32,0136 275,9039 -0,2252 -0,6188 85,7077 0,7754 23,0000 
17,450 7164,4497 2113,0272 32,1626 275,6624 -0,3268 -0,6203 85,4863 0,7754 23,0000 
17,500 7178,2211 2112,9364 32,3119 275,4222 -0,4285 -0,6217 85,2658 0,7755 23,0000 
17,550 7191,9804 2112,8212 32,4614 275,1836 -0,5303 -0,6231 85,0463 0,7755 23,0000 
17,600 7205,7275 2112,6817 32,6110 274,9463 -0,6322 -0,6245 84,8277 0,7755 23,0000 
17,650 7219,4626 2112,5179 32,7609 274,7105 -0,7341 -0,6260 84,6101 0,7755 23,0000 
17,700 7233,1856 2112,3298 32,9110 274,4762 -0,8361 -0,6274 84,3935 0,7755 23,0000 
17,750 7246,8966 2112,1174 33,0613 274,2432 -0,9382 -0,6288 84,1777 0,7755 23,0000 
17,800 7260,5955 2111,8807 33,2119 274,0117 -1,0404 -0,6302 83,9629 0,7756 23,0000 
17,850 7274,2825 2111,6198 33,3626 273,7816 -1,1427 -0,6316 83,7491 0,7756 23,0000 
17,900 7287,9575 2111,3347 33,5135 273,5529 -1,2451 -0,6331 83,5361 0,7756 23,0000 
17,950 7301,6206 2111,0254 33,6647 273,3256 -1,3475 -0,6345 83,3241 0,7756 23,0000 
18,000 7315,2718 2110,6920 33,8160 273,0996 -1,4500 -0,6359 83,1130 0,7757 23,0000 
18,050 7328,9111 2110,3344 33,9676 272,8751 -1,5526 -0,6373 82,9028 0,7757 23,0000 
18,100 7342,5386 2109,9526 34,1193 272,6519 -1,6553 -0,6387 82,6934 0,7758 23,0000 
18,150 7356,1542 2109,5468 34,2713 272,4301 -1,7580 -0,6402 82,4850 0,7758 23,0000 
18,200 7369,7581 2109,1169 34,4235 272,2097 -1,8608 -0,6416 82,2775 0,7758 23,0000 
18,250 7383,3501 2108,6629 34,5758 271,9907 -1,9637 -0,6430 82,0708 0,7759 23,0000 
18,300 7396,9305 2108,1849 34,7284 271,7729 -2,0667 -0,6444 81,8651 0,7759 23,0000 
18,350 7410,4991 2107,6828 34,8812 271,5566 -2,1697 -0,6458 81,6602 0,7760 23,0000 
18,400 7424,0560 2107,1568 35,0342 271,3416 -2,2729 -0,6472 81,4562 0,7760 23,0000 
18,450 7437,6012 2106,6067 35,1874 271,1279 -2,3761 -0,6487 81,2530 0,7761 23,0000 
18,500 7451,1348 2106,0327 35,3408 270,9156 -2,4793 -0,6501 81,0507 0,7761 23,0000 
18,550 7464,6567 2105,4348 35,4943 270,7046 -2,5827 -0,6515 80,8493 0,7762 23,0000 
18,600 7478,1670 2104,8129 35,6481 270,4949 -2,6861 -0,6529 80,6487 0,7763 23,0000 
18,650 7491,6658 2104,1672 35,8021 270,2865 -2,7895 -0,6543 80,4490 0,7763 23,0000 
18,700 7505,1530 2103,4975 35,9563 270,0795 -2,8931 -0,6557 80,2501 0,7764 23,0000 
18,750 7518,6287 2102,8040 36,1107 269,8737 -2,9967 -0,6572 80,0521 0,7765 23,0000 
18,800 7532,0928 2102,0867 36,2653 269,6693 -3,1004 -0,6586 79,8549 0,7765 23,0000 
18,850 7545,5455 2101,3455 36,4201 269,4661 -3,2041 -0,6600 79,6585 0,7766 23,0000 
18,900 7558,9867 2100,5805 36,5751 269,2643 -3,3079 -0,6614 79,4629 0,7767 23,0000 
18,950 7572,4164 2099,7918 36,7303 269,0637 -3,4118 -0,6628 79,2682 0,7768 23,0000 
19,000 7585,8347 2098,9793 36,8857 268,8645 -3,5157 -0,6642 79,0742 0,7769 23,0000 
19,050 7599,2416 2098,1431 37,0413 268,6665 -3,6198 -0,6656 78,8811 0,7769 23,0000 
19,100 7612,6371 2097,2831 37,1971 268,4697 -3,7238 -0,6671 78,6888 0,7770 23,0000 
19,150 7626,0213 2096,3994 37,3531 268,2743 -3,8280 -0,6685 78,4973 0,7771 23,0000 
19,200 7639,3941 2095,4921 37,5093 268,0801 -3,9321 -0,6699 78,3066 0,7772 23,0000 
19,250 7652,7556 2094,5611 37,6657 267,8872 -4,0364 -0,6713 78,1167 0,7773 23,0000 
19,300 7666,1057 2093,6064 37,8223 267,6955 -4,1407 -0,6727 77,9276 0,7774 23,0000 
19,350 7679,4446 2092,6282 37,9791 267,5051 -4,2451 -0,6741 77,7393 0,7775 23,0000 
19,400 7692,7723 2091,6263 38,1360 267,3160 -4,3495 -0,6755 77,5518 0,7776 23,0000 
19,450 7706,0887 2090,6008 38,2932 267,1281 -4,4540 -0,6769 77,3650 0,7777 23,0000 
19,500 7719,3938 2089,5518 38,4506 266,9414 -4,5585 -0,6783 77,1790 0,7778 23,0000 
19,550 7732,6878 2088,4792 38,6082 266,7560 -4,6631 -0,6798 76,9938 0,7779 23,0000 
19,600 7745,9705 2087,3832 38,7659 266,5718 -4,7678 -0,6812 76,8094 0,7780 23,0000 
19,650 7759,2421 2086,2636 38,9239 266,3888 -4,8725 -0,6826 76,6257 0,7781 23,0000 
19,700 7772,5026 2085,1205 39,0820 266,2071 -4,9773 -0,6840 76,4427 0,7782 23,0000 
19,750 7785,7519 2083,9539 39,2403 266,0266 -5,0821 -0,6854 76,2606 0,7784 23,0000 
19,800 7798,9901 2082,7639 39,3989 265,8473 -5,1870 -0,6868 76,0792 0,7785 23,0000 
19,850 7812,2172 2081,5505 39,5576 265,6692 -5,2919 -0,6882 75,8985 0,7786 23,0000 
19,900 7825,4333 2080,3137 39,7165 265,4923 -5,3969 -0,6896 75,7186 0,7787 23,0000 
19,950 7838,6382 2079,0535 39,8756 265,3167 -5,5019 -0,6911 75,5394 0,7789 23,0000 
20,000 7851,8322 2077,7699 40,0349 265,1422 -5,6070 -0,6925 75,3609 0,7790 23,0000 
20,050 7865,0151 2076,4629 40,1945 264,9690 -5,7121 -0,6939 75,1832 0,7791 23,0000 
20,100 7878,1870 2075,1327 40,3542 264,7969 -5,8172 -0,6954 75,0062 0,7792 23,0000 
20,150 7891,3479 2073,7791 40,5141 264,6260 -5,9224 -0,6968 74,8300 0,7794 23,0000 
20,200 7904,4978 2072,4022 40,6742 264,4564 -6,0277 -0,6983 74,6544 0,7795 23,0000 
20,250 7917,6368 2071,0020 40,8345 264,2879 -6,1330 -0,6997 74,4796 0,7797 23,0000 
20,300 7930,7649 2069,5786 40,9950 264,1206 -6,2384 -0,7011 74,3055 0,7798 23,0000 
20,350 7943,8820 2068,1320 41,1557 263,9544 -6,3437 -0,7026 74,1321 0,7799 23,0000 
20,400 7956,9882 2066,6621 41,3165 263,7895 -6,4492 -0,7040 73,9594 0,7801 23,0000 
20,450 7970,0835 2065,1691 41,4776 263,6257 -6,5547 -0,7055 73,7874 0,7802 23,0000 
20,500 7983,1680 2063,6528 41,6389 263,4631 -6,6602 -0,7069 73,6162 0,7804 23,0000 
20,550 7996,2416 2062,1134 41,8004 263,3016 -6,7657 -0,7083 73,4456 0,7806 23,0000 
20,600 8009,3043 2060,5509 41,9620 263,1414 -6,8713 -0,7098 73,2757 0,7807 23,0000 
20,650 8022,3563 2058,9652 42,1239 262,9822 -6,9770 -0,7112 73,1065 0,7809 23,0000 
20,700 8035,3974 2057,3564 42,2860 262,8243 -7,0826 -0,7127 72,9380 0,7810 23,0000 
20,750 8048,4277 2055,7246 42,4482 262,6674 -7,1884 -0,7141 72,7702 0,7812 23,0000 
20,800 8061,4473 2054,0696 42,6107 262,5118 -7,2941 -0,7156 72,6030 0,7814 23,0000 
20,850 8074,4560 2052,3916 42,7733 262,3572 -7,3999 -0,7170 72,4366 0,7815 23,0000 
20,900 8087,4541 2050,6906 42,9361 262,2039 -7,5057 -0,7184 72,2708 0,7817 23,0000 
20,950 8100,4414 2048,9666 43,0991 262,0516 -7,6116 -0,7199 72,1057 0,7819 23,0000 
21,000 8113,4179 2047,2196 43,2624 261,9005 -7,7174 -0,7213 71,9412 0,7821 23,0000 
21,050 8126,3838 2045,4496 43,4258 261,7506 -7,8234 -0,7228 71,7774 0,7822 23,0000 
21,100 8139,3390 2043,6567 43,5894 261,6017 -7,9293 -0,7242 71,6143 0,7824 23,0000 
21,150 8152,2835 2041,8408 43,7531 261,4540 -8,0353 -0,7257 71,4519 0,7826 23,0000 
21,200 8165,2173 2040,0020 43,9171 261,3074 -8,1413 -0,7271 71,2901 0,7828 23,0000 
21,250 8178,1405 2038,1403 44,0813 261,1620 -8,2474 -0,7285 71,1289 0,7830 23,0000 
21,300 8191,0531 2036,2557 44,2457 261,0176 -8,3534 -0,7300 70,9684 0,7832 23,0000 
21,350 8203,9550 2034,3483 44,4102 260,8744 -8,4595 -0,7314 70,8086 0,7834 23,0000 
21,400 8216,8464 2032,4180 44,5749 260,7323 -8,5657 -0,7329 70,6493 0,7835 23,0000 
21,450 8229,7271 2030,4648 44,7399 260,5913 -8,6718 -0,7343 70,4908 0,7837 23,0000 
21,500 8242,5973 2028,4889 44,9050 260,4514 -8,7780 -0,7358 70,3328 0,7839 23,0000 
21,550 8255,4569 2026,4902 45,0703 260,3126 -8,8842 -0,7372 70,1756 0,7841 23,0000 
21,600 8268,3059 2024,4687 45,2358 260,1749 -8,9904 -0,7387 70,0189 0,7844 23,0000 
21,650 8281,1444 2022,4245 45,4015 260,0383 -9,0967 -0,7401 69,8629 0,7846 23,0000 
21,700 8293,9724 2020,3575 45,5673 259,9027 -9,2029 -0,7415 69,7075 0,7848 23,0000 
21,750 8306,7899 2018,2678 45,7334 259,7683 -9,3092 -0,7430 69,5527 0,7850 23,0000 
21,800 8319,5968 2016,1554 45,8997 259,6350 -9,4156 -0,7444 69,3985 0,7852 23,0000 
21,850 8332,3933 2014,0203 46,0661 259,5028 -9,5219 -0,7459 69,2450 0,7854 23,0000 
21,900 8345,1793 2011,8626 46,2327 259,3716 -9,6282 -0,7473 69,0921 0,7856 23,0000 
21,950 8357,9549 2009,6822 46,3995 259,2415 -9,7346 -0,7488 68,9398 0,7858 23,0000 
22,000 8370,7200 2007,4792 46,5665 259,1125 -9,8410 -0,7502 68,7881 0,7861 23,0000 
22,050 8383,4746 2005,2536 46,7337 258,9846 -9,9474 -0,7517 68,6370 0,7863 23,0000 
22,100 8396,2189 2003,0054 46,9010 258,8578 -10,0538 -0,7531 68,4865 0,7865 23,0000 
22,150 8408,9527 2000,7347 47,0686 258,7320 -10,1603 -0,7546 68,3366 0,7868 23,0000 
22,200 8421,6761 1998,4413 47,2363 258,6073 -10,2667 -0,7560 68,1873 0,7870 23,0000 
22,250 8434,3892 1996,1255 47,4042 258,4836 -10,3732 -0,7575 68,0386 0,7872 23,0000 
22,300 8447,0918 1993,7871 47,5723 258,3610 -10,4797 -0,7589 67,8905 0,7875 23,0000 
22,350 8459,7842 1991,4263 47,7406 258,2395 -10,5862 -0,7603 67,7430 0,7877 23,0000 
22,400 8472,4661 1989,0429 47,9091 258,1190 -10,6927 -0,7618 67,5961 0,7879 23,0000 
22,450 8485,1377 1986,6371 48,0777 257,9996 -10,7992 -0,7632 67,4498 0,7882 23,0000 
22,500 8497,7990 1984,2089 48,2466 257,8812 -10,9057 -0,7647 67,3041 0,7884 23,0000 
22,550 8510,4500 1981,7582 48,4156 257,7639 -11,0122 -0,7661 67,1589 0,7887 23,0000 
22,600 8523,0906 1979,2851 48,5848 257,6476 -11,1188 -0,7676 67,0144 0,7889 23,0000 
22,650 8535,7210 1976,7896 48,7542 257,5323 -11,2253 -0,7690 66,8704 0,7892 23,0000 
22,700 8548,3411 1974,2718 48,9237 257,4181 -11,3319 -0,7705 66,7269 0,7894 23,0000 
22,750 8560,9509 1971,7316 49,0935 257,3050 -11,4384 -0,7719 66,5841 0,7897 23,0000 
22,800 8573,5504 1969,1690 49,2634 257,1928 -11,5450 -0,7734 66,4418 0,7900 23,0000 
22,850 8586,1397 1966,5842 49,4335 257,0817 -11,6516 -0,7748 66,3001 0,7902 23,0000 
22,900 8598,7188 1963,9770 49,6038 256,9716 -11,7581 -0,7763 66,1590 0,7905 23,0000 
22,950 8611,2876 1961,3476 49,7742 256,8626 -11,8647 -0,7777 66,0184 0,7907 23,0000 
23,000 8623,8462 1958,6959 49,9449 256,7545 -11,9713 -0,7792 65,8784 0,7910 23,0000 
23,050 8636,3946 1956,0220 50,1157 256,6475 -12,0779 -0,7806 65,7389 0,7913 23,0000 
23,100 8648,9329 1953,3258 50,2867 256,5415 -12,1844 -0,7821 65,6000 0,7916 23,0000 
23,150 8661,4609 1950,6074 50,4579 256,4365 -12,2910 -0,7835 65,4617 0,7918 23,0000 
23,200 8673,9787 1947,8669 50,6292 256,3326 -12,3976 -0,7850 65,3239 0,7921 23,0000 
23,250 8686,4864 1945,1041 50,8007 256,2296 -12,5041 -0,7864 65,1866 0,7924 23,0000 
23,300 8698,9839 1942,3193 50,9725 256,1276 -12,6107 -0,7879 65,0499 0,7927 23,0000 
23,350 8711,4713 1939,5122 51,1443 256,0267 -12,7173 -0,7893 64,9138 0,7930 23,0000 
23,400 8723,9485 1936,6831 51,3164 255,9267 -12,8238 -0,7908 64,7782 0,7933 23,0000 
23,450 8736,4157 1933,8318 51,4886 255,8278 -12,9304 -0,7923 64,6431 0,7936 23,0000 
23,500 8748,8727 1930,9585 51,6611 255,7298 -13,0369 -0,7937 64,5086 0,7938 23,0000 
23,550 8761,3196 1928,0631 51,8337 255,6328 -13,1435 -0,7952 64,3746 0,7941 23,0000 
23,600 8773,7564 1925,1457 52,0064 255,5368 -13,2500 -0,7966 64,2411 0,7944 23,0000 
23,650 8786,1831 1922,2062 52,1794 255,4418 -13,3565 -0,7981 64,1082 0,7947 23,0000 
23,700 8798,5997 1919,2447 52,3525 255,3478 -13,4631 -0,7995 63,9758 0,7950 23,0000 
23,750 8811,0063 1916,2612 52,5258 255,2548 -13,5696 -0,8010 63,8440 0,7953 23,0000 
23,800 8823,4028 1913,2558 52,6993 255,1627 -13,6761 -0,8024 63,7126 0,7957 23,0000 
23,850 8835,7892 1910,2284 52,8729 255,0716 -13,7825 -0,8039 63,5818 0,7960 23,0000 
23,900 8848,1656 1907,1790 53,0467 254,9815 -13,8890 -0,8053 63,4515 0,7963 23,0000 
23,950 8860,5320 1904,1078 53,2207 254,8924 -13,9955 -0,8068 63,3218 0,7966 23,0000 
24,000 8872,8884 1901,0146 53,3949 254,8042 -14,1019 -0,8083 63,1925 0,7969 23,0000 
24,050 8885,2347 1897,8995 53,5692 254,7170 -14,2083 -0,8097 63,0638 0,7972 23,0000 
24,100 8897,5711 1894,7626 53,7437 254,6308 -14,3147 -0,8112 62,9356 0,7975 23,0000 
24,150 8909,8974 1891,6038 53,9184 254,5455 -14,4211 -0,8126 62,8079 0,7979 23,0000 
24,200 8922,2138 1888,4232 54,0932 254,4611 -14,5275 -0,8141 62,6807 0,7982 23,0000 
24,250 8934,5202 1885,2208 54,2682 254,3778 -14,6339 -0,8155 62,5540 0,7985 23,0000 
24,300 8946,8166 1881,9966 54,4434 254,2953 -14,7402 -0,8170 62,4278 0,7989 23,0000 
24,350 8959,1031 1878,7506 54,6188 254,2139 -14,8465 -0,8184 62,3022 0,7992 23,0000 
24,400 8971,3796 1875,4828 54,7943 254,1333 -14,9529 -0,8199 62,1770 0,7995 23,0000 
24,450 8983,6461 1872,1933 54,9700 254,0537 -15,0591 -0,8214 62,0523 0,7999 23,0000 
24,500 8995,9028 1868,8821 55,1459 253,9751 -15,1654 -0,8228 61,9282 0,8002 23,0000 
24,550 9008,1494 1865,5492 55,3220 253,8974 -15,2716 -0,8243 61,8045 0,8005 23,0000 
24,600 9020,3862 1862,1946 55,4982 253,8206 -15,3778 -0,8257 61,6813 0,8009 23,0000 
24,650 9032,6131 1858,8183 55,6745 253,7447 -15,4840 -0,8272 61,5587 0,8012 23,0000 
24,700 9044,8301 1855,4204 55,8511 253,6698 -15,5902 -0,8287 61,4365 0,8016 23,0000 
24,750 9057,0371 1852,0008 56,0278 253,5958 -15,6963 -0,8301 61,3148 0,8019 23,0000 
24,800 9069,2343 1848,5596 56,2047 253,5228 -15,8025 -0,8316 61,1936 0,8023 23,0000 
24,850 9081,4216 1845,0969 56,3817 253,4506 -15,9085 -0,8330 61,0729 0,8026 23,0000 
24,900 9093,5990 1841,6125 56,5590 253,3794 -16,0146 -0,8345 60,9527 0,8030 23,0000 
24,950 9105,7666 1838,1066 56,7364 253,3091 -16,1206 -0,8360 60,8329 0,8034 23,0000 
25,000 9117,9243 1834,5791 56,9139 253,2397 -16,2266 -0,8374 60,7137 0,8037 23,0000 
25,050 9130,0722 1831,0301 57,0916 253,1712 -16,3326 -0,8389 60,5949 0,8041 23,0000 
25,100 9142,2102 1827,4596 57,2695 253,1036 -16,4386 -0,8403 60,4766 0,8045 23,0000 
25,150 9154,3384 1823,8676 57,4476 253,0369 -16,5445 -0,8418 60,3588 0,8048 23,0000 
25,200 9166,4567 1820,2542 57,6258 252,9711 -16,6503 -0,8433 60,2415 0,8052 23,0000 
25,250 9178,5652 1816,6192 57,8041 252,9062 -16,7562 -0,8447 60,1246 0,8056 23,0000 
25,300 9190,6640 1812,9629 57,9827 252,8422 -16,8620 -0,8462 60,0082 0,8060 23,0000 
25,350 9202,7529 1809,2851 58,1614 252,7791 -16,9678 -0,8477 59,8923 0,8063 23,0000 
25,400 9214,8320 1805,5859 58,3403 252,7169 -17,0735 -0,8491 59,7768 0,8067 23,0000 
25,450 9226,9013 1801,8654 58,5193 252,6556 -17,1792 -0,8506 59,6618 0,8071 23,0000 
25,500 9238,9609 1798,1235 58,6985 252,5952 -17,2849 -0,8520 59,5473 0,8075 23,0000 
25,550 9251,0106 1794,3602 58,8779 252,5356 -17,3905 -0,8535 59,4333 0,8079 23,0000 
25,600 9263,0506 1790,5756 59,0574 252,4769 -17,4961 -0,8550 59,3197 0,8083 23,0000 
25,650 9275,0809 1786,7697 59,2371 252,4191 -17,6017 -0,8564 59,2066 0,8087 23,0000 
25,700 9287,1013 1782,9425 59,4169 252,3622 -17,7072 -0,8579 59,0939 0,8091 23,0000 
25,750 9299,1121 1779,0941 59,5969 252,3062 -17,8127 -0,8594 58,9817 0,8095 23,0000 
25,800 9311,1130 1775,2244 59,7771 252,2510 -17,9181 -0,8608 58,8700 0,8099 23,0000 
25,850 9323,1043 1771,3334 59,9574 252,1966 -18,0235 -0,8623 58,7587 0,8103 23,0000 
25,900 9335,0858 1767,4212 60,1379 252,1432 -18,1288 -0,8638 58,6478 0,8107 23,0000 
25,950 9347,0576 1763,4878 60,3185 252,0906 -18,2341 -0,8652 58,5374 0,8111 23,0000 
26,000 9359,0196 1759,5333 60,4994 252,0388 -18,3394 -0,8667 58,4275 0,8115 23,0000 
26,050 9370,9720 1755,5576 60,6803 251,9879 -18,4446 -0,8682 58,3180 0,8119 23,0000 
26,100 9382,9146 1751,5607 60,8614 251,9379 -18,5498 -0,8696 58,2090 0,8123 23,0000 
26,150 9394,8476 1747,5427 61,0427 251,8887 -18,6549 -0,8711 58,1004 0,8127 23,0000 
26,200 9406,7708 1743,5036 61,2242 251,8403 -18,7600 -0,8726 57,9923 0,8132 23,0000 
26,250 9418,6844 1739,4434 61,4058 251,7928 -18,8650 -0,8740 57,8846 0,8136 23,0000 
26,300 9430,5883 1735,3621 61,5875 251,7461 -18,9700 -0,8755 57,7773 0,8140 23,0000 
26,350 9442,4825 1731,2598 61,7695 251,7003 -19,0750 -0,8770 57,6705 0,8144 23,0000 
26,400 9454,3670 1727,1364 61,9515 251,6553 -19,1799 -0,8784 57,5642 0,8149 23,0000 
26,450 9466,2419 1722,9921 62,1338 251,6111 -19,2847 -0,8799 57,4582 0,8153 23,0000 
26,500 9478,1071 1718,8267 62,3161 251,5678 -19,3895 -0,8814 57,3528 0,8157 23,0000 
26,550 9489,9627 1714,6403 62,4987 251,5253 -19,4942 -0,8829 57,2477 0,8162 23,0000 
26,600 9501,8086 1710,4330 62,6814 251,4836 -19,5989 -0,8843 57,1431 0,8166 23,0000 
26,650 9513,6448 1706,2047 62,8642 251,4427 -19,7035 -0,8858 57,0389 0,8170 23,0000 
26,700 9525,4715 1701,9555 63,0472 251,4026 -19,8081 -0,8873 56,9352 0,8175 23,0000 
26,750 9537,2885 1697,6854 63,2304 251,3633 -19,9126 -0,8887 56,8318 0,8179 23,0000 
26,800 9549,0959 1693,3944 63,4137 251,3249 -20,0171 -0,8902 56,7290 0,8184 23,0000 
26,850 9560,8936 1689,0826 63,5972 251,2873 -20,1215 -0,8917 56,6265 0,8188 23,0000 
26,900 9572,6817 1684,7498 63,7808 251,2504 -20,2259 -0,8932 56,5245 0,8193 23,0000 
26,950 9584,4603 1680,3963 63,9646 251,2144 -20,3302 -0,8946 56,4229 0,8197 23,0000 
27,000 9596,2292 1676,0219 64,1485 251,1792 -20,4344 -0,8961 56,3217 0,8202 23,0000 
27,050 9607,9885 1671,6267 64,3326 251,1447 -20,5386 -0,8976 56,2209 0,8207 23,0000 
27,100 9619,7382 1667,2108 64,5168 251,1111 -20,6428 -0,8990 56,1206 0,8211 23,0000 
27,150 9631,4784 1662,7741 64,7012 251,0782 -20,7468 -0,9005 56,0207 0,8216 23,0000 
27,200 9643,2089 1658,3166 64,8857 251,0462 -20,8508 -0,9020 55,9212 0,8221 23,0000 
27,250 9654,9299 1653,8384 65,0704 251,0149 -20,9548 -0,9035 55,8221 0,8225 23,0000 
27,300 9666,6413 1649,3395 65,2553 250,9844 -21,0587 -0,9049 55,7235 0,8230 23,0000 
27,350 9678,3431 1644,8200 65,4402 250,9546 -21,1625 -0,9064 55,6253 0,8235 23,0000 
27,400 9690,0353 1640,2797 65,6254 250,9257 -21,2663 -0,9079 55,5274 0,8240 23,0000 
27,450 9701,7180 1635,7188 65,8107 250,8975 -21,3700 -0,9094 55,4300 0,8244 23,0000 
27,500 9713,3911 1631,1373 65,9961 250,8701 -21,4736 -0,9108 55,3330 0,8249 23,0000 
27,550 9725,0547 1626,5352 66,1817 250,8435 -21,5772 -0,9123 55,2365 0,8254 23,0000 
27,600 9736,7088 1621,9125 66,3674 250,8176 -21,6807 -0,9138 55,1403 0,8259 23,0000 
27,650 9748,3532 1617,2692 66,5533 250,7924 -21,7841 -0,9153 55,0445 0,8264 23,0000 
27,700 9759,9882 1612,6053 66,7393 250,7681 -21,8875 -0,9167 54,9492 0,8269 23,0000 
27,750 9771,6136 1607,9209 66,9255 250,7445 -21,9908 -0,9182 54,8542 0,8274 23,0000 
27,800 9783,2295 1603,2160 67,1118 250,7216 -22,0940 -0,9197 54,7597 0,8279 23,0000 
27,850 9794,8358 1598,4906 67,2983 250,6995 -22,1972 -0,9212 54,6656 0,8284 23,0000 
27,900 9806,4326 1593,7447 67,4849 250,6781 -22,3003 -0,9227 54,5718 0,8289 23,0000 
27,950 9818,0199 1588,9783 67,6717 250,6575 -22,4034 -0,9241 54,4785 0,8294 23,0000 
28,000 9829,5977 1584,1915 67,8586 250,6376 -22,5063 -0,9256 54,3856 0,8299 23,0000 
28,050 9841,1660 1579,3843 68,0456 250,6185 -22,6092 -0,9271 54,2931 0,8304 23,0000 
28,100 9852,7248 1574,5566 68,2328 250,6001 -22,7120 -0,9286 54,2010 0,8309 23,0000 
28,150 9864,2740 1569,7086 68,4201 250,5824 -22,8148 -0,9300 54,1092 0,8314 23,0000 
28,200 9875,8138 1564,8402 68,6076 250,5654 -22,9175 -0,9315 54,0179 0,8319 23,0000 
28,250 9887,3441 1559,9515 68,7953 250,5492 -23,0201 -0,9330 53,9270 0,8324 23,0000 
28,300 9898,8648 1555,0424 68,9830 250,5337 -23,1226 -0,9345 53,8365 0,8330 23,0000 
28,350 9910,3761 1550,1130 69,1709 250,5189 -23,2251 -0,9360 53,7463 0,8335 23,0000 
28,400 9921,8779 1545,1633 69,3590 250,5048 -23,3275 -0,9374 53,6566 0,8340 23,0000 
28,450 9933,3702 1540,1934 69,5472 250,4914 -23,4298 -0,9389 53,5672 0,8345 23,0000 
28,500 9944,8531 1535,2032 69,7355 250,4788 -23,5320 -0,9404 53,4783 0,8351 23,0000 
28,550 9956,3264 1530,1927 69,9240 250,4668 -23,6342 -0,9419 53,3897 0,8356 23,0000 
28,600 9967,7903 1525,1621 70,1126 250,4556 -23,7363 -0,9434 53,3015 0,8361 23,0000 
28,650 9979,2447 1520,1112 70,3014 250,4450 -23,8383 -0,9449 53,2138 0,8367 23,0000 
28,700 9990,6897 1515,0402 70,4903 250,4352 -23,9402 -0,9463 53,1264 0,8372 23,0000 
28,750 10002,1252 1509,9490 70,6793 250,4260 -24,0420 -0,9478 53,0393 0,8378 23,0000 
28,800 10013,5512 1504,8377 70,8685 250,4176 -24,1438 -0,9493 52,9527 0,8383 23,0000 
28,850 10024,9678 1499,7062 71,0578 250,4098 -24,2455 -0,9508 52,8665 0,8389 23,0000 
28,900 10036,3749 1494,5547 71,2473 250,4027 -24,3471 -0,9523 52,7806 0,8394 23,0000 
28,950 10047,7726 1489,3830 71,4369 250,3963 -24,4487 -0,9537 52,6951 0,8400 23,0000 
29,000 10059,1608 1484,1913 71,6266 250,3906 -24,5501 -0,9552 52,6101 0,8405 23,0000 
29,050 10070,5396 1478,9796 71,8165 250,3855 -24,6515 -0,9567 52,5253 0,8411 23,0000 
29,100 10081,9090 1473,7478 72,0065 250,3811 -24,7528 -0,9582 52,4410 0,8416 23,0000 
29,150 10093,2689 1468,4960 72,1966 250,3774 -24,8540 -0,9597 52,3571 0,8422 23,0000 
29,200 10104,6193 1463,2243 72,3869 250,3744 -24,9551 -0,9612 52,2735 0,8428 23,0000 
29,250 10115,9604 1457,9326 72,5773 250,3720 -25,0561 -0,9627 52,1903 0,8433 23,0000 
29,300 10127,2920 1452,6209 72,7679 250,3703 -25,1571 -0,9641 52,1075 0,8439 23,0000 
29,350 10138,6142 1447,2893 72,9586 250,3692 -25,2580 -0,9656 52,0250 0,8445 23,0000 
29,400 10149,9269 1441,9378 73,1494 250,3688 -25,3587 -0,9671 51,9429 0,8450 23,0000 
29,450 10161,2303 1436,5664 73,3404 250,3691 -25,4594 -0,9686 51,8612 0,8456 23,0000 
29,500 10172,5242 1431,1751 73,5315 250,3700 -25,5600 -0,9701 51,7799 0,8462 23,0000 
29,550 10183,8087 1425,7640 73,7227 250,3715 -25,6606 -0,9716 51,6990 0,8468 23,0000 
29,600 10195,0837 1420,3331 73,9140 250,3737 -25,7610 -0,9731 51,6184 0,8474 23,0000 
29,650 10206,3494 1414,8823 74,1055 250,3765 -25,8614 -0,9745 51,5382 0,8479 23,0000 
29,700 10217,6057 1409,4118 74,2971 250,3800 -25,9616 -0,9760 51,4583 0,8485 23,0000 
29,750 10228,8525 1403,9215 74,4889 250,3841 -26,0618 -0,9775 51,3789 0,8491 23,0000 
29,800 10240,0900 1398,4114 74,6808 250,3888 -26,1619 -0,9790 51,2998 0,8497 23,0000 
29,850 10251,3180 1392,8816 74,8728 250,3942 -26,2619 -0,9805 51,2210 0,8503 23,0000 
29,900 10262,5366 1387,3321 75,0649 250,4001 -26,3618 -0,9820 51,1426 0,8509 23,0000 
29,950 10273,7459 1381,7629 75,2572 250,4067 -26,4616 -0,9835 51,0646 0,8515 23,0000 
30,000 10284,9457 1376,1740 75,4496 250,4140 -26,5613 -0,9849 50,9870 0,8521 23,0000 
30,050 10296,1362 1370,5655 75,6422 250,4218 -26,6610 -0,9864 50,9097 0,8527 23,0000 
30,100 10307,3172 1364,9374 75,8348 250,4302 -26,7605 -0,9879 50,8328 0,8533 23,0000 
30,150 10318,4889 1359,2896 76,0276 250,4393 -26,8600 -0,9894 50,7562 0,8539 23,0000 
30,200 10329,6512 1353,6222 76,2205 250,4490 -26,9593 -0,9909 50,6800 0,8546 23,0000 
30,250 10340,8040 1347,9353 76,4136 250,4592 -27,0586 -0,9924 50,6042 0,8552 23,0000 
30,300 10351,9475 1342,2288 76,6067 250,4701 -27,1577 -0,9939 50,5287 0,8558 23,0000 
30,350 10363,0817 1336,5028 76,8000 250,4815 -27,2568 -0,9954 50,4536 0,8564 23,0000 
30,400 10374,2064 1330,7573 76,9935 250,4936 -27,3558 -0,9969 50,3788 0,8570 23,0000 
30,450 10385,3217 1324,9923 77,1870 250,5062 -27,4547 -0,9983 50,3044 0,8577 23,0000 
30,500 10396,4277 1319,2078 77,3807 250,5195 -27,5535 -0,9998 50,2304 0,8583 23,0000 
30,550 10407,5243 1313,4038 77,5745 250,5333 -27,6522 -1,0013 50,1567 0,8589 23,0000 
30,600 10418,6115 1307,5805 77,7684 250,5477 -27,7508 -1,0028 50,0833 0,8596 23,0000 
30,650 10429,6894 1301,7377 77,9625 250,5627 -27,8493 -1,0043 50,0104 0,8602 23,0000 
30,700 10440,7578 1295,8755 78,1567 250,5782 -27,9477 -1,0058 49,9377 0,8608 23,0000 
30,750 10451,8169 1289,9940 78,3510 250,5943 -28,0460 -1,0073 49,8654 0,8615 23,0000 
30,800 10462,8667 1284,0931 78,5454 250,6110 -28,1442 -1,0088 49,7935 0,8621 23,0000 
30,850 10473,9070 1278,1728 78,7399 250,6283 -28,2423 -1,0103 49,7219 0,8628 23,0000 
30,900 10484,9380 1272,2333 78,9346 250,6461 -28,3403 -1,0118 49,6507 0,8634 23,0000 
30,950 10495,9596 1266,2745 79,1294 250,6645 -28,4382 -1,0132 49,5798 0,8641 23,0000 
31,000 10506,9719 1260,2964 79,3243 250,6834 -28,5361 -1,0147 49,5093 0,8647 23,0000 
31,050 10517,9748 1254,2991 79,5193 250,7029 -28,6338 -1,0162 49,4391 0,8654 23,0000 
31,100 10528,9683 1248,2825 79,7145 250,7230 -28,7314 -1,0177 49,3692 0,8660 23,0000 
31,150 10539,9525 1242,2467 79,9097 250,7435 -28,8289 -1,0192 49,2998 0,8667 23,0000 
31,200 10550,9273 1236,1918 80,1051 250,7647 -28,9263 -1,0207 49,2306 0,8674 23,0000 
31,250 10561,8927 1230,1176 80,3006 250,7864 -29,0236 -1,0222 49,1618 0,8680 23,0000 
31,300 10572,8488 1224,0244 80,4963 250,8086 -29,1208 -1,0237 49,0933 0,8687 23,0000 
31,350 10583,7955 1217,9120 80,6920 250,8313 -29,2179 -1,0252 49,0252 0,8694 23,0000 
31,400 10594,7329 1211,7805 80,8879 250,8546 -29,3150 -1,0267 48,9574 0,8700 23,0000 
31,450 10605,6609 1205,6299 81,0838 250,8784 -29,4119 -1,0281 48,8900 0,8707 23,0000 
31,500 10616,5796 1199,4602 81,2799 250,9028 -29,5087 -1,0296 48,8229 0,8714 23,0000 
31,550 10627,4889 1193,2715 81,4762 250,9276 -29,6054 -1,0311 48,7562 0,8721 23,0000 
31,600 10638,3888 1187,0638 81,6725 250,9530 -29,7019 -1,0326 48,6897 0,8728 23,0000 
31,650 10649,2794 1180,8371 81,8689 250,9789 -29,7984 -1,0341 48,6237 0,8735 23,0000 
31,700 10660,1607 1174,5914 82,0655 251,0053 -29,8948 -1,0356 48,5579 0,8741 23,0000 
31,750 10671,0326 1168,3268 82,2621 251,0322 -29,9911 -1,0371 48,4925 0,8748 23,0000 
31,800 10681,8951 1162,0432 82,4589 251,0597 -30,0873 -1,0386 48,4274 0,8755 23,0000 
31,850 10692,7483 1155,7407 82,6558 251,0876 -30,1833 -1,0401 48,3627 0,8762 23,0000 
31,900 10703,5921 1149,4193 82,8528 251,1160 -30,2793 -1,0416 48,2983 0,8769 23,0000 
31,950 10714,4266 1143,0790 83,0499 251,1450 -30,3752 -1,0431 48,2343 0,8776 23,0000 
32,000 10725,2517 1136,7199 83,2472 251,1744 -30,4709 -1,0445 48,1705 0,8783 23,0000 
32,050 10736,0675 1130,3420 83,4445 251,2043 -30,5666 -1,0460 48,1071 0,8790 23,0000 
32,100 10746,8740 1123,9452 83,6420 251,2347 -30,6621 -1,0475 48,0441 0,8797 23,0000 
32,150 10757,6711 1117,5297 83,8395 251,2656 -30,7575 -1,0490 47,9813 0,8805 23,0000 
32,200 10768,4588 1111,0953 84,0372 251,2970 -30,8529 -1,0505 47,9189 0,8812 23,0000 
32,250 10779,2372 1104,6423 84,2350 251,3289 -30,9481 -1,0520 47,8569 0,8819 23,0000 
32,300 10790,0063 1098,1705 84,4329 251,3612 -31,0432 -1,0535 47,7951 0,8826 23,0000 
32,350 10800,7660 1091,6800 84,6309 251,3940 -31,1382 -1,0550 47,7337 0,8833 23,0000 
32,400 10811,5163 1085,1708 84,8290 251,4273 -31,2331 -1,0565 47,6726 0,8841 23,0000 
32,450 10822,2573 1078,6430 85,0272 251,4611 -31,3278 -1,0580 47,6118 0,8848 23,0000 
32,500 10832,9890 1072,0965 85,2255 251,4953 -31,4225 -1,0594 47,5514 0,8855 23,0000 
32,550 10843,7113 1065,5314 85,4239 251,5300 -31,5171 -1,0609 47,4913 0,8862 23,0000 
32,600 10854,4242 1058,9477 85,6225 251,5651 -31,6115 -1,0624 47,4315 0,8870 23,0000 
32,650 10865,1279 1052,3454 85,8211 251,6007 -31,7059 -1,0639 47,3721 0,8877 23,0000 
32,700 10875,8221 1045,7246 86,0198 251,6367 -31,8001 -1,0654 47,3129 0,8885 23,0000 
32,750 10886,5071 1039,0853 86,2187 251,6732 -31,8942 -1,0669 47,2541 0,8892 23,0000 
32,800 10897,1826 1032,4274 86,4176 251,7102 -31,9882 -1,0684 47,1956 0,8900 23,0000 
32,850 10907,8489 1025,7511 86,6167 251,7476 -32,0821 -1,0699 47,1375 0,8907 23,0000 
32,900 10918,5058 1019,0563 86,8158 251,7854 -32,1759 -1,0713 47,0796 0,8915 23,0000 
32,950 10929,1533 1012,3430 87,0151 251,8236 -32,2696 -1,0728 47,0221 0,8922 23,0000 
33,000 10939,7915 1005,6113 87,2145 251,8623 -32,3631 -1,0743 46,9649 0,8930 23,0000 
33,050 10950,4203 998,8612 87,4139 251,9015 -32,4566 -1,0758 46,9080 0,8937 23,0000 
33,100 10961,0398 992,0928 87,6135 251,9410 -32,5499 -1,0773 46,8514 0,8945 23,0000 
33,150 10971,6499 985,3060 87,8131 251,9810 -32,6431 -1,0788 46,7952 0,8952 23,0000 
33,200 10982,2507 978,5008 88,0129 252,0214 -32,7362 -1,0803 46,7392 0,8960 23,0000 
33,250 10992,8422 971,6773 88,2127 252,0622 -32,8292 -1,0817 46,6836 0,8968 23,0000 
33,300 11003,4243 964,8356 88,4127 252,1035 -32,9221 -1,0832 46,6283 0,8975 23,0000 
33,350 11013,9970 957,9756 88,6127 252,1451 -33,0149 -1,0847 46,5733 0,8983 23,0000 
33,400 11024,5604 951,0973 88,8129 252,1872 -33,1075 -1,0862 46,5186 0,8991 23,0000 
33,450 11035,1144 944,2008 89,0131 252,2296 -33,2001 -1,0877 46,4643 0,8999 23,0000 
33,500 11045,6591 937,2861 89,2135 252,2725 -33,2925 -1,0892 46,4102 0,9007 23,0000 
33,550 11056,1945 930,3532 89,4139 252,3158 -33,3848 -1,0906 46,3565 0,9014 23,0000 
33,600 11066,7204 923,4022 89,6144 252,3595 -33,4770 -1,0921 46,3031 0,9022 23,0000 
33,650 11077,2371 916,4330 89,8150 252,4035 -33,5691 -1,0936 46,2500 0,9030 23,0000 
33,700 11087,7443 909,4457 90,0158 252,4480 -33,6611 -1,0951 46,1972 0,9038 23,0000 
33,750 11098,2423 902,4404 90,2166 252,4928 -33,7529 -1,0966 46,1447 0,9046 23,0000 
33,800 11108,7308 895,4169 90,4175 252,5381 -33,8446 -1,0981 46,0925 0,9054 23,0000 
33,850 11119,2100 888,3754 90,6184 252,5837 -33,9363 -1,0995 46,0406 0,9062 23,0000 
33,900 11129,6799 881,3159 90,8195 252,6297 -34,0278 -1,1010 45,9891 0,9070 23,0000 
33,950 11140,1404 874,2384 91,0207 252,6760 -34,1192 -1,1025 45,9378 0,9078 23,0000 
34,000 11150,5915 867,1429 91,2220 252,7228 -34,2104 -1,1040 45,8869 0,9086 23,0000 
34,050 11161,0333 860,0295 91,4233 252,7699 -34,3016 -1,1054 45,8362 0,9094 23,0000 
34,100 11171,4657 852,8981 91,6247 252,8174 -34,3926 -1,1069 45,7859 0,9102 23,0000 
34,150 11181,8887 845,7489 91,8263 252,8652 -34,4835 -1,1084 45,7358 0,9111 23,0000 
34,200 11192,3024 838,5817 92,0279 252,9134 -34,5743 -1,1099 45,6861 0,9119 23,0000 
34,250 11202,7067 831,3967 92,2296 252,9620 -34,6650 -1,1113 45,6367 0,9127 23,0000 
34,300 11213,1017 824,1938 92,4314 253,0109 -34,7556 -1,1128 45,5876 0,9135 23,0000 
34,350 11223,4873 816,9731 92,6332 253,0602 -34,8460 -1,1143 45,5387 0,9144 23,0000 
34,400 11233,8635 809,7346 92,8352 253,1098 -34,9364 -1,1158 45,4902 0,9152 23,0000 
34,450 11244,2304 802,4784 93,0372 253,1598 -35,0266 -1,1172 45,4420 0,9160 23,0000 
34,500 11254,5878 795,2043 93,2394 253,2101 -35,1167 -1,1187 45,3941 0,9169 23,0000 
34,550 11264,9359 787,9126 93,4416 253,2607 -35,2067 -1,1202 45,3465 0,9177 23,0000 
34,600 11275,2747 780,6032 93,6439 253,3117 -35,2965 -1,1216 45,2991 0,9185 23,0000 
34,650 11285,6041 773,2761 93,8462 253,3630 -35,3863 -1,1231 45,2521 0,9194 23,0000 
34,700 11295,9241 765,9313 94,0487 253,4147 -35,4759 -1,1246 45,2054 0,9202 23,0000 
34,750 11306,2347 758,5689 94,2512 253,4667 -35,5654 -1,1260 45,1590 0,9211 23,0000 
34,800 11316,5359 751,1889 94,4538 253,5190 -35,6548 -1,1275 45,1128 0,9219 23,0000 
34,850 11326,8278 743,7913 94,6565 253,5716 -35,7441 -1,1290 45,0670 0,9228 23,0000 
34,900 11337,1103 736,3761 94,8593 253,6245 -35,8332 -1,1304 45,0215 0,9236 23,0000 
34,950 11347,3834 728,9434 95,0621 253,6778 -35,9222 -1,1319 44,9762 0,9245 23,0000 
35,000 11357,6471 721,4932 95,2650 253,7314 -36,0111 -1,1333 44,9313 0,9253 23,0000 
35,050 11367,9014 714,0255 95,4680 253,7853 -36,0999 -1,1348 44,8866 0,9262 23,0000 
35,100 11378,1464 706,5403 95,6711 253,8395 -36,1886 -1,1363 44,8423 0,9271 23,0000 
35,150 11388,3820 699,0376 95,8742 253,8940 -36,2771 -1,1377 44,7982 0,9279 23,0000 
35,200 11398,6081 691,5176 96,0774 253,9488 -36,3656 -1,1392 44,7544 0,9288 23,0000 
35,250 11408,8249 683,9801 96,2807 254,0039 -36,4539 -1,1406 44,7109 0,9297 23,0000 
35,300 11419,0323 676,4253 96,4841 254,0592 -36,5421 -1,1421 44,6677 0,9306 23,0000 
35,350 11429,2303 668,8531 96,6875 254,1149 -36,6301 -1,1435 44,6248 0,9314 23,0000 
35,400 11439,4189 661,2636 96,8910 254,1709 -36,7181 -1,1450 44,5822 0,9323 23,0000 
35,450 11449,5981 653,6568 97,0946 254,2272 -36,8059 -1,1464 44,5399 0,9332 23,0000 
35,500 11459,7680 646,0327 97,2982 254,2837 -36,8936 -1,1479 44,4978 0,9341 23,0000 
35,550 11469,9284 638,3914 97,5019 254,3405 -36,9812 -1,1493 44,4561 0,9350 23,0000 
35,600 11480,0794 630,7328 97,7057 254,3976 -37,0687 -1,1508 44,4146 0,9359 23,0000 
35,650 11490,2210 623,0570 97,9096 254,4550 -37,1560 -1,1522 44,3734 0,9368 23,0000 
35,700 11500,3532 615,3640 98,1135 254,5127 -37,2433 -1,1536 44,3325 0,9377 23,0000 
35,750 11510,4760 607,6539 98,3174 254,5706 -37,3304 -1,1551 44,2919 0,9386 23,0000 
35,800 11520,5894 599,9266 98,5215 254,6288 -37,4174 -1,1565 44,2516 0,9395 23,0000 
35,850 11530,6934 592,1822 98,7256 254,6872 -37,5042 -1,1579 44,2116 0,9404 23,0000 
35,900 11540,7879 584,4208 98,9298 254,7459 -37,5910 -1,1594 44,1718 0,9413 23,0000 
35,950 11550,8731 576,6422 99,1340 254,8049 -37,6776 -1,1608 44,1323 0,9422 23,0000 
36,000 11560,9488 568,8466 99,3383 254,8641 -37,7641 -1,1622 44,0931 0,9431 23,0000 
36,050 11571,0152 561,0341 99,5426 254,9235 -37,8505 -1,1637 44,0542 0,9441 23,0000 
36,100 11581,0720 553,2045 99,7470 254,9832 -37,9367 -1,1651 44,0156 0,9450 23,0000 
36,150 11591,1195 545,3579 99,9515 255,0432 -38,0229 -1,1665 43,9773 0,9459 23,0000 
36,200 11601,1576 537,4944 100,1560 255,1034 -38,1089 -1,1679 43,9392 0,9468 23,0000 
36,250 11611,1862 529,6140 100,3606 255,1638 -38,1948 -1,1694 43,9014 0,9478 23,0000 
36,300 11621,2054 521,7167 100,5652 255,2245 -38,2806 -1,1708 43,8639 0,9487 23,0000 
36,350 11631,2152 513,8026 100,7699 255,2854 -38,3662 -1,1722 43,8267 0,9496 23,0000 
36,400 11641,2155 505,8715 100,9747 255,3465 -38,4517 -1,1736 43,7897 0,9506 23,0000 
36,450 11651,2064 497,9237 101,1795 255,4079 -38,5372 -1,1750 43,7530 0,9515 23,0000 
36,500 11661,1878 489,9591 101,3843 255,4694 -38,6224 -1,1764 43,7166 0,9524 23,0000 
36,550 11671,1598 481,9777 101,5892 255,5312 -38,7076 -1,1778 43,6805 0,9534 23,0000 
36,600 11681,1224 473,9795 101,7942 255,5933 -38,7927 -1,1792 43,6447 0,9543 23,0000 
36,650 11691,0756 465,9647 101,9992 255,6555 -38,8776 -1,1806 43,6091 0,9553 23,0000 
36,700 11701,0192 457,9331 102,2042 255,7179 -38,9624 -1,1820 43,5738 0,9562 23,0000 
36,750 11710,9535 449,8849 102,4093 255,7806 -39,0471 -1,1834 43,5388 0,9572 23,0000 
36,800 11720,8782 441,8200 102,6144 255,8434 -39,1316 -1,1848 43,5040 0,9582 23,0000 
36,850 11730,7936 433,7385 102,8196 255,9065 -39,2161 -1,1862 43,4695 0,9591 23,0000 
36,900 11740,6994 425,6404 103,0248 255,9697 -39,3004 -1,1876 43,4353 0,9601 23,0000 
36,950 11750,5958 417,5257 103,2301 256,0332 -39,3846 -1,1890 43,4014 0,9610 23,0000 
37,000 11760,4828 409,3945 103,4354 256,0968 -39,4687 -1,1903 43,3677 0,9620 23,0000 
37,050 11770,3603 401,2468 103,6408 256,1607 -39,5526 -1,1917 43,3343 0,9630 23,0000 
37,100 11780,2283 393,0826 103,8462 256,2247 -39,6365 -1,1931 43,3012 0,9640 23,0000 
37,150 11790,0868 384,9019 104,0516 256,2889 -39,7202 -1,1944 43,2684 0,9649 23,0000 
37,200 11799,9359 376,7047 104,2571 256,3533 -39,8038 -1,1958 43,2358 0,9659 23,0000 
37,250 11809,7755 368,4912 104,4626 256,4178 -39,8872 -1,1972 43,2035 0,9669 23,0000 
37,300 11819,6056 360,2612 104,6681 256,4826 -39,9706 -1,1985 43,1714 0,9679 23,0000 
37,350 11829,4263 352,0149 104,8737 256,5475 -40,0538 -1,1999 43,1397 0,9689 23,0000 
37,400 11839,2374 343,7522 105,0793 256,6125 -40,1369 -1,2012 43,1082 0,9699 23,0000 
37,450 11849,0391 335,4732 105,2850 256,6778 -40,2199 -1,2026 43,0769 0,9709 23,0000 
37,500 11858,8313 327,1780 105,4906 256,7432 -40,3028 -1,2039 43,0459 0,9719 23,0000 
37,550 11868,6139 318,8664 105,6963 256,8087 -40,3855 -1,2052 43,0152 0,9729 23,0000 
37,600 11878,3871 310,5386 105,9020 256,8744 -40,4681 -1,2066 42,9848 0,9739 23,0000 
37,650 11888,1508 302,1946 106,1078 256,9403 -40,5506 -1,2079 42,9546 0,9749 23,0000 
37,700 11897,9050 293,8344 106,3136 257,0063 -40,6330 -1,2092 42,9247 0,9759 23,0000 
37,750 11907,6497 285,4581 106,5194 257,0725 -40,7153 -1,2105 42,8951 0,9769 23,0000 
37,800 11917,3849 277,0656 106,7252 257,1388 -40,7974 -1,2118 42,8657 0,9779 23,0000 
37,850 11927,1105 268,6570 106,9311 257,2052 -40,8794 -1,2131 42,8366 0,9789 23,0000 
37,900 11936,8267 260,2323 107,1369 257,2718 -40,9613 -1,2144 42,8077 0,9800 23,0000 
37,950 11946,5333 251,7916 107,3428 257,3385 -41,0431 -1,2157 42,7792 0,9810 23,0000 
38,000 11956,2304 243,3348 107,5487 257,4053 -41,1248 -1,2170 42,7508 0,9820 23,0000 
38,050 11965,9180 234,8620 107,7546 257,4723 -41,2063 -1,2183 42,7228 0,9830 23,0000 
38,100 11975,5960 226,3732 107,9605 257,5394 -41,2877 -1,2196 42,6950 0,9841 23,0000 
38,150 11985,2646 217,8685 108,1665 257,6066 -41,3691 -1,2209 42,6675 0,9851 23,0000 
38,200 11994,9235 209,3478 108,3724 257,6739 -41,4502 -1,2221 42,6402 0,9861 23,0000 
38,250 12004,5730 200,8113 108,5784 257,7413 -41,5313 -1,2234 42,6132 0,9872 23,0000 
38,300 12014,2129 192,2589 108,7844 257,8088 -41,6122 -1,2246 42,5865 0,9882 23,0000 
38,350 12023,8432 183,6906 108,9903 257,8764 -41,6931 -1,2259 42,5600 0,9893 23,0000 
38,400 12033,4640 175,1065 109,1963 257,9442 -41,7738 -1,2271 42,5338 0,9903 23,0000 
38,450 12043,0753 166,5066 109,4023 258,0120 -41,8544 -1,2283 42,5079 0,9914 23,0000 
38,500 12052,6769 157,8909 109,6082 258,0799 -41,9349 -1,2295 42,4822 0,9924 23,0000 
38,550 12062,2691 149,2595 109,8142 258,1479 -42,0152 -1,2307 42,4568 0,9935 23,0000 
38,600 12071,8516 140,6123 110,0202 258,2159 -42,0955 -1,2319 42,4317 0,9945 23,0000 
38,650 12081,4246 131,9495 110,2261 258,2841 -42,1756 -1,2331 42,4068 0,9956 23,0000 
38,700 12090,9880 123,2710 110,4321 258,3523 -42,2556 -1,2343 42,3822 0,9967 23,0000 
38,750 12100,5418 114,5769 110,6380 258,4206 -42,3355 -1,2354 42,3579 0,9977 23,0000 
38,800 12110,0860 105,8672 110,8439 258,4889 -42,4153 -1,2366 42,3339 0,9988 23,0000 
38,850 12119,6206 97,1419 111,0499 258,5573 -42,4949 -1,2377 42,3101 0,9999 23,0000 
38,900 12129,1457 88,4010 111,2557 258,6258 -42,5745 -1,2388 42,2866 1,0010 23,0000 
38,950 12138,6611 79,6446 111,4616 258,6942 -42,6539 -1,2399 42,2634 1,0020 23,0000 
39,000 12148,1669 70,8727 111,6674 258,7628 -42,7332 -1,2410 42,2405 1,0031 23,0000 
39,050 12157,6631 62,0854 111,8732 258,8313 -42,8124 -1,2421 42,2178 1,0042 23,0000 
39,100 12167,1497 53,2825 112,0790 258,8998 -42,8915 -1,2431 42,1955 1,0053 23,0000 
39,150 12176,6266 44,4643 112,2847 258,9683 -42,9705 -1,2442 42,1735 1,0064 23,0000 
39,200 12186,0939 35,6307 112,4904 259,0368 -43,0494 -1,2452 42,1517 1,0075 23,0000 
39,250 12195,5515 26,7817 112,6961 259,1053 -43,1282 -1,2461 42,1304 1,0086 23,0000 
39,300 12204,9995 17,9174 112,9017 259,1737 -43,2069 -1,2470 42,1094 1,0097 23,0000 
39,350 12214,4378 9,0378 113,1072 259,2419 -43,2855 -1,2479 42,0888 1,0108 23,0000 
39,400 12223,8664 0,1429 113,3127 259,3097 -43,3640 -1,2487 42,0688 1,0119 23,0000 
39,4008 12224,0175 0,0000 113,3160 259,3108 -43,3653 -1,2487 42,0685 1,0119 23,0000 
