t(c) x(м) y(м) z(м) Vk(м/с) teta(град) psy(град) omega_x(рад/с) pi(y) m(кг) 
0,000 0,0000 0,0000 0,0000 838,3800 24,2000 0,0000 0,0000 1,0119 23,0000 
0,050 38,1229 17,1211 0,0002 833,2702 24,1697 -0,0005 8,6093 1,0098 23,0000 
0,100 76,0229 34,1179 0,0007 828,2127 24,1392 -0,0012 16,8584 1,0077 23,0000 
0,150 113,7022 50,9915 0,0018 823,2055 24,1084 -0,0020 24,7677 1,0056 23,0000 
0,200 151,1631 67,7432 0,0033 818,2475 24,0774 -0,0028 32,3522 1,0035 23,0000 
0,250 188,4077 84,3739 0,0055 813,3379 24,0462 -0,0037 39,6258 1,0015 23,0000 
0,300 225,4383 100,8848 0,0081 808,4759 24,0147 -0,0046 46,6012 0,9994 23,0000 
0,350 262,2568 117,2769 0,0114 803,6609 23,9831 -0,0056 53,2907 0,9974 23,0000 
0,400 298,8653 133,5513 0,0153 798,8922 23,9512 -0,0066 59,7057 0,9954 23,0000 
0,450 335,2660 149,7090 0,0198 794,1692 23,9191 -0,0076 65,8573 0,9934 23,0000 
0,500 371,4608 165,7509 0,0249 789,4912 23,8868 -0,0086 71,7559 0,9915 23,0000 
0,550 407,4517 181,6782 0,0306 784,8576 23,8543 -0,0097 77,4116 0,9895 23,0000 
0,600 443,2406 197,4919 0,0371 780,2678 23,8216 -0,0108 82,8340 0,9876 23,0000 
0,650 478,8296 213,1928 0,0441 775,7214 23,7886 -0,0120 88,0321 0,9857 23,0000 
0,700 514,2205 228,7820 0,0519 771,2177 23,7555 -0,0131 93,0148 0,9838 23,0000 
0,750 549,4152 244,2604 0,0603 766,7561 23,7221 -0,0143 97,7904 0,9819 23,0000 
0,800 584,4155 259,6290 0,0694 762,3362 23,6886 -0,0155 102,3668 0,9800 23,0000 
0,850 619,2233 274,8887 0,0792 757,9575 23,6548 -0,0167 106,7519 0,9782 23,0000 
0,900 653,8405 290,0405 0,0897 753,6193 23,6208 -0,0180 110,9529 0,9764 23,0000 
0,950 688,2687 305,0851 0,1008 749,3212 23,5866 -0,0192 114,9769 0,9745 23,0000 
1,000 722,5098 320,0237 0,1127 745,0627 23,5521 -0,0205 118,8307 0,9727 23,0000 
1,050 756,5655 334,8569 0,1253 740,8433 23,5175 -0,0218 122,5206 0,9709 23,0000 
1,100 790,4375 349,5857 0,1386 736,6625 23,4826 -0,0231 126,0530 0,9692 23,0000 
1,150 824,1276 364,2111 0,1526 732,5199 23,4476 -0,0245 129,4338 0,9674 23,0000 
1,200 857,6374 378,7337 0,1673 728,4150 23,4123 -0,0258 132,6686 0,9657 23,0000 
1,250 890,9686 393,1545 0,1827 724,3485 23,3768 -0,0272 135,7630 0,9640 23,0000 
1,300 924,1230 407,4744 0,1989 720,3244 23,3411 -0,0286 138,7224 0,9622 23,0000 
1,350 957,1024 421,6943 0,2157 716,3351 23,3051 -0,0300 141,5517 0,9605 23,0000 
1,400 989,9082 435,8149 0,2333 712,3803 23,2690 -0,0314 144,2558 0,9589 23,0000 
1,450 1022,5419 449,8370 0,2516 708,4598 23,2326 -0,0328 146,8394 0,9572 23,0000 
1,500 1055,0052 463,7614 0,2706 704,5733 23,1960 -0,0343 149,3068 0,9555 23,0000 
1,550 1087,2995 477,5889 0,2904 700,7205 23,1592 -0,0358 151,6625 0,9539 23,0000 
1,600 1119,4262 491,3202 0,3108 696,9011 23,1222 -0,0372 153,9104 0,9523 23,0000 
1,650 1151,3868 504,9560 0,3320 693,1149 23,0850 -0,0387 156,0545 0,9507 23,0000 
1,700 1183,1829 518,4972 0,3539 689,3615 23,0475 -0,0402 158,0987 0,9491 23,0000 
1,750 1214,8158 531,9444 0,3766 685,6407 23,0098 -0,0418 160,0466 0,9475 23,0000 
1,800 1246,2870 545,2984 0,3999 681,9521 22,9720 -0,0433 161,9017 0,9459 23,0000 
1,850 1277,5980 558,5599 0,4240 678,2954 22,9338 -0,0448 163,6674 0,9443 23,0000 
1,900 1308,7500 571,7296 0,4488 674,6704 22,8955 -0,0464 165,3470 0,9428 23,0000 
1,950 1339,7445 584,8083 0,4743 671,0766 22,8569 -0,0480 166,9435 0,9413 23,0000 
2,000 1370,5830 597,7966 0,5006 667,5139 22,8182 -0,0495 168,4601 0,9397 23,0000 
2,050 1401,2666 610,6952 0,5275 663,9818 22,7792 -0,0511 169,8996 0,9382 23,0000 
2,100 1431,7969 623,5049 0,5552 660,4800 22,7399 -0,0527 171,2648 0,9367 23,0000 
2,150 1462,1751 636,2262 0,5836 657,0083 22,7005 -0,0544 172,5584 0,9352 23,0000 
2,200 1492,4026 648,8599 0,6127 653,5664 22,6608 -0,0560 173,7830 0,9338 23,0000 
2,250 1522,4806 661,4067 0,6425 650,1538 22,6209 -0,0576 174,9411 0,9323 23,0000 
2,300 1552,4105 673,8672 0,6730 646,7703 22,5808 -0,0593 176,0351 0,9309 23,0000 
2,350 1582,1935 686,2420 0,7043 643,4155 22,5404 -0,0609 177,0672 0,9294 23,0000 
2,400 1611,8309 698,5317 0,7362 640,0892 22,4998 -0,0626 178,0398 0,9280 23,0000 
2,450 1641,3240 710,7372 0,7689 636,7910 22,4590 -0,0643 178,9550 0,9266 23,0000 
2,500 1670,6740 722,8588 0,8022 633,5207 22,4180 -0,0660 179,8148 0,9252 23,0000 
2,550 1699,8820 734,8974 0,8363 630,2778 22,3768 -0,0677 180,6212 0,9238 23,0000 
2,600 1728,9494 746,8534 0,8711 627,0621 22,3353 -0,0694 181,3761 0,9224 23,0000 
2,650 1757,8773 758,7276 0,9066 623,8734 22,2936 -0,0711 182,0815 0,9210 23,0000 
2,700 1786,6669 770,5204 0,9427 620,7112 22,2516 -0,0729 182,7390 0,9197 23,0000 
2,750 1815,3194 782,2325 0,9796 617,5752 22,2095 -0,0746 183,3505 0,9183 23,0000 
2,800 1843,8359 793,8646 1,0172 614,4653 22,1671 -0,0764 183,9174 0,9170 23,0000 
2,850 1872,2175 805,4170 1,0555 611,3810 22,1244 -0,0781 184,4415 0,9157 23,0000 
2,900 1900,4654 816,8905 1,0944 608,3221 22,0816 -0,0799 184,9243 0,9144 23,0000 
2,950 1928,5807 828,2856 1,1341 605,2884 22,0385 -0,0817 185,3673 0,9131 23,0000 
3,000 1956,5645 839,6029 1,1744 602,2794 21,9952 -0,0835 185,7718 0,9118 23,0000 
3,050 1984,4179 850,8429 1,2154 599,2949 21,9516 -0,0853 186,1394 0,9105 23,0000 
3,100 2012,1420 862,0061 1,2571 596,3346 21,9078 -0,0871 186,4712 0,9092 23,0000 
3,150 2039,7378 873,0932 1,2995 593,3984 21,8638 -0,0889 186,7686 0,9079 23,0000 
3,200 2067,2064 884,1046 1,3425 590,4857 21,8195 -0,0907 187,0329 0,9067 23,0000 
3,250 2094,5488 895,0408 1,3863 587,5965 21,7751 -0,0926 187,2652 0,9055 23,0000 
3,300 2121,7660 905,9024 1,4307 584,7304 21,7303 -0,0944 187,4666 0,9042 23,0000 
3,350 2148,8590 916,6899 1,4758 581,8872 21,6854 -0,0963 187,6384 0,9030 23,0000 
3,400 2175,8290 927,4039 1,5215 579,0666 21,6402 -0,0981 187,7814 0,9018 23,0000 
3,450 2202,6767 938,0447 1,5679 576,2683 21,5948 -0,1000 187,8969 0,9006 23,0000 
3,500 2229,4033 948,6130 1,6150 573,4921 21,5491 -0,1019 187,9858 0,8994 23,0000 
3,550 2256,0097 959,1092 1,6628 570,7377 21,5032 -0,1038 188,0491 0,8982 23,0000 
3,600 2282,4968 969,5337 1,7112 568,0048 21,4571 -0,1057 188,0876 0,8970 23,0000 
3,650 2308,8657 979,8871 1,7602 565,2933 21,4107 -0,1076 188,1023 0,8959 23,0000 
3,700 2335,1171 990,1699 1,8100 562,6029 21,3641 -0,1095 188,0941 0,8947 23,0000 
3,750 2361,2521 1000,3825 1,8603 559,9333 21,3172 -0,1114 188,0638 0,8935 23,0000 
3,800 2387,2715 1010,5254 1,9113 557,2843 21,2701 -0,1133 188,0122 0,8924 23,0000 
3,850 2413,1763 1020,5990 1,9630 554,6557 21,2228 -0,1152 187,9401 0,8913 23,0000 
3,900 2438,9673 1030,6038 2,0153 552,0472 21,1752 -0,1172 187,8482 0,8902 23,0000 
3,950 2464,6454 1040,5402 2,0683 549,4586 21,1274 -0,1191 187,7374 0,8890 23,0000 
4,000 2490,2116 1050,4088 2,1219 546,8897 21,0793 -0,1211 187,6081 0,8879 23,0000 
4,050 2515,6666 1060,2098 2,1761 544,3403 21,0310 -0,1230 187,4613 0,8868 23,0000 
4,100 2541,0113 1069,9438 2,2309 541,8101 20,9825 -0,1250 187,2975 0,8858 23,0000 
4,150 2566,2465 1079,6112 2,2864 539,2989 20,9337 -0,1270 187,1173 0,8847 23,0000 
4,200 2591,3731 1089,2124 2,3426 536,8065 20,8846 -0,1290 186,9214 0,8836 23,0000 
4,250 2616,3919 1098,7478 2,3993 534,3327 20,8354 -0,1310 186,7103 0,8825 23,0000 
4,300 2641,3037 1108,2179 2,4567 531,8773 20,7858 -0,1330 186,4847 0,8815 23,0000 
4,350 2666,1093 1117,6230 2,5147 529,4401 20,7361 -0,1350 186,2451 0,8805 23,0000 
4,400 2690,8095 1126,9636 2,5733 527,0208 20,6861 -0,1370 185,9920 0,8794 23,0000 
4,450 2715,4051 1136,2400 2,6325 524,6194 20,6358 -0,1390 185,7259 0,8784 23,0000 
4,500 2739,8968 1145,4527 2,6923 522,2356 20,5853 -0,1410 185,4474 0,8774 23,0000 
4,550 2764,2855 1154,6020 2,7528 519,8691 20,5345 -0,1430 185,1569 0,8764 23,0000 
4,600 2788,5718 1163,6884 2,8139 517,5199 20,4835 -0,1451 184,8548 0,8753 23,0000 
4,650 2812,7566 1172,7122 2,8755 515,1877 20,4323 -0,1471 184,5418 0,8744 23,0000 
4,700 2836,8405 1181,6737 2,9378 512,8723 20,3808 -0,1492 184,2181 0,8734 23,0000 
4,750 2860,8243 1190,5735 3,0007 510,5736 20,3290 -0,1512 183,8842 0,8724 23,0000 
4,800 2884,7088 1199,4118 3,0641 508,2913 20,2770 -0,1533 183,5405 0,8714 23,0000 
4,850 2908,4946 1208,1889 3,1282 506,0254 20,2248 -0,1553 183,1875 0,8704 23,0000 
4,900 2932,1824 1216,9054 3,1928 503,7756 20,1723 -0,1574 182,8254 0,8695 23,0000 
4,950 2955,7730 1225,5615 3,2581 501,5418 20,1195 -0,1595 182,4546 0,8685 23,0000 
5,000 2979,2670 1234,1575 3,3239 499,3237 20,0665 -0,1616 182,0756 0,8676 23,0000 
5,050 3002,6652 1242,6939 3,3903 497,1213 20,0133 -0,1637 181,6887 0,8667 23,0000 
5,100 3025,9681 1251,1710 3,4573 494,9343 19,9597 -0,1658 181,2941 0,8657 23,0000 
5,150 3049,1766 1259,5891 3,5249 492,7627 19,9060 -0,1679 180,8923 0,8648 23,0000 
5,200 3072,2911 1267,9486 3,5930 490,6062 19,8519 -0,1700 180,4835 0,8639 23,0000 
5,250 3095,3125 1276,2497 3,6617 488,4646 19,7977 -0,1721 180,0680 0,8630 23,0000 
5,300 3118,2413 1284,4929 3,7310 486,3379 19,7431 -0,1742 179,6461 0,8621 23,0000 
5,350 3141,0782 1292,6785 3,8009 484,2259 19,6883 -0,1763 179,2182 0,8612 23,0000 
5,400 3163,8238 1300,8068 3,8713 482,1284 19,6333 -0,1785 178,7844 0,8603 23,0000 
5,450 3186,4788 1308,8781 3,9423 480,0453 19,5780 -0,1806 178,3450 0,8594 23,0000 
5,500 3209,0437 1316,8927 4,0139 477,9764 19,5224 -0,1828 177,9004 0,8585 23,0000 
5,550 3231,5192 1324,8509 4,0860 475,9216 19,4666 -0,1849 177,4507 0,8577 23,0000 
5,600 3253,9060 1332,7532 4,1586 473,8808 19,4105 -0,1871 176,9962 0,8568 23,0000 
5,650 3276,2045 1340,5997 4,2319 471,8537 19,3541 -0,1892 176,5371 0,8560 23,0000 
5,700 3298,4154 1348,3908 4,3056 469,8404 19,2975 -0,1914 176,0737 0,8551 23,0000 
5,750 3320,5393 1356,1268 4,3800 467,8406 19,2406 -0,1935 175,6061 0,8543 23,0000 
5,800 3342,5768 1363,8079 4,4548 465,8542 19,1835 -0,1957 175,1346 0,8535 23,0000 
5,850 3364,5284 1371,4346 4,5302 463,8811 19,1261 -0,1979 174,6593 0,8526 23,0000 
5,900 3386,3947 1379,0070 4,6062 461,9211 19,0685 -0,2001 174,1805 0,8518 23,0000 
5,950 3408,1764 1386,5255 4,6827 459,9741 19,0105 -0,2023 173,6984 0,8510 23,0000 
6,000 3429,8739 1393,9904 4,7597 458,0401 18,9523 -0,2045 173,2131 0,8502 23,0000 
6,050 3451,4877 1401,4019 4,8372 456,1188 18,8939 -0,2067 172,7249 0,8494 23,0000 
6,100 3473,0186 1408,7604 4,9153 454,2102 18,8352 -0,2089 172,2338 0,8486 23,0000 
6,150 3494,4669 1416,0661 4,9939 452,3140 18,7762 -0,2111 171,7400 0,8478 23,0000 
6,200 3515,8333 1423,3192 5,0730 450,4303 18,7169 -0,2133 171,2438 0,8470 23,0000 
6,250 3537,1182 1430,5201 5,1527 448,5589 18,6574 -0,2155 170,7453 0,8463 23,0000 
6,300 3558,3223 1437,6691 5,2329 446,6996 18,5976 -0,2177 170,2446 0,8455 23,0000 
6,350 3579,4459 1444,7664 5,3135 444,8512 18,5376 -0,2200 169,7418 0,8447 23,0000 
6,400 3600,4896 1451,8122 5,3947 443,0139 18,4772 -0,2222 169,2372 0,8440 23,0000 
6,450 3621,4538 1458,8068 5,4765 441,1877 18,4167 -0,2244 168,7308 0,8432 23,0000 
6,500 3642,3390 1465,7505 5,5587 439,3727 18,3558 -0,2267 168,2227 0,8425 23,0000 
6,550 3663,1457 1472,6435 5,6414 437,5691 18,2946 -0,2289 167,7131 0,8417 23,0000 
6,600 3683,8744 1479,4860 5,7246 435,7768 18,2332 -0,2312 167,2022 0,8410 23,0000 
6,650 3704,5256 1486,2784 5,8084 433,9959 18,1715 -0,2334 166,6900 0,8403 23,0000 
6,700 3725,0998 1493,0209 5,8926 432,2265 18,1096 -0,2357 166,1766 0,8396 23,0000 
6,750 3745,5974 1499,7136 5,9773 430,4687 18,0474 -0,2380 165,6622 0,8389 23,0000 
6,800 3766,0190 1506,3570 6,0626 428,7224 17,9849 -0,2402 165,1469 0,8381 23,0000 
6,850 3786,3650 1512,9512 6,1483 426,9877 17,9221 -0,2425 164,6307 0,8374 23,0000 
6,900 3806,6360 1519,4965 6,2345 425,2647 17,8590 -0,2448 164,1138 0,8367 23,0000 
6,950 3826,8324 1525,9931 6,3212 423,5533 17,7957 -0,2471 163,5963 0,8360 23,0000 
7,000 3846,9548 1532,4413 6,4083 421,8537 17,7321 -0,2494 163,0783 0,8354 23,0000 
7,050 3867,0037 1538,8414 6,4960 420,1657 17,6682 -0,2516 162,5598 0,8347 23,0000 
7,100 3886,9796 1545,1936 6,5841 418,4896 17,6040 -0,2539 162,0410 0,8340 23,0000 
7,150 3906,8830 1551,4982 6,6727 416,8252 17,5396 -0,2562 161,5220 0,8333 23,0000 
7,200 3926,7144 1557,7553 6,7618 415,1725 17,4748 -0,2585 161,0028 0,8327 23,0000 
7,250 3946,4743 1563,9653 6,8514 413,5317 17,4098 -0,2608 160,4835 0,8320 23,0000 
7,300 3966,1632 1570,1285 6,9414 411,9026 17,3446 -0,2632 159,9642 0,8314 23,0000 
7,350 3985,7816 1576,2450 7,0319 410,2854 17,2790 -0,2655 159,4450 0,8307 23,0000 
7,400 4005,3301 1582,3151 7,1229 408,6799 17,2132 -0,2678 158,9260 0,8301 23,0000 
7,450 4024,8092 1588,3390 7,2143 407,0861 17,1470 -0,2701 158,4072 0,8294 23,0000 
7,500 4044,2194 1594,3171 7,3062 405,5042 17,0806 -0,2724 157,8886 0,8288 23,0000 
7,550 4063,5611 1600,2494 7,3986 403,9340 17,0140 -0,2748 157,3705 0,8282 23,0000 
7,600 4082,8349 1606,1364 7,4914 402,3755 16,9470 -0,2771 156,8528 0,8276 23,0000 
7,650 4102,0413 1611,9782 7,5847 400,8288 16,8798 -0,2794 156,3355 0,8269 23,0000 
7,700 4121,1809 1617,7751 7,6785 399,2937 16,8122 -0,2818 155,8189 0,8263 23,0000 
7,750 4140,2540 1623,5273 7,7727 397,7703 16,7444 -0,2841 155,3028 0,8257 23,0000 
7,800 4159,2613 1629,2351 7,8673 396,2585 16,6763 -0,2865 154,7874 0,8251 23,0000 
7,850 4178,2033 1634,8987 7,9624 394,7584 16,6080 -0,2888 154,2728 0,8245 23,0000 
7,900 4197,0803 1640,5182 8,0579 393,2698 16,5393 -0,2911 153,7589 0,8239 23,0000 
7,950 4215,8930 1646,0941 8,1539 391,7928 16,4704 -0,2935 153,2459 0,8233 23,0000 
8,000 4234,6419 1651,6264 8,2503 390,3273 16,4012 -0,2958 152,7337 0,8228 23,0000 
8,050 4253,3274 1657,1155 8,3472 388,8731 16,3317 -0,2982 152,2225 0,8222 23,0000 
8,100 4271,9500 1662,5615 8,4445 387,4298 16,2619 -0,3005 151,7123 0,8216 23,0000 
8,150 4290,5103 1667,9647 8,5422 385,9979 16,1919 -0,3028 151,2031 0,8210 23,0000 
8,200 4309,0087 1673,3254 8,6403 384,5774 16,1216 -0,3052 150,6949 0,8205 23,0000 
8,250 4327,4456 1678,6436 8,7389 383,1680 16,0509 -0,3075 150,1879 0,8199 23,0000 
8,300 4345,8217 1683,9197 8,8379 381,7697 15,9800 -0,3099 149,6820 0,8194 23,0000 
8,350 4364,1373 1689,1539 8,9373 380,3822 15,9089 -0,3122 149,1773 0,8188 23,0000 
8,400 4382,3929 1694,3464 9,0372 379,0055 15,8374 -0,3145 148,6738 0,8183 23,0000 
8,450 4400,5890 1699,4973 9,1375 377,6394 15,7657 -0,3169 148,1716 0,8177 23,0000 
8,500 4418,7261 1704,6070 9,2381 376,2838 15,6937 -0,3192 147,6707 0,8172 23,0000 
8,550 4436,8046 1709,6757 9,3392 374,9387 15,6214 -0,3215 147,1710 0,8167 23,0000 
8,600 4454,8249 1714,7034 9,4407 373,6038 15,5488 -0,3239 146,6727 0,8162 23,0000 
8,650 4472,7875 1719,6905 9,5426 372,2793 15,4759 -0,3262 146,1758 0,8156 23,0000 
8,700 4490,6929 1724,6371 9,6449 370,9648 15,4028 -0,3285 145,6803 0,8151 23,0000 
8,750 4508,5415 1729,5435 9,7476 369,6605 15,3294 -0,3308 145,1863 0,8146 23,0000 
8,800 4526,3337 1734,4098 9,8507 368,3662 15,2557 -0,3331 144,6936 0,8141 23,0000 
8,850 4544,0699 1739,2363 9,9541 367,0818 15,1817 -0,3354 144,2025 0,8136 23,0000 
8,900 4561,7506 1744,0230 10,0580 365,8073 15,1074 -0,3377 143,7129 0,8131 23,0000 
8,950 4579,3762 1748,7704 10,1622 364,5426 15,0329 -0,3400 143,2247 0,8126 23,0000 
9,000 4596,9472 1753,4784 10,2668 363,2877 14,9581 -0,3422 142,7382 0,8121 23,0000 
9,050 4614,4639 1758,1473 10,3718 362,0426 14,8830 -0,3445 142,2532 0,8116 23,0000 
9,100 4631,9267 1762,7774 10,4772 360,8071 14,8076 -0,3468 141,7697 0,8112 23,0000 
9,150 4649,3362 1767,3687 10,5829 359,5813 14,7320 -0,3490 141,2879 0,8107 23,0000 
9,200 4666,6926 1771,9215 10,6889 358,3650 14,6561 -0,3513 140,8077 0,8102 23,0000 
9,250 4683,9965 1776,4360 10,7954 357,1584 14,5798 -0,3535 140,3291 0,8097 23,0000 
9,300 4701,2482 1780,9123 10,9021 355,9612 14,5034 -0,3557 139,8522 0,8093 23,0000 
9,350 4718,4481 1785,3506 11,0092 354,7736 14,4266 -0,3579 139,3769 0,8088 23,0000 
9,400 4735,5967 1789,7511 11,1167 353,5954 14,3496 -0,3601 138,9033 0,8084 23,0000 
9,450 4752,6943 1794,1141 11,2245 352,4266 14,2723 -0,3623 138,4314 0,8079 23,0000 
9,500 4769,7414 1798,4396 11,3326 351,2673 14,1947 -0,3644 137,9612 0,8075 23,0000 
9,550 4786,7384 1802,7278 11,4410 350,1173 14,1168 -0,3666 137,4927 0,8070 23,0000 
9,600 4803,6856 1806,9790 11,5498 348,9767 14,0387 -0,3687 137,0259 0,8066 23,0000 
9,650 4820,5836 1811,1933 11,6588 347,8453 13,9603 -0,3708 136,5608 0,8061 23,0000 
9,700 4837,4326 1815,3708 11,7682 346,7233 13,8816 -0,3729 136,0975 0,8057 23,0000 
9,750 4854,2331 1819,5118 11,8778 345,6106 13,8027 -0,3750 135,6360 0,8053 23,0000 
9,800 4870,9854 1823,6164 11,9878 344,5070 13,7234 -0,3771 135,1762 0,8049 23,0000 
9,850 4887,6901 1827,6848 12,0980 343,4127 13,6439 -0,3791 134,7182 0,8044 23,0000 
9,900 4904,3475 1831,7171 12,2086 342,3276 13,5642 -0,3812 134,2620 0,8040 23,0000 
9,950 4920,9579 1835,7136 12,3193 341,2517 13,4841 -0,3832 133,8075 0,8036 23,0000 
10,000 4937,5218 1839,6743 12,4304 340,1850 13,4038 -0,3852 133,3549 0,8032 23,0000 
10,050 4954,0396 1843,5995 12,5417 339,1313 13,3232 -0,3871 132,9040 0,8028 23,0000 
10,100 4970,5121 1847,4895 12,6533 338,0937 13,2424 -0,3891 132,4549 0,8024 23,0000 
10,150 4986,9400 1851,3444 12,7652 337,0723 13,1612 -0,3910 132,0077 0,8020 23,0000 
10,200 5003,3239 1855,1644 12,8772 336,0669 13,0799 -0,3929 131,5623 0,8016 23,0000 
10,250 5019,6647 1858,9499 12,9896 335,0773 12,9982 -0,3948 131,1188 0,8012 23,0000 
10,300 5035,9630 1862,7011 13,1021 334,1034 12,9163 -0,3967 130,6771 0,8008 23,0000 
10,350 5052,2196 1866,4181 13,2149 333,1450 12,8342 -0,3985 130,2373 0,8005 23,0000 
10,400 5068,4351 1870,1013 13,3280 332,2018 12,7518 -0,4003 129,7994 0,8001 23,0000 
10,450 5084,6104 1873,7508 13,4413 331,2737 12,6691 -0,4021 129,3634 0,7997 23,0000 
10,500 5100,7459 1877,3669 13,5548 330,3603 12,5862 -0,4039 128,9293 0,7993 23,0000 
10,550 5116,8424 1880,9497 13,6685 329,4614 12,5030 -0,4057 128,4972 0,7990 23,0000 
10,600 5132,9006 1884,4995 13,7824 328,5767 12,4196 -0,4074 128,0669 0,7986 23,0000 
10,650 5148,9211 1888,0165 13,8966 327,7059 12,3360 -0,4092 127,6385 0,7982 23,0000 
10,700 5164,9045 1891,5008 14,0110 326,8488 12,2521 -0,4109 127,2121 0,7979 23,0000 
10,750 5180,8514 1894,9527 14,1256 326,0049 12,1679 -0,4126 126,7876 0,7975 23,0000 
10,800 5196,7625 1898,3723 14,2404 325,1741 12,0835 -0,4144 126,3651 0,7972 23,0000 
10,850 5212,6383 1901,7598 14,3555 324,3560 11,9989 -0,4161 125,9444 0,7968 23,0000 
10,900 5228,4793 1905,1155 14,4708 323,5503 11,9141 -0,4178 125,5258 0,7965 23,0000 
10,950 5244,2862 1908,4394 14,5862 322,7567 11,8290 -0,4195 125,1090 0,7961 23,0000 
11,000 5260,0594 1911,7318 14,7020 321,9748 11,7437 -0,4212 124,6942 0,7958 23,0000 
11,050 5275,7996 1914,9927 14,8179 321,2045 11,6581 -0,4229 124,2813 0,7955 23,0000 
11,100 5291,5071 1918,2224 14,9341 320,4453 11,5723 -0,4245 123,8704 0,7951 23,0000 
11,150 5307,1826 1921,4211 15,0504 319,6970 11,4864 -0,4262 123,4614 0,7948 23,0000 
11,200 5322,8264 1924,5888 15,1670 318,9592 11,4001 -0,4279 123,0544 0,7945 23,0000 
11,250 5338,4390 1927,7257 15,2839 318,2318 11,3137 -0,4295 122,6492 0,7942 23,0000 
11,300 5354,0210 1930,8319 15,4009 317,5143 11,2270 -0,4312 122,2460 0,7939 23,0000 
11,350 5369,5727 1933,9076 15,5182 316,8065 11,1402 -0,4328 121,8447 0,7935 23,0000 
11,400 5385,0945 1936,9529 15,6357 316,1081 11,0531 -0,4345 121,4454 0,7932 23,0000 
11,450 5400,5869 1939,9680 15,7534 315,4188 10,9657 -0,4361 121,0479 0,7929 23,0000 
11,500 5416,0503 1942,9529 15,8713 314,7384 10,8782 -0,4377 120,6524 0,7926 23,0000 
11,550 5431,4850 1945,9079 15,9894 314,0666 10,7905 -0,4394 120,2587 0,7923 23,0000 
11,600 5446,8914 1948,8329 16,1078 313,4030 10,7026 -0,4410 119,8670 0,7920 23,0000 
11,650 5462,2699 1951,7281 16,2264 312,7476 10,6144 -0,4426 119,4771 0,7917 23,0000 
11,700 5477,6208 1954,5937 16,3452 312,1000 10,5260 -0,4442 119,0891 0,7914 23,0000 
11,750 5492,9445 1957,4297 16,4642 311,4599 10,4375 -0,4458 118,7030 0,7911 23,0000 
11,800 5508,2412 1960,2362 16,5834 310,8271 10,3487 -0,4474 118,3188 0,7909 23,0000 
11,850 5523,5113 1963,0134 16,7029 310,2018 10,2598 -0,4490 117,9364 0,7906 23,0000 
11,900 5538,7551 1965,7613 16,8225 309,5836 10,1706 -0,4506 117,5559 0,7903 23,0000 
11,950 5553,9730 1968,4800 16,9424 308,9721 10,0812 -0,4522 117,1773 0,7900 23,0000 
12,000 5569,1651 1971,1697 17,0625 308,3673 9,9916 -0,4537 116,8004 0,7898 23,0000 
12,050 5584,3317 1973,8304 17,1828 307,7688 9,9019 -0,4553 116,4254 0,7895 23,0000 
12,100 5599,4732 1976,4621 17,3034 307,1764 9,8119 -0,4569 116,0523 0,7892 23,0000 
12,150 5614,5898 1979,0651 17,4241 306,5899 9,7218 -0,4585 115,6809 0,7889 23,0000 
12,200 5629,6817 1981,6394 17,5451 306,0092 9,6314 -0,4600 115,3114 0,7887 23,0000 
12,250 5644,7491 1984,1850 17,6663 305,4341 9,5409 -0,4616 114,9436 0,7884 23,0000 
12,300 5659,7923 1986,7020 17,7877 304,8643 9,4501 -0,4631 114,5776 0,7882 23,0000 
12,350 5674,8115 1989,1905 17,9093 304,2998 9,3592 -0,4647 114,2134 0,7879 23,0000 
12,400 5689,8069 1991,6507 18,0311 303,7404 9,2681 -0,4662 113,8510 0,7877 23,0000 
12,450 5704,7787 1994,0824 18,1532 303,1859 9,1768 -0,4678 113,4903 0,7874 23,0000 
12,500 5719,7272 1996,4859 18,2754 302,6362 9,0853 -0,4693 113,1314 0,7872 23,0000 
12,550 5734,6524 1998,8612 18,3979 302,0912 8,9936 -0,4709 112,7742 0,7869 23,0000 
12,600 5749,5546 2001,2084 18,5205 301,5507 8,9018 -0,4724 112,4187 0,7867 23,0000 
12,650 5764,4339 2003,5275 18,6434 301,0146 8,8097 -0,4739 112,0650 0,7865 23,0000 
12,700 5779,2906 2005,8186 18,7665 300,4828 8,7175 -0,4755 111,7130 0,7862 23,0000 
12,750 5794,1248 2008,0817 18,8898 299,9553 8,6251 -0,4770 111,3627 0,7860 23,0000 
12,800 5808,9366 2010,3170 19,0133 299,4318 8,5325 -0,4785 111,0140 0,7858 23,0000 
12,850 5823,7262 2012,5244 19,1371 298,9124 8,4397 -0,4801 110,6671 0,7856 23,0000 
12,900 5838,4938 2014,7041 19,2610 298,3968 8,3467 -0,4816 110,3218 0,7853 23,0000 
12,950 5853,2395 2016,8560 19,3851 297,8851 8,2536 -0,4831 109,9782 0,7851 23,0000 
13,000 5867,9634 2018,9804 19,5095 297,3771 8,1603 -0,4846 109,6362 0,7849 23,0000 
13,050 5882,6658 2021,0771 19,6340 296,8728 8,0668 -0,4861 109,2959 0,7847 23,0000 
13,100 5897,3466 2023,1463 19,7588 296,3721 7,9731 -0,4876 108,9571 0,7845 23,0000 
13,150 5912,0061 2025,1880 19,8837 295,8749 7,8792 -0,4891 108,6201 0,7843 23,0000 
13,200 5926,6445 2027,2023 20,0089 295,3812 7,7852 -0,4906 108,2846 0,7841 23,0000 
13,250 5941,2617 2029,1893 20,1343 294,8908 7,6910 -0,4921 107,9507 0,7839 23,0000 
13,300 5955,8579 2031,1489 20,2598 294,4038 7,5966 -0,4936 107,6185 0,7837 23,0000 
13,350 5970,4333 2033,0812 20,3856 293,9200 7,5020 -0,4951 107,2878 0,7835 23,0000 
13,400 5984,9880 2034,9864 20,5116 293,4395 7,4073 -0,4966 106,9586 0,7833 23,0000 
13,450 5999,5220 2036,8643 20,6378 292,9621 7,3124 -0,4981 106,6311 0,7831 23,0000 
13,500 6014,0356 2038,7152 20,7641 292,4879 7,2173 -0,4996 106,3051 0,7829 23,0000 
13,550 6028,5287 2040,5390 20,8907 292,0167 7,1221 -0,5011 105,9806 0,7827 23,0000 
13,600 6043,0016 2042,3357 21,0175 291,5485 7,0267 -0,5026 105,6577 0,7825 23,0000 
13,650 6057,4543 2044,1055 21,1444 291,0834 6,9311 -0,5041 105,3363 0,7824 23,0000 
13,700 6071,8868 2045,8484 21,2716 290,6211 6,8353 -0,5056 105,0164 0,7822 23,0000 
13,750 6086,2995 2047,5644 21,3990 290,1618 6,7394 -0,5070 104,6980 0,7820 23,0000 
13,800 6100,6922 2049,2536 21,5265 289,7054 6,6433 -0,5085 104,3811 0,7818 23,0000 
13,850 6115,0651 2050,9159 21,6543 289,2518 6,5470 -0,5100 104,0657 0,7817 23,0000 
13,900 6129,4184 2052,5516 21,7822 288,8010 6,4506 -0,5115 103,7518 0,7815 23,0000 
13,950 6143,7520 2054,1605 21,9104 288,3530 6,3539 -0,5130 103,4393 0,7814 23,0000 
14,000 6158,0662 2055,7428 22,0387 287,9078 6,2572 -0,5144 103,1283 0,7812 23,0000 
14,050 6172,3609 2057,2985 22,1672 287,4653 6,1602 -0,5159 102,8188 0,7810 23,0000 
14,100 6186,6364 2058,8276 22,2960 287,0254 6,0631 -0,5174 102,5107 0,7809 23,0000 
14,150 6200,8926 2060,3302 22,4249 286,5883 5,9659 -0,5188 102,2040 0,7807 23,0000 
14,200 6215,1296 2061,8063 22,5540 286,1539 5,8684 -0,5203 101,8988 0,7806 23,0000 
14,250 6229,3476 2063,2560 22,6833 285,7220 5,7709 -0,5218 101,5949 0,7804 23,0000 
14,300 6243,5467 2064,6792 22,8128 285,2928 5,6731 -0,5232 101,2925 0,7803 23,0000 
14,350 6257,7268 2066,0762 22,9425 284,8662 5,5752 -0,5247 100,9915 0,7802 23,0000 
14,400 6271,8882 2067,4468 23,0723 284,4422 5,4771 -0,5262 100,6918 0,7800 23,0000 
14,450 6286,0308 2068,7911 23,2024 284,0208 5,3789 -0,5276 100,3936 0,7799 23,0000 
14,500 6300,1549 2070,1092 23,3326 283,6019 5,2805 -0,5291 100,0967 0,7798 23,0000 
14,550 6314,2603 2071,4011 23,4631 283,1856 5,1819 -0,5305 99,8011 0,7796 23,0000 
14,600 6328,3473 2072,6669 23,5937 282,7718 5,0832 -0,5320 99,5070 0,7795 23,0000 
14,650 6342,4160 2073,9066 23,7245 282,3605 4,9843 -0,5334 99,2141 0,7794 23,0000 
14,700 6356,4663 2075,1202 23,8555 281,9518 4,8853 -0,5349 98,9227 0,7792 23,0000 
14,750 6370,4984 2076,3077 23,9867 281,5458 4,7861 -0,5363 98,6325 0,7791 23,0000 
14,800 6384,5123 2077,4693 24,1180 281,1421 4,6868 -0,5378 98,3437 0,7790 23,0000 
14,850 6398,5082 2078,6049 24,2496 280,7407 4,5873 -0,5392 98,0561 0,7789 23,0000 
14,900 6412,4861 2079,7146 24,3813 280,3416 4,4876 -0,5407 97,7699 0,7788 23,0000 
14,950 6426,4461 2080,7984 24,5133 279,9449 4,3878 -0,5421 97,4850 0,7787 23,0000 
15,000 6440,3882 2081,8564 24,6454 279,5504 4,2879 -0,5436 97,2014 0,7786 23,0000 
15,050 6454,3126 2082,8885 24,7776 279,1582 4,1877 -0,5450 96,9190 0,7785 23,0000 
15,100 6468,2192 2083,8949 24,9101 278,7683 4,0875 -0,5465 96,6380 0,7784 23,0000 
15,150 6482,1081 2084,8756 25,0428 278,3807 3,9871 -0,5479 96,3581 0,7783 23,0000 
15,200 6495,9795 2085,8306 25,1756 277,9952 3,8865 -0,5494 96,0796 0,7782 23,0000 
15,250 6509,8334 2086,7599 25,3086 277,6121 3,7858 -0,5508 95,8023 0,7781 23,0000 
15,300 6523,6698 2087,6635 25,4418 277,2311 3,6849 -0,5523 95,5262 0,7780 23,0000 
15,350 6537,4889 2088,5416 25,5752 276,8523 3,5839 -0,5537 95,2514 0,7779 23,0000 
15,400 6551,2906 2089,3942 25,7087 276,4757 3,4828 -0,5551 94,9778 0,7778 23,0000 
15,450 6565,0751 2090,2212 25,8425 276,1013 3,3815 -0,5566 94,7054 0,7777 23,0000 
15,500 6578,8423 2091,0227 25,9764 275,7290 3,2800 -0,5580 94,4343 0,7776 23,0000 
15,550 6592,5925 2091,7988 26,1105 275,3589 3,1784 -0,5594 94,1643 0,7776 23,0000 
15,600 6606,3256 2092,5495 26,2447 274,9910 3,0767 -0,5609 93,8956 0,7775 23,0000 
15,650 6620,0416 2093,2747 26,3792 274,6251 2,9748 -0,5623 93,6280 0,7774 23,0000 
15,700 6633,7408 2093,9747 26,5138 274,2614 2,8728 -0,5638 93,3616 0,7774 23,0000 
15,750 6647,4230 2094,6493 26,6486 273,8998 2,7706 -0,5652 93,0964 0,7773 23,0000 
15,800 6661,0884 2095,2986 26,7836 273,5403 2,6683 -0,5666 92,8324 0,7772 23,0000 
15,850 6674,7371 2095,9227 26,9187 273,1829 2,5658 -0,5681 92,5695 0,7772 23,0000 
15,900 6688,3690 2096,5216 27,0541 272,8275 2,4632 -0,5695 92,3078 0,7771 23,0000 
15,950 6701,9843 2097,0953 27,1896 272,4742 2,3605 -0,5709 92,0473 0,7770 23,0000 
16,000 6715,5830 2097,6438 27,3253 272,1230 2,2576 -0,5724 91,7878 0,7770 23,0000 
16,050 6729,1652 2098,1673 27,4611 271,7737 2,1546 -0,5738 91,5295 0,7769 23,0000 
16,100 6742,7309 2098,6656 27,5971 271,4266 2,0514 -0,5752 91,2724 0,7769 23,0000 
16,150 6756,2802 2099,1389 27,7333 271,0814 1,9482 -0,5766 91,0163 0,7768 23,0000 
16,200 6769,8131 2099,5872 27,8697 270,7382 1,8447 -0,5781 90,7614 0,7768 23,0000 
16,250 6783,3297 2100,0105 28,0063 270,3971 1,7412 -0,5795 90,5076 0,7767 23,0000 
16,300 6796,8301 2100,4088 28,1430 270,0579 1,6375 -0,5809 90,2549 0,7767 23,0000 
16,350 6810,3142 2100,7822 28,2799 269,7207 1,5337 -0,5824 90,0033 0,7767 23,0000 
16,400 6823,7822 2101,1307 28,4169 269,3855 1,4297 -0,5838 89,7528 0,7766 23,0000 
16,450 6837,2341 2101,4543 28,5542 269,0522 1,3256 -0,5852 89,5033 0,7766 23,0000 
16,500 6850,6700 2101,7531 28,6916 268,7209 1,2214 -0,5866 89,2550 0,7766 23,0000 
16,550 6864,0898 2102,0271 28,8292 268,3915 1,1170 -0,5881 89,0077 0,7765 23,0000 
16,600 6877,4938 2102,2764 28,9669 268,0641 1,0125 -0,5895 88,7614 0,7765 23,0000 
16,650 6890,8818 2102,5008 29,1048 267,7386 0,9079 -0,5909 88,5163 0,7765 23,0000 
16,700 6904,2540 2102,7006 29,2429 267,4150 0,8032 -0,5923 88,2721 0,7765 23,0000 
16,750 6917,6105 2102,8757 29,3812 267,0932 0,6983 -0,5938 88,0291 0,7765 23,0000 
16,800 6930,9511 2103,0262 29,5196 266,7734 0,5933 -0,5952 87,7870 0,7764 23,0000 
16,850 6944,2761 2103,1520 29,6582 266,4555 0,4882 -0,5966 87,5460 0,7764 23,0000 
16,900 6957,5855 2103,2532 29,7969 266,1395 0,3830 -0,5980 87,3061 0,7764 23,0000 
16,950 6970,8793 2103,3299 29,9359 265,8253 0,2776 -0,5995 87,0671 0,7764 23,0000 
17,000 6984,1575 2103,3820 30,0750 265,5129 0,1721 -0,6009 86,8292 0,7764 23,0000 
17,050 6997,4202 2103,4096 30,2142 265,2025 0,0665 -0,6023 86,5922 0,7764 23,0000 
17,100 7010,6675 2103,4128 30,3537 264,8938 -0,0393 -0,6038 86,3563 0,7764 23,0000 
17,150 7023,8994 2103,3915 30,4933 264,5871 -0,1451 -0,6052 86,1214 0,7764 23,0000 
17,200 7037,1160 2103,3458 30,6331 264,2821 -0,2511 -0,6067 85,8875 0,7764 23,0000 
17,250 7050,3172 2103,2756 30,7730 263,9789 -0,3572 -0,6082 85,6545 0,7764 23,0000 
17,300 7063,5032 2103,1812 30,9132 263,6776 -0,4634 -0,6096 85,4226 0,7764 23,0000 
17,350 7076,6739 2103,0624 31,0535 263,3781 -0,5698 -0,6111 85,1916 0,7764 23,0000 
17,400 7089,8295 2102,9193 31,1939 263,0803 -0,6762 -0,6125 84,9616 0,7765 23,0000 
17,450 7102,9699 2102,7519 31,3346 262,7844 -0,7828 -0,6140 84,7325 0,7765 23,0000 
17,500 7116,0953 2102,5603 31,4754 262,4902 -0,8895 -0,6154 84,5044 0,7765 23,0000 
17,550 7129,2056 2102,3444 31,6164 262,1978 -0,9963 -0,6169 84,2773 0,7765 23,0000 
17,600 7142,3010 2102,1044 31,7576 261,9071 -1,1032 -0,6183 84,0511 0,7765 23,0000 
17,650 7155,3814 2101,8401 31,8989 261,6183 -1,2103 -0,6198 83,8259 0,7766 23,0000 
17,700 7168,4468 2101,5518 32,0404 261,3311 -1,3174 -0,6212 83,6016 0,7766 23,0000 
17,750 7181,4974 2101,2393 32,1821 261,0457 -1,4247 -0,6227 83,3782 0,7766 23,0000 
17,800 7194,5332 2100,9028 32,3239 260,7621 -1,5320 -0,6241 83,1558 0,7767 23,0000 
17,850 7207,5542 2100,5422 32,4659 260,4801 -1,6395 -0,6256 82,9342 0,7767 23,0000 
17,900 7220,5604 2100,1575 32,6081 260,1999 -1,7471 -0,6271 82,7136 0,7767 23,0000 
17,950 7233,5520 2099,7489 32,7505 259,9214 -1,8548 -0,6285 82,4940 0,7768 23,0000 
18,000 7246,5288 2099,3163 32,8930 259,6446 -1,9626 -0,6300 82,2752 0,7768 23,0000 
18,050 7259,4911 2098,8597 33,0357 259,3695 -2,0705 -0,6314 82,0573 0,7769 23,0000 
18,100 7272,4388 2098,3792 33,1785 259,0961 -2,1785 -0,6329 81,8403 0,7769 23,0000 
18,150 7285,3719 2097,8748 33,3216 258,8244 -2,2866 -0,6343 81,6243 0,7770 23,0000 
18,200 7298,2905 2097,3466 33,4648 258,5544 -2,3948 -0,6358 81,4091 0,7770 23,0000 
18,250 7311,1947 2096,7945 33,6081 258,2860 -2,5031 -0,6372 81,1947 0,7771 23,0000 
18,300 7324,0844 2096,2186 33,7516 258,0193 -2,6115 -0,6387 80,9813 0,7771 23,0000 
18,350 7336,9597 2095,6188 33,8953 257,7543 -2,7201 -0,6402 80,7688 0,7772 23,0000 
18,400 7349,8207 2094,9954 34,0392 257,4909 -2,8287 -0,6416 80,5571 0,7773 23,0000 
18,450 7362,6674 2094,3481 34,1832 257,2291 -2,9374 -0,6431 80,3462 0,7773 23,0000 
18,500 7375,4998 2093,6772 34,3274 256,9690 -3,0462 -0,6445 80,1363 0,7774 23,0000 
18,550 7388,3180 2092,9826 34,4718 256,7106 -3,1551 -0,6460 79,9272 0,7775 23,0000 
18,600 7401,1219 2092,2643 34,6163 256,4537 -3,2642 -0,6474 79,7189 0,7775 23,0000 
18,650 7413,9117 2091,5223 34,7610 256,1985 -3,3733 -0,6489 79,5115 0,7776 23,0000 
18,700 7426,6874 2090,7568 34,9059 255,9449 -3,4825 -0,6504 79,3049 0,7777 23,0000 
18,750 7439,4489 2089,9677 35,0509 255,6929 -3,5918 -0,6518 79,0992 0,7778 23,0000 
18,800 7452,1964 2089,1550 35,1961 255,4425 -3,7012 -0,6533 78,8943 0,7778 23,0000 
18,850 7464,9299 2088,3187 35,3414 255,1937 -3,8106 -0,6547 78,6902 0,7779 23,0000 
18,900 7477,6494 2087,4590 35,4870 254,9465 -3,9202 -0,6562 78,4870 0,7780 23,0000 
18,950 7490,3549 2086,5757 35,6326 254,7009 -4,0299 -0,6576 78,2845 0,7781 23,0000 
19,000 7503,0465 2085,6690 35,7785 254,4568 -4,1396 -0,6591 78,0829 0,7782 23,0000 
19,050 7515,7242 2084,7389 35,9245 254,2143 -4,2495 -0,6606 77,8821 0,7783 23,0000 
19,100 7528,3881 2083,7854 36,0707 253,9734 -4,3594 -0,6620 77,6821 0,7784 23,0000 
19,150 7541,0381 2082,8084 36,2170 253,7341 -4,4694 -0,6635 77,4829 0,7785 23,0000 
19,200 7553,6744 2081,8081 36,3635 253,4963 -4,5795 -0,6649 77,2845 0,7786 23,0000 
19,250 7566,2969 2080,7844 36,5101 253,2600 -4,6897 -0,6664 77,0869 0,7787 23,0000 
19,300 7578,9057 2079,7375 36,6570 253,0253 -4,7999 -0,6679 76,8901 0,7788 23,0000 
19,350 7591,5007 2078,6672 36,8039 252,7922 -4,9103 -0,6693 76,6941 0,7789 23,0000 
19,400 7604,0822 2077,5737 36,9511 252,5605 -5,0207 -0,6708 76,4988 0,7790 23,0000 
19,450 7616,6500 2076,4569 37,0984 252,3304 -5,1312 -0,6722 76,3044 0,7791 23,0000 
19,500 7629,2042 2075,3169 37,2459 252,1018 -5,2418 -0,6737 76,1107 0,7792 23,0000 
19,550 7641,7448 2074,1537 37,3935 251,8748 -5,3525 -0,6752 75,9178 0,7793 23,0000 
19,600 7654,2719 2072,9674 37,5413 251,6492 -5,4632 -0,6766 75,7256 0,7795 23,0000 
19,650 7666,7855 2071,7579 37,6892 251,4251 -5,5741 -0,6781 75,5342 0,7796 23,0000 
19,700 7679,2857 2070,5252 37,8373 251,2026 -5,6850 -0,6796 75,3436 0,7797 23,0000 
19,750 7691,7724 2069,2695 37,9856 250,9815 -5,7959 -0,6810 75,1537 0,7798 23,0000 
19,800 7704,2457 2067,9907 38,1340 250,7620 -5,9070 -0,6825 74,9646 0,7800 23,0000 
19,850 7716,7056 2066,6888 38,2826 250,5439 -6,0181 -0,6839 74,7762 0,7801 23,0000 
19,900 7729,1521 2065,3639 38,4313 250,3273 -6,1293 -0,6854 74,5886 0,7802 23,0000 
19,950 7741,5854 2064,0160 38,5802 250,1121 -6,2406 -0,6869 74,4017 0,7804 23,0000 
20,000 7754,0053 2062,6451 38,7293 249,8985 -6,3519 -0,6883 74,2155 0,7805 23,0000 
20,050 7766,4120 2061,2513 38,8785 249,6863 -6,4633 -0,6898 74,0301 0,7806 23,0000 
20,100 7778,8054 2059,8345 39,0279 249,4755 -6,5748 -0,6913 73,8454 0,7808 23,0000 
20,150 7791,1857 2058,3948 39,1774 249,2662 -6,6863 -0,6927 73,6614 0,7809 23,0000 
20,200 7803,5527 2056,9322 39,3271 249,0584 -6,7979 -0,6942 73,4782 0,7811 23,0000 
20,250 7815,9066 2055,4468 39,4769 248,8520 -6,9096 -0,6956 73,2956 0,7812 23,0000 
20,300 7828,2474 2053,9385 39,6269 248,6470 -7,0213 -0,6971 73,1138 0,7814 23,0000 
20,350 7840,5751 2052,4074 39,7771 248,4435 -7,1331 -0,6986 72,9327 0,7815 23,0000 
20,400 7852,8897 2050,8534 39,9274 248,2414 -7,2450 -0,7000 72,7523 0,7817 23,0000 
20,450 7865,1913 2049,2767 40,0778 248,0407 -7,3569 -0,7015 72,5726 0,7818 23,0000 
20,500 7877,4798 2047,6773 40,2285 247,8414 -7,4689 -0,7030 72,3936 0,7820 23,0000 
20,550 7889,7554 2046,0551 40,3792 247,6436 -7,5809 -0,7044 72,2153 0,7822 23,0000 
20,600 7902,0180 2044,4102 40,5302 247,4471 -7,6930 -0,7059 72,0377 0,7823 23,0000 
20,650 7914,2677 2042,7427 40,6813 247,2521 -7,8052 -0,7074 71,8608 0,7825 23,0000 
20,700 7926,5045 2041,0524 40,8325 247,0585 -7,9174 -0,7088 71,6846 0,7827 23,0000 
20,750 7938,7283 2039,3396 40,9839 246,8662 -8,0297 -0,7103 71,5090 0,7828 23,0000 
20,800 7950,9394 2037,6041 41,1354 246,6754 -8,1420 -0,7118 71,3342 0,7830 23,0000 
20,850 7963,1375 2035,8460 41,2871 246,4859 -8,2544 -0,7132 71,1600 0,7832 23,0000 
20,900 7975,3229 2034,0653 41,4390 246,2978 -8,3668 -0,7147 70,9865 0,7834 23,0000 
20,950 7987,4955 2032,2621 41,5910 246,1111 -8,4793 -0,7162 70,8136 0,7836 23,0000 
21,000 7999,6554 2030,4364 41,7431 245,9258 -8,5918 -0,7176 70,6415 0,7837 23,0000 
21,050 8011,8025 2028,5881 41,8954 245,7418 -8,7044 -0,7191 70,4700 0,7839 23,0000 
21,100 8023,9369 2026,7174 42,0479 245,5592 -8,8170 -0,7206 70,2991 0,7841 23,0000 
21,150 8036,0586 2024,8242 42,2005 245,3779 -8,9297 -0,7220 70,1289 0,7843 23,0000 
21,200 8048,1676 2022,9086 42,3533 245,1980 -9,0424 -0,7235 69,9594 0,7845 23,0000 
21,250 8060,2640 2020,9706 42,5062 245,0194 -9,1552 -0,7250 69,7905 0,7847 23,0000 
21,300 8072,3478 2019,0101 42,6593 244,8422 -9,2680 -0,7264 69,6223 0,7849 23,0000 
21,350 8084,4191 2017,0273 42,8125 244,6663 -9,3809 -0,7279 69,4547 0,7851 23,0000 
21,400 8096,4777 2015,0222 42,9658 244,4918 -9,4938 -0,7294 69,2878 0,7853 23,0000 
21,450 8108,5238 2012,9947 43,1193 244,3186 -9,6067 -0,7309 69,1215 0,7855 23,0000 
21,500 8120,5574 2010,9449 43,2730 244,1467 -9,7197 -0,7323 68,9558 0,7857 23,0000 
21,550 8132,5785 2008,8728 43,4268 243,9761 -9,8327 -0,7338 68,7908 0,7859 23,0000 
21,600 8144,5871 2006,7785 43,5808 243,8069 -9,9458 -0,7353 68,6264 0,7861 23,0000 
21,650 8156,5832 2004,6619 43,7349 243,6389 -10,0588 -0,7367 68,4626 0,7864 23,0000 
21,700 8168,5669 2002,5231 43,8891 243,4723 -10,1720 -0,7382 68,2995 0,7866 23,0000 
21,750 8180,5382 2000,3621 44,0435 243,3070 -10,2851 -0,7397 68,1370 0,7868 23,0000 
21,800 8192,4972 1998,1789 44,1981 243,1429 -10,3984 -0,7412 67,9751 0,7870 23,0000 
21,850 8204,4437 1995,9736 44,3528 242,9802 -10,5116 -0,7426 67,8138 0,7872 23,0000 
21,900 8216,3779 1993,7461 44,5076 242,8187 -10,6249 -0,7441 67,6532 0,7875 23,0000 
21,950 8228,2998 1991,4966 44,6626 242,6586 -10,7382 -0,7456 67,4931 0,7877 23,0000 
22,000 8240,2094 1989,2249 44,8177 242,4997 -10,8515 -0,7470 67,3337 0,7879 23,0000 
22,050 8252,1067 1986,9312 44,9730 242,3421 -10,9648 -0,7485 67,1749 0,7882 23,0000 
22,100 8263,9918 1984,6154 45,1285 242,1858 -11,0782 -0,7500 67,0166 0,7884 23,0000 
22,150 8275,8646 1982,2776 45,2840 242,0307 -11,1916 -0,7515 66,8590 0,7886 23,0000 
22,200 8287,7251 1979,9178 45,4398 241,8769 -11,3051 -0,7529 66,7020 0,7889 23,0000 
22,250 8299,5735 1977,5360 45,5956 241,7244 -11,4185 -0,7544 66,5456 0,7891 23,0000 
22,300 8311,4097 1975,1323 45,7516 241,5731 -11,5320 -0,7559 66,3897 0,7893 23,0000 
22,350 8323,2338 1972,7066 45,9078 241,4230 -11,6455 -0,7574 66,2345 0,7896 23,0000 
22,400 8335,0457 1970,2590 46,0641 241,2743 -11,7591 -0,7588 66,0798 0,7898 23,0000 
22,450 8346,8455 1967,7895 46,2205 241,1267 -11,8726 -0,7603 65,9258 0,7901 23,0000 
22,500 8358,6332 1965,2982 46,3771 240,9804 -11,9862 -0,7618 65,7723 0,7903 23,0000 
22,550 8370,4088 1962,7849 46,5338 240,8354 -12,0998 -0,7633 65,6194 0,7906 23,0000 
22,600 8382,1723 1960,2499 46,6907 240,6915 -12,2134 -0,7647 65,4670 0,7909 23,0000 
22,650 8393,9239 1957,6930 46,8477 240,5489 -12,3270 -0,7662 65,3153 0,7911 23,0000 
22,700 8405,6633 1955,1144 47,0048 240,4075 -12,4407 -0,7677 65,1641 0,7914 23,0000 
22,750 8417,3908 1952,5140 47,1621 240,2673 -12,5544 -0,7692 65,0135 0,7916 23,0000 
22,800 8429,1063 1949,8918 47,3196 240,1284 -12,6680 -0,7706 64,8635 0,7919 23,0000 
22,850 8440,8098 1947,2479 47,4771 239,9906 -12,7817 -0,7721 64,7140 0,7922 23,0000 
22,900 8452,5014 1944,5823 47,6349 239,8541 -12,8954 -0,7736 64,5651 0,7925 23,0000 
22,950 8464,1810 1941,8951 47,7927 239,7188 -13,0091 -0,7751 64,4168 0,7927 23,0000 
23,000 8475,8488 1939,1861 47,9507 239,5846 -13,1228 -0,7766 64,2690 0,7930 23,0000 
23,050 8487,5046 1936,4555 48,1088 239,4517 -13,2366 -0,7780 64,1218 0,7933 23,0000 
23,100 8499,1486 1933,7033 48,2671 239,3199 -13,3503 -0,7795 63,9751 0,7936 23,0000 
23,150 8510,7807 1930,9295 48,4255 239,1894 -13,4641 -0,7810 63,8290 0,7938 23,0000 
23,200 8522,4009 1928,1342 48,5841 239,0600 -13,5778 -0,7825 63,6834 0,7941 23,0000 
23,250 8534,0093 1925,3172 48,7428 238,9318 -13,6916 -0,7839 63,5384 0,7944 23,0000 
23,300 8545,6060 1922,4788 48,9016 238,8047 -13,8053 -0,7854 63,3939 0,7947 23,0000 
23,350 8557,1908 1919,6188 49,0606 238,6788 -13,9191 -0,7869 63,2500 0,7950 23,0000 
23,400 8568,7638 1916,7373 49,2197 238,5541 -14,0329 -0,7884 63,1066 0,7953 23,0000 
23,450 8580,3251 1913,8344 49,3789 238,4306 -14,1466 -0,7899 62,9638 0,7956 23,0000 
23,500 8591,8747 1910,9100 49,5383 238,3082 -14,2604 -0,7914 62,8214 0,7959 23,0000 
23,550 8603,4125 1907,9642 49,6978 238,1870 -14,3742 -0,7928 62,6797 0,7962 23,0000 
23,600 8614,9386 1904,9969 49,8575 238,0669 -14,4879 -0,7943 62,5384 0,7965 23,0000 
23,650 8626,4531 1902,0083 50,0173 237,9480 -14,6017 -0,7958 62,3977 0,7968 23,0000 
23,700 8637,9558 1898,9983 50,1772 237,8302 -14,7154 -0,7973 62,2575 0,7971 23,0000 
23,750 8649,4469 1895,9670 50,3372 237,7135 -14,8292 -0,7988 62,1179 0,7974 23,0000 
23,800 8660,9264 1892,9144 50,4974 237,5980 -14,9429 -0,8002 61,9788 0,7977 23,0000 
23,850 8672,3942 1889,8404 50,6578 237,4836 -15,0567 -0,8017 61,8401 0,7980 23,0000 
23,900 8683,8504 1886,7452 50,8182 237,3703 -15,1704 -0,8032 61,7021 0,7984 23,0000 
23,950 8695,2950 1883,6286 50,9788 237,2581 -15,2841 -0,8047 61,5645 0,7987 23,0000 
24,000 8706,7280 1880,4909 51,1396 237,1471 -15,3978 -0,8062 61,4274 0,7990 23,0000 
24,050 8718,1495 1877,3319 51,3004 237,0372 -15,5115 -0,8077 61,2909 0,7993 23,0000 
24,100 8729,5594 1874,1518 51,4614 236,9284 -15,6252 -0,8092 61,1549 0,7997 23,0000 
24,150 8740,9577 1870,9504 51,6226 236,8207 -15,7389 -0,8106 61,0194 0,8000 23,0000 
24,200 8752,3446 1867,7279 51,7838 236,7141 -15,8525 -0,8121 60,8844 0,8003 23,0000 
24,250 8763,7199 1864,4843 51,9452 236,6086 -15,9662 -0,8136 60,7499 0,8006 23,0000 
24,300 8775,0838 1861,2195 52,1067 236,5042 -16,0798 -0,8151 60,6159 0,8010 23,0000 
24,350 8786,4361 1857,9337 52,2684 236,4008 -16,1934 -0,8166 60,4824 0,8013 23,0000 
24,400 8797,7770 1854,6268 52,4302 236,2986 -16,3070 -0,8181 60,3494 0,8017 23,0000 
24,450 8809,1065 1851,2988 52,5921 236,1974 -16,4206 -0,8196 60,2169 0,8020 23,0000 
24,500 8820,4245 1847,9498 52,7542 236,0974 -16,5342 -0,8210 60,0849 0,8024 23,0000 
24,550 8831,7311 1844,5798 52,9163 235,9984 -16,6477 -0,8225 59,9534 0,8027 23,0000 
24,600 8843,0262 1841,1888 53,0787 235,9004 -16,7612 -0,8240 59,8224 0,8030 23,0000 
24,650 8854,3100 1837,7768 53,2411 235,8036 -16,8747 -0,8255 59,6919 0,8034 23,0000 
24,700 8865,5824 1834,3439 53,4037 235,7078 -16,9882 -0,8270 59,5619 0,8038 23,0000 
24,750 8876,8435 1830,8901 53,5664 235,6130 -17,1016 -0,8285 59,4324 0,8041 23,0000 
24,800 8888,0931 1827,4153 53,7292 235,5193 -17,2150 -0,8300 59,3033 0,8045 23,0000 
24,850 8899,3315 1823,9197 53,8921 235,4267 -17,3284 -0,8315 59,1747 0,8048 23,0000 
24,900 8910,5585 1820,4032 54,0552 235,3351 -17,4418 -0,8330 59,0467 0,8052 23,0000 
24,950 8921,7742 1816,8658 54,2184 235,2446 -17,5551 -0,8345 58,9191 0,8056 23,0000 
25,000 8932,9786 1813,3077 54,3818 235,1550 -17,6684 -0,8359 58,7920 0,8059 23,0000 
25,050 8944,1717 1809,7287 54,5452 235,0666 -17,7817 -0,8374 58,6653 0,8063 23,0000 
25,100 8955,3535 1806,1289 54,7088 234,9791 -17,8949 -0,8389 58,5392 0,8067 23,0000 
25,150 8966,5241 1802,5084 54,8725 234,8927 -18,0082 -0,8404 58,4135 0,8070 23,0000 
25,200 8977,6834 1798,8672 55,0364 234,8073 -18,1213 -0,8419 58,2883 0,8074 23,0000 
25,250 8988,8315 1795,2052 55,2004 234,7230 -18,2345 -0,8434 58,1635 0,8078 23,0000 
25,300 8999,9683 1791,5226 55,3644 234,6396 -18,3476 -0,8449 58,0392 0,8082 23,0000 
25,350 9011,0939 1787,8192 55,5287 234,5573 -18,4607 -0,8464 57,9154 0,8086 23,0000 
25,400 9022,2084 1784,0952 55,6930 234,4759 -18,5737 -0,8479 57,7921 0,8089 23,0000 
25,450 9033,3116 1780,3506 55,8575 234,3956 -18,6867 -0,8494 57,6692 0,8093 23,0000 
25,500 9044,4037 1776,5854 56,0221 234,3163 -18,7997 -0,8509 57,5468 0,8097 23,0000 
25,550 9055,4845 1772,7995 56,1868 234,2379 -18,9126 -0,8524 57,4249 0,8101 23,0000 
25,600 9066,5543 1768,9931 56,3516 234,1606 -19,0255 -0,8539 57,3034 0,8105 23,0000 
25,650 9077,6129 1765,1662 56,5166 234,0842 -19,1383 -0,8554 57,1824 0,8109 23,0000 
25,700 9088,6603 1761,3187 56,6817 234,0089 -19,2511 -0,8569 57,0618 0,8113 23,0000 
25,750 9099,6967 1757,4507 56,8469 233,9345 -19,3638 -0,8584 56,9417 0,8117 23,0000 
25,800 9110,7219 1753,5622 57,0122 233,8611 -19,4766 -0,8599 56,8220 0,8121 23,0000 
25,850 9121,7360 1749,6533 57,1776 233,7887 -19,5892 -0,8614 56,7028 0,8125 23,0000 
25,900 9132,7391 1745,7239 57,3432 233,7172 -19,7018 -0,8628 56,5840 0,8129 23,0000 
25,950 9143,7311 1741,7741 57,5089 233,6467 -19,8144 -0,8643 56,4657 0,8133 23,0000 
26,000 9154,7120 1737,8039 57,6747 233,5772 -19,9269 -0,8658 56,3479 0,8138 23,0000 
26,050 9165,6818 1733,8133 57,8406 233,5086 -20,0394 -0,8673 56,2305 0,8142 23,0000 
26,100 9176,6406 1729,8023 58,0067 233,4410 -20,1518 -0,8688 56,1135 0,8146 23,0000 
26,150 9187,5884 1725,7711 58,1729 233,3743 -20,2642 -0,8703 55,9970 0,8150 23,0000 
26,200 9198,5251 1721,7194 58,3392 233,3086 -20,3765 -0,8718 55,8809 0,8154 23,0000 
26,250 9209,4509 1717,6475 58,5056 233,2438 -20,4888 -0,8733 55,7652 0,8159 23,0000 
26,300 9220,3656 1713,5554 58,6721 233,1800 -20,6010 -0,8748 55,6500 0,8163 23,0000 
26,350 9231,2694 1709,4429 58,8387 233,1170 -20,7132 -0,8763 55,5353 0,8167 23,0000 
26,400 9242,1621 1705,3102 59,0055 233,0551 -20,8253 -0,8778 55,4209 0,8171 23,0000 
26,450 9253,0439 1701,1574 59,1724 232,9940 -20,9373 -0,8793 55,3071 0,8176 23,0000 
26,500 9263,9147 1696,9843 59,3394 232,9339 -21,0493 -0,8809 55,1936 0,8180 23,0000 
26,550 9274,7746 1692,7910 59,5065 232,8747 -21,1613 -0,8824 55,0806 0,8184 23,0000 
26,600 9285,6235 1688,5777 59,6737 232,8164 -21,2732 -0,8839 54,9680 0,8189 23,0000 
26,650 9296,4615 1684,3441 59,8411 232,7590 -21,3850 -0,8854 54,8558 0,8193 23,0000 
26,700 9307,2886 1680,0905 60,0085 232,7026 -21,4967 -0,8869 54,7441 0,8198 23,0000 
26,750 9318,1048 1675,8168 60,1761 232,6470 -21,6084 -0,8884 54,6328 0,8202 23,0000 
26,800 9328,9100 1671,5230 60,3438 232,5924 -21,7201 -0,8899 54,5219 0,8207 23,0000 
26,850 9339,7044 1667,2092 60,5116 232,5386 -21,8317 -0,8914 54,4114 0,8211 23,0000 
26,900 9350,4879 1662,8754 60,6795 232,4857 -21,9432 -0,8929 54,3014 0,8216 23,0000 
26,950 9361,2605 1658,5215 60,8475 232,4338 -22,0546 -0,8944 54,1918 0,8220 23,0000 
27,000 9372,0222 1654,1477 61,0157 232,3827 -22,1660 -0,8959 54,0826 0,8225 23,0000 
27,050 9382,7731 1649,7539 61,1839 232,3325 -22,2773 -0,8974 53,9738 0,8230 23,0000 
27,100 9393,5132 1645,3402 61,3523 232,2831 -22,3886 -0,8989 53,8654 0,8234 23,0000 
27,150 9404,2423 1640,9066 61,5208 232,2347 -22,4998 -0,9004 53,7575 0,8239 23,0000 
27,200 9414,9607 1636,4531 61,6894 232,1871 -22,6109 -0,9019 53,6500 0,8244 23,0000 
27,250 9425,6682 1631,9797 61,8581 232,1404 -22,7219 -0,9034 53,5429 0,8248 23,0000 
27,300 9436,3650 1627,4865 62,0269 232,0945 -22,8329 -0,9049 53,4362 0,8253 23,0000 
27,350 9447,0509 1622,9734 62,1959 232,0495 -22,9438 -0,9064 53,3299 0,8258 23,0000 
27,400 9457,7260 1618,4405 62,3649 232,0054 -23,0546 -0,9080 53,2240 0,8263 23,0000 
27,450 9468,3903 1613,8879 62,5340 231,9621 -23,1654 -0,9095 53,1186 0,8267 23,0000 
27,500 9479,0439 1609,3154 62,7033 231,9196 -23,2761 -0,9110 53,0135 0,8272 23,0000 
27,550 9489,6867 1604,7233 62,8727 231,8780 -23,3867 -0,9125 52,9088 0,8277 23,0000 
27,600 9500,3187 1600,1114 63,0421 231,8373 -23,4973 -0,9140 52,8046 0,8282 23,0000 
27,650 9510,9399 1595,4798 63,2117 231,7974 -23,6077 -0,9155 52,7008 0,8287 23,0000 
27,700 9521,5504 1590,8286 63,3814 231,7583 -23,7181 -0,9170 52,5973 0,8292 23,0000 
27,750 9532,1502 1586,1576 63,5512 231,7200 -23,8284 -0,9185 52,4943 0,8297 23,0000 
27,800 9542,7393 1581,4671 63,7211 231,6826 -23,9387 -0,9200 52,3917 0,8302 23,0000 
27,850 9553,3176 1576,7569 63,8912 231,6460 -24,0488 -0,9216 52,2895 0,8307 23,0000 
27,900 9563,8852 1572,0272 64,0613 231,6102 -24,1589 -0,9231 52,1876 0,8312 23,0000 
27,950 9574,4420 1567,2779 64,2315 231,5752 -24,2689 -0,9246 52,0862 0,8317 23,0000 
28,000 9584,9882 1562,5090 64,4019 231,5410 -24,3788 -0,9261 51,9852 0,8322 23,0000 
28,050 9595,5237 1557,7206 64,5723 231,5076 -24,4887 -0,9276 51,8845 0,8327 23,0000 
28,100 9606,0485 1552,9127 64,7428 231,4751 -24,5984 -0,9291 51,7843 0,8332 23,0000 
28,150 9616,5626 1548,0853 64,9135 231,4433 -24,7081 -0,9306 51,6844 0,8337 23,0000 
28,200 9627,0661 1543,2385 65,0843 231,4123 -24,8177 -0,9321 51,5850 0,8342 23,0000 
28,250 9637,5589 1538,3722 65,2551 231,3822 -24,9272 -0,9337 51,4859 0,8347 23,0000 
28,300 9648,0410 1533,4865 65,4261 231,3528 -25,0366 -0,9352 51,3872 0,8353 23,0000 
28,350 9658,5125 1528,5814 65,5972 231,3241 -25,1459 -0,9367 51,2890 0,8358 23,0000 
28,400 9668,9733 1523,6570 65,7683 231,2963 -25,2552 -0,9382 51,1911 0,8363 23,0000 
28,450 9679,4235 1518,7132 65,9396 231,2693 -25,3644 -0,9397 51,0936 0,8368 23,0000 
28,500 9689,8630 1513,7500 66,1110 231,2430 -25,4734 -0,9412 50,9964 0,8374 23,0000 
28,550 9700,2920 1508,7676 66,2824 231,2175 -25,5824 -0,9428 50,8997 0,8379 23,0000 
28,600 9710,7103 1503,7659 66,4540 231,1927 -25,6913 -0,9443 50,8033 0,8384 23,0000 
28,650 9721,1180 1498,7449 66,6257 231,1687 -25,8001 -0,9458 50,7074 0,8390 23,0000 
28,700 9731,5151 1493,7046 66,7975 231,1455 -25,9088 -0,9473 50,6118 0,8395 23,0000 
28,750 9741,9016 1488,6452 66,9694 231,1230 -26,0174 -0,9488 50,5166 0,8400 23,0000 
28,800 9752,2775 1483,5666 67,1414 231,1013 -26,1260 -0,9504 50,4218 0,8406 23,0000 
28,850 9762,6428 1478,4687 67,3134 231,0803 -26,2344 -0,9519 50,3273 0,8411 23,0000 
28,900 9772,9976 1473,3518 67,4856 231,0601 -26,3428 -0,9534 50,2332 0,8417 23,0000 
28,950 9783,3418 1468,2157 67,6579 231,0405 -26,4510 -0,9549 50,1396 0,8422 23,0000 
29,000 9793,6754 1463,0605 67,8303 231,0218 -26,5592 -0,9564 50,0462 0,8428 23,0000 
29,050 9803,9984 1457,8862 68,0027 231,0037 -26,6672 -0,9580 49,9533 0,8433 23,0000 
29,100 9814,3109 1452,6929 68,1753 230,9864 -26,7752 -0,9595 49,8607 0,8439 23,0000 
29,150 9824,6129 1447,4805 68,3480 230,9698 -26,8831 -0,9610 49,7686 0,8444 23,0000 
29,200 9834,9043 1442,2491 68,5207 230,9540 -26,9908 -0,9625 49,6767 0,8450 23,0000 
29,250 9845,1851 1436,9987 68,6936 230,9388 -27,0985 -0,9640 49,5853 0,8456 23,0000 
29,300 9855,4554 1431,7293 68,8666 230,9244 -27,2061 -0,9656 49,4942 0,8461 23,0000 
29,350 9865,7153 1426,4410 69,0396 230,9106 -27,3136 -0,9671 49,4035 0,8467 23,0000 
29,400 9875,9645 1421,1338 69,2128 230,8976 -27,4210 -0,9686 49,3132 0,8473 23,0000 
29,450 9886,2033 1415,8076 69,3860 230,8853 -27,5282 -0,9701 49,2232 0,8478 23,0000 
29,500 9896,4316 1410,4626 69,5594 230,8736 -27,6354 -0,9717 49,1336 0,8484 23,0000 
29,550 9906,6493 1405,0987 69,7328 230,8627 -27,7425 -0,9732 49,0444 0,8490 23,0000 
29,600 9916,8566 1399,7160 69,9063 230,8524 -27,8495 -0,9747 48,9555 0,8496 23,0000 
29,650 9927,0534 1394,3144 70,0799 230,8428 -27,9563 -0,9762 48,8670 0,8502 23,0000 
29,700 9937,2396 1388,8941 70,2536 230,8340 -28,0631 -0,9778 48,7789 0,8507 23,0000 
29,750 9947,4154 1383,4550 70,4274 230,8257 -28,1698 -0,9793 48,6911 0,8513 23,0000 
29,800 9957,5808 1377,9971 70,6013 230,8182 -28,2763 -0,9808 48,6037 0,8519 23,0000 
29,850 9967,7356 1372,5206 70,7753 230,8113 -28,3828 -0,9823 48,5166 0,8525 23,0000 
29,900 9977,8800 1367,0253 70,9494 230,8051 -28,4891 -0,9839 48,4299 0,8531 23,0000 
29,950 9988,0139 1361,5114 71,1236 230,7996 -28,5954 -0,9854 48,3436 0,8537 23,0000 
30,000 9998,1374 1355,9788 71,2978 230,7947 -28,7015 -0,9869 48,2576 0,8543 23,0000 
30,050 10008,2504 1350,4275 71,4722 230,7905 -28,8075 -0,9884 48,1720 0,8549 23,0000 
30,100 10018,3529 1344,8577 71,6466 230,7869 -28,9135 -0,9900 48,0867 0,8555 23,0000 
30,150 10028,4451 1339,2693 71,8211 230,7840 -29,0193 -0,9915 48,0018 0,8561 23,0000 
30,200 10038,5267 1333,6623 71,9957 230,7817 -29,1250 -0,9930 47,9173 0,8567 23,0000 
30,250 10048,5980 1328,0367 72,1704 230,7801 -29,2306 -0,9945 47,8331 0,8573 23,0000 
30,300 10058,6588 1322,3927 72,3452 230,7791 -29,3361 -0,9961 47,7492 0,8580 23,0000 
30,350 10068,7092 1316,7302 72,5201 230,7787 -29,4414 -0,9976 47,6657 0,8586 23,0000 
30,400 10078,7492 1311,0492 72,6951 230,7790 -29,5467 -0,9991 47,5826 0,8592 23,0000 
30,450 10088,7787 1305,3497 72,8701 230,7799 -29,6519 -1,0007 47,4998 0,8598 23,0000 
30,500 10098,7979 1299,6318 73,0452 230,7814 -29,7569 -1,0022 47,4173 0,8604 23,0000 
30,550 10108,8066 1293,8955 73,2205 230,7835 -29,8618 -1,0037 47,3353 0,8611 23,0000 
30,600 10118,8049 1288,1409 73,3958 230,7862 -29,9666 -1,0053 47,2535 0,8617 23,0000 
30,650 10128,7929 1282,3679 73,5712 230,7896 -30,0713 -1,0068 47,1721 0,8623 23,0000 
30,700 10138,7704 1276,5765 73,7466 230,7935 -30,1759 -1,0083 47,0911 0,8629 23,0000 
30,750 10148,7376 1270,7669 73,9222 230,7981 -30,2804 -1,0098 47,0104 0,8636 23,0000 
30,800 10158,6943 1264,9390 74,0978 230,8032 -30,3848 -1,0114 46,9300 0,8642 23,0000 
30,850 10168,6407 1259,0928 74,2736 230,8090 -30,4890 -1,0129 46,8500 0,8649 23,0000 
30,900 10178,5767 1253,2284 74,4494 230,8153 -30,5931 -1,0144 46,7703 0,8655 23,0000 
30,950 10188,5024 1247,3457 74,6252 230,8223 -30,6971 -1,0160 46,6910 0,8661 23,0000 
31,000 10198,4176 1241,4449 74,8012 230,8298 -30,8010 -1,0175 46,6120 0,8668 23,0000 
31,050 10208,3225 1235,5259 74,9773 230,8379 -30,9048 -1,0190 46,5334 0,8674 23,0000 
31,100 10218,2170 1229,5888 75,1534 230,8466 -31,0085 -1,0206 46,4551 0,8681 23,0000 
31,150 10228,1012 1223,6335 75,3296 230,8558 -31,1120 -1,0221 46,3771 0,8687 23,0000 
31,200 10237,9750 1217,6602 75,5059 230,8656 -31,2154 -1,0236 46,2995 0,8694 23,0000 
31,250 10247,8385 1211,6687 75,6823 230,8760 -31,3187 -1,0252 46,2222 0,8701 23,0000 
31,300 10257,6916 1205,6593 75,8587 230,8870 -31,4219 -1,0267 46,1453 0,8707 23,0000 
31,350 10267,5344 1199,6318 76,0352 230,8985 -31,5250 -1,0282 46,0686 0,8714 23,0000 
31,400 10277,3668 1193,5863 76,2118 230,9105 -31,6279 -1,0298 45,9924 0,8720 23,0000 
31,450 10287,1889 1187,5228 76,3885 230,9231 -31,7307 -1,0313 45,9164 0,8727 23,0000 
31,500 10297,0007 1181,4414 76,5653 230,9363 -31,8334 -1,0328 45,8408 0,8734 23,0000 
31,550 10306,8021 1175,3421 76,7421 230,9500 -31,9360 -1,0344 45,7656 0,8741 23,0000 
31,600 10316,5932 1169,2248 76,9190 230,9642 -32,0385 -1,0359 45,6906 0,8747 23,0000 
31,650 10326,3739 1163,0897 77,0960 230,9790 -32,1408 -1,0374 45,6160 0,8754 23,0000 
31,700 10336,1444 1156,9367 77,2730 230,9943 -32,2430 -1,0390 45,5417 0,8761 23,0000 
31,750 10345,9045 1150,7659 77,4502 231,0102 -32,3451 -1,0405 45,4678 0,8768 23,0000 
31,800 10355,6543 1144,5773 77,6274 231,0265 -32,4471 -1,0420 45,3942 0,8775 23,0000 
31,850 10365,3938 1138,3708 77,8047 231,0434 -32,5489 -1,0436 45,3209 0,8781 23,0000 
31,900 10375,1230 1132,1467 77,9820 231,0608 -32,6506 -1,0451 45,2479 0,8788 23,0000 
31,950 10384,8419 1125,9048 78,1594 231,0787 -32,7522 -1,0466 45,1753 0,8795 23,0000 
32,000 10394,5505 1119,6452 78,3369 231,0972 -32,8537 -1,0482 45,1030 0,8802 23,0000 
32,050 10404,2488 1113,3679 78,5145 231,1161 -32,9550 -1,0497 45,0311 0,8809 23,0000 
32,100 10413,9368 1107,0729 78,6921 231,1355 -33,0562 -1,0512 44,9594 0,8816 23,0000 
32,150 10423,6145 1100,7603 78,8699 231,1555 -33,1573 -1,0528 44,8881 0,8823 23,0000 
32,200 10433,2819 1094,4301 79,0476 231,1759 -33,2583 -1,0543 44,8171 0,8830 23,0000 
32,250 10442,9390 1088,0823 79,2255 231,1969 -33,3591 -1,0558 44,7464 0,8837 23,0000 
32,300 10452,5858 1081,7170 79,4034 231,2183 -33,4598 -1,0574 44,6761 0,8844 23,0000 
32,350 10462,2223 1075,3341 79,5814 231,2402 -33,5604 -1,0589 44,6060 0,8852 23,0000 
32,400 10471,8486 1068,9337 79,7594 231,2626 -33,6608 -1,0604 44,5363 0,8859 23,0000 
32,450 10481,4646 1062,5158 79,9376 231,2854 -33,7611 -1,0620 44,4670 0,8866 23,0000 
32,500 10491,0703 1056,0804 80,1157 231,3088 -33,8613 -1,0635 44,3979 0,8873 23,0000 
32,550 10500,6657 1049,6276 80,2940 231,3326 -33,9614 -1,0650 44,3292 0,8880 23,0000 
32,600 10510,2508 1043,1574 80,4723 231,3568 -34,0613 -1,0666 44,2607 0,8888 23,0000 
32,650 10519,8257 1036,6698 80,6507 231,3816 -34,1611 -1,0681 44,1926 0,8895 23,0000 
32,700 10529,3903 1030,1648 80,8292 231,4068 -34,2608 -1,0696 44,1248 0,8902 23,0000 
32,750 10538,9447 1023,6425 81,0077 231,4324 -34,3604 -1,0712 44,0574 0,8909 23,0000 
32,800 10548,4888 1017,1029 81,1863 231,4585 -34,4598 -1,0727 43,9902 0,8917 23,0000 
32,850 10558,0226 1010,5460 81,3649 231,4851 -34,5590 -1,0742 43,9234 0,8924 23,0000 
32,900 10567,5462 1003,9718 81,5436 231,5121 -34,6582 -1,0758 43,8569 0,8931 23,0000 
32,950 10577,0595 997,3803 81,7224 231,5396 -34,7572 -1,0773 43,7906 0,8939 23,0000 
33,000 10586,5625 990,7717 81,9012 231,5674 -34,8561 -1,0788 43,7248 0,8946 23,0000 
33,050 10596,0554 984,1459 82,0801 231,5958 -34,9549 -1,0804 43,6592 0,8954 23,0000 
33,100 10605,5379 977,5029 82,2590 231,6245 -35,0535 -1,0819 43,5939 0,8961 23,0000 
33,150 10615,0102 970,8427 82,4380 231,6537 -35,1520 -1,0834 43,5289 0,8969 23,0000 
33,200 10624,4723 964,1655 82,6171 231,6833 -35,2503 -1,0850 43,4643 0,8976 23,0000 
33,250 10633,9241 957,4711 82,7962 231,7133 -35,3486 -1,0865 43,4000 0,8984 23,0000 
33,300 10643,3657 950,7597 82,9754 231,7437 -35,4467 -1,0880 43,3359 0,8991 23,0000 
33,350 10652,7970 944,0313 83,1547 231,7746 -35,5446 -1,0896 43,2722 0,8999 23,0000 
33,400 10662,2181 937,2858 83,3340 231,8059 -35,6424 -1,0911 43,2088 0,9007 23,0000 
33,450 10671,6290 930,5234 83,5133 231,8375 -35,7401 -1,0926 43,1457 0,9014 23,0000 
33,500 10681,0296 923,7440 83,6927 231,8696 -35,8377 -1,0941 43,0829 0,9022 23,0000 
33,550 10690,4200 916,9477 83,8722 231,9021 -35,9351 -1,0957 43,0204 0,9030 23,0000 
33,600 10699,8002 910,1344 84,0517 231,9349 -36,0324 -1,0972 42,9583 0,9037 23,0000 
33,650 10709,1701 903,3043 84,2313 231,9682 -36,1295 -1,0987 42,8964 0,9045 23,0000 
33,700 10718,5298 896,4573 84,4110 232,0018 -36,2266 -1,1003 42,8348 0,9053 23,0000 
33,750 10727,8793 889,5934 84,5906 232,0359 -36,3234 -1,1018 42,7735 0,9061 23,0000 
33,800 10737,2186 882,7128 84,7704 232,0703 -36,4202 -1,1033 42,7126 0,9069 23,0000 
33,850 10746,5476 875,8154 84,9502 232,1051 -36,5168 -1,1048 42,6519 0,9076 23,0000 
33,900 10755,8664 868,9012 85,1300 232,1402 -36,6133 -1,1064 42,5916 0,9084 23,0000 
33,950 10765,1750 861,9703 85,3099 232,1758 -36,7096 -1,1079 42,5315 0,9092 23,0000 
34,000 10774,4734 855,0227 85,4899 232,2117 -36,8058 -1,1094 42,4718 0,9100 23,0000 
34,050 10783,7615 848,0584 85,6698 232,2479 -36,9019 -1,1109 42,4123 0,9108 23,0000 
34,100 10793,0395 841,0775 85,8499 232,2846 -36,9978 -1,1125 42,3531 0,9116 23,0000 
34,150 10802,3072 834,0799 86,0300 232,3215 -37,0936 -1,1140 42,2943 0,9124 23,0000 
34,200 10811,5647 827,0657 86,2101 232,3589 -37,1892 -1,1155 42,2357 0,9132 23,0000 
34,250 10820,8120 820,0350 86,3903 232,3966 -37,2848 -1,1170 42,1775 0,9140 23,0000 
34,300 10830,0491 812,9877 86,5705 232,4346 -37,3801 -1,1186 42,1195 0,9148 23,0000 
34,350 10839,2760 805,9239 86,7508 232,4730 -37,4754 -1,1201 42,0618 0,9156 23,0000 
34,400 10848,4926 798,8436 86,9311 232,5117 -37,5705 -1,1216 42,0045 0,9164 23,0000 
34,450 10857,6991 791,7468 87,1115 232,5507 -37,6654 -1,1231 41,9474 0,9172 23,0000 
34,500 10866,8954 784,6336 87,2919 232,5901 -37,7603 -1,1247 41,8906 0,9181 23,0000 
34,550 10876,0814 777,5039 87,4724 232,6298 -37,8549 -1,1262 41,8341 0,9189 23,0000 
34,600 10885,2573 770,3579 87,6529 232,6699 -37,9495 -1,1277 41,7779 0,9197 23,0000 
34,650 10894,4229 763,1955 87,8334 232,7102 -38,0439 -1,1292 41,7220 0,9205 23,0000 
34,700 10903,5783 756,0168 88,0140 232,7509 -38,1382 -1,1307 41,6664 0,9214 23,0000 
34,750 10912,7236 748,8218 88,1946 232,7919 -38,2323 -1,1322 41,6111 0,9222 23,0000 
34,800 10921,8586 741,6104 88,3753 232,8332 -38,3263 -1,1338 41,5561 0,9230 23,0000 
34,850 10930,9834 734,3829 88,5560 232,8748 -38,4202 -1,1353 41,5013 0,9239 23,0000 
34,900 10940,0981 727,1391 88,7367 232,9167 -38,5139 -1,1368 41,4469 0,9247 23,0000 
34,950 10949,2025 719,8791 88,9175 232,9590 -38,6075 -1,1383 41,3927 0,9255 23,0000 
35,000 10958,2968 712,6029 89,0983 233,0015 -38,7009 -1,1398 41,3389 0,9264 23,0000 
35,050 10967,3808 705,3105 89,2792 233,0443 -38,7942 -1,1413 41,2853 0,9272 23,0000 
35,100 10976,4547 698,0021 89,4601 233,0874 -38,8873 -1,1428 41,2320 0,9281 23,0000 
35,150 10985,5183 690,6775 89,6410 233,1308 -38,9804 -1,1443 41,1790 0,9289 23,0000 
35,200 10994,5718 683,3369 89,8220 233,1745 -39,0732 -1,1458 41,1263 0,9298 23,0000 
35,250 11003,6150 675,9802 90,0030 233,2184 -39,1660 -1,1473 41,0738 0,9306 23,0000 
35,300 11012,6481 668,6076 90,1840 233,2627 -39,2586 -1,1488 41,0217 0,9315 23,0000 
35,350 11021,6710 661,2189 90,3651 233,3072 -39,3510 -1,1503 40,9698 0,9323 23,0000 
35,400 11030,6837 653,8143 90,5462 233,3519 -39,4433 -1,1518 40,9182 0,9332 23,0000 
35,450 11039,6862 646,3937 90,7273 233,3970 -39,5355 -1,1533 40,8669 0,9341 23,0000 
35,500 11048,6785 638,9572 90,9084 233,4423 -39,6276 -1,1548 40,8159 0,9349 23,0000 
35,550 11057,6606 631,5049 91,0896 233,4879 -39,7195 -1,1563 40,7652 0,9358 23,0000 
35,600 11066,6325 624,0367 91,2708 233,5337 -39,8112 -1,1578 40,7147 0,9367 23,0000 
35,650 11075,5943 616,5527 91,4521 233,5798 -39,9028 -1,1593 40,6645 0,9375 23,0000 
35,700 11084,5458 609,0529 91,6333 233,6261 -39,9943 -1,1608 40,6146 0,9384 23,0000 
35,750 11093,4872 601,5373 91,8146 233,6727 -40,0856 -1,1623 40,5650 0,9393 23,0000 
35,800 11102,4183 594,0059 91,9960 233,7195 -40,1768 -1,1638 40,5157 0,9402 23,0000 
35,850 11111,3393 586,4589 92,1773 233,7666 -40,2679 -1,1653 40,4666 0,9411 23,0000 
35,900 11120,2501 578,8962 92,3587 233,8139 -40,3588 -1,1668 40,4178 0,9420 23,0000 
35,950 11129,1507 571,3178 92,5401 233,8614 -40,4496 -1,1683 40,3693 0,9428 23,0000 
36,000 11138,0412 563,7237 92,7215 233,9092 -40,5402 -1,1698 40,3211 0,9437 23,0000 
36,050 11146,9214 556,1141 92,9029 233,9572 -40,6307 -1,1712 40,2732 0,9446 23,0000 
36,100 11155,7914 548,4889 93,0844 234,0054 -40,7210 -1,1727 40,2255 0,9455 23,0000 
36,150 11164,6513 540,8482 93,2659 234,0538 -40,8112 -1,1742 40,1781 0,9464 23,0000 
36,200 11173,5010 533,1919 93,4474 234,1024 -40,9013 -1,1757 40,1310 0,9473 23,0000 
36,250 11182,3405 525,5201 93,6289 234,1513 -40,9912 -1,1771 40,0841 0,9482 23,0000 
36,300 11191,1698 517,8329 93,8104 234,2004 -41,0810 -1,1786 40,0375 0,9491 23,0000 
36,350 11199,9889 510,1302 93,9920 234,2497 -41,1706 -1,1801 39,9912 0,9501 23,0000 
36,400 11208,7978 502,4122 94,1736 234,2991 -41,2601 -1,1815 39,9452 0,9510 23,0000 
36,450 11217,5965 494,6787 94,3551 234,3488 -41,3495 -1,1830 39,8994 0,9519 23,0000 
36,500 11226,3851 486,9299 94,5367 234,3987 -41,4387 -1,1845 39,8539 0,9528 23,0000 
36,550 11235,1635 479,1658 94,7184 234,4488 -41,5278 -1,1859 39,8087 0,9537 23,0000 
36,600 11243,9317 471,3864 94,9000 234,4990 -41,6167 -1,1874 39,7637 0,9546 23,0000 
36,650 11252,6897 463,5917 95,0816 234,5495 -41,7055 -1,1888 39,7191 0,9556 23,0000 
36,700 11261,4375 455,7817 95,2633 234,6001 -41,7942 -1,1903 39,6746 0,9565 23,0000 
36,750 11270,1751 447,9566 95,4449 234,6509 -41,8827 -1,1917 39,6305 0,9574 23,0000 
36,800 11278,9025 440,1163 95,6266 234,7019 -41,9711 -1,1932 39,5866 0,9584 23,0000 
36,850 11287,6198 432,2608 95,8083 234,7530 -42,0593 -1,1946 39,5430 0,9593 23,0000 
36,900 11296,3268 424,3902 95,9899 234,8044 -42,1474 -1,1961 39,4996 0,9602 23,0000 
36,950 11305,0237 416,5045 96,1716 234,8559 -42,2354 -1,1975 39,4565 0,9612 23,0000 
37,000 11313,7104 408,6037 96,3533 234,9075 -42,3232 -1,1990 39,4137 0,9621 23,0000 
37,050 11322,3869 400,6879 96,5350 234,9593 -42,4108 -1,2004 39,3712 0,9631 23,0000 
37,100 11331,0532 392,7571 96,7167 235,0113 -42,4984 -1,2018 39,3289 0,9640 23,0000 
37,150 11339,7093 384,8113 96,8984 235,0634 -42,5858 -1,2032 39,2869 0,9650 23,0000 
37,200 11348,3552 376,8505 97,0801 235,1157 -42,6730 -1,2047 39,2451 0,9659 23,0000 
37,250 11356,9910 368,8748 97,2618 235,1681 -42,7601 -1,2061 39,2036 0,9669 23,0000 
37,300 11365,6165 360,8842 97,4435 235,2207 -42,8471 -1,2075 39,1624 0,9678 23,0000 
37,350 11374,2319 352,8788 97,6252 235,2734 -42,9339 -1,2089 39,1214 0,9688 23,0000 
37,400 11382,8370 344,8585 97,8069 235,3262 -43,0206 -1,2103 39,0807 0,9697 23,0000 
37,450 11391,4320 336,8234 97,9886 235,3791 -43,1071 -1,2117 39,0402 0,9707 23,0000 
37,500 11400,0168 328,7735 98,1703 235,4322 -43,1935 -1,2131 39,0000 0,9717 23,0000 
37,550 11408,5914 320,7089 98,3520 235,4854 -43,2798 -1,2145 38,9601 0,9727 23,0000 
37,600 11417,1558 312,6296 98,5336 235,5388 -43,3659 -1,2159 38,9204 0,9736 23,0000 
37,650 11425,7099 304,5355 98,7153 235,5922 -43,4519 -1,2173 38,8810 0,9746 23,0000 
37,700 11434,2539 296,4268 98,8969 235,6458 -43,5378 -1,2186 38,8418 0,9756 23,0000 
37,750 11442,7877 288,3035 99,0786 235,6995 -43,6235 -1,2200 38,8029 0,9766 23,0000 
37,800 11451,3113 280,1655 99,2602 235,7533 -43,7090 -1,2214 38,7643 0,9775 23,0000 
37,850 11459,8247 272,0130 99,4418 235,8072 -43,7945 -1,2228 38,7259 0,9785 23,0000 
37,900 11468,3279 263,8460 99,6234 235,8611 -43,8798 -1,2241 38,6878 0,9795 23,0000 
37,950 11476,8209 255,6644 99,8050 235,9152 -43,9649 -1,2255 38,6499 0,9805 23,0000 
38,000 11485,3037 247,4683 99,9866 235,9694 -44,0499 -1,2268 38,6123 0,9815 23,0000 
38,050 11493,7763 239,2578 100,1681 236,0237 -44,1348 -1,2282 38,5749 0,9825 23,0000 
38,100 11502,2387 231,0328 100,3496 236,0780 -44,2196 -1,2295 38,5378 0,9835 23,0000 
38,150 11510,6908 222,7935 100,5311 236,1324 -44,3042 -1,2308 38,5010 0,9845 23,0000 
38,200 11519,1328 214,5398 100,7126 236,1869 -44,3886 -1,2321 38,4644 0,9855 23,0000 
38,250 11527,5646 206,2717 100,8940 236,2415 -44,4729 -1,2334 38,4280 0,9865 23,0000 
38,300 11535,9861 197,9894 101,0755 236,2961 -44,5571 -1,2348 38,3920 0,9875 23,0000 
38,350 11544,3974 189,6927 101,2568 236,3508 -44,6412 -1,2361 38,3561 0,9885 23,0000 
38,400 11552,7986 181,3818 101,4382 236,4056 -44,7251 -1,2373 38,3206 0,9896 23,0000 
38,450 11561,1895 173,0567 101,6195 236,4604 -44,8089 -1,2386 38,2852 0,9906 23,0000 
38,500 11569,5701 164,7174 101,8008 236,5153 -44,8925 -1,2399 38,2502 0,9916 23,0000 
38,550 11577,9406 156,3640 101,9821 236,5702 -44,9760 -1,2412 38,2154 0,9926 23,0000 
38,600 11586,3008 147,9964 102,1633 236,6251 -45,0594 -1,2424 38,1808 0,9936 23,0000 
38,650 11594,6509 139,6147 102,3445 236,6801 -45,1426 -1,2437 38,1465 0,9947 23,0000 
38,700 11602,9907 131,2190 102,5256 236,7352 -45,2257 -1,2449 38,1125 0,9957 23,0000 
38,750 11611,3202 122,8092 102,7067 236,7902 -45,3087 -1,2461 38,0787 0,9967 23,0000 
38,800 11619,6395 114,3855 102,8878 236,8453 -45,3915 -1,2473 38,0452 0,9978 23,0000 
38,850 11627,9486 105,9477 103,0688 236,9003 -45,4742 -1,2485 38,0120 0,9988 23,0000 
38,900 11636,2475 97,4960 103,2498 236,9554 -45,5568 -1,2497 37,9790 0,9998 23,0000 
38,950 11644,5361 89,0304 103,4307 237,0105 -45,6392 -1,2509 37,9462 1,0009 23,0000 
39,000 11652,8145 80,5509 103,6115 237,0655 -45,7215 -1,2520 37,9138 1,0019 23,0000 
39,050 11661,0826 72,0576 103,7923 237,1206 -45,8037 -1,2532 37,8816 1,0030 23,0000 
39,100 11669,3404 63,5504 103,9730 237,1756 -45,8857 -1,2543 37,8496 1,0040 23,0000 
39,150 11677,5880 55,0295 104,1537 237,2305 -45,9677 -1,2554 37,8180 1,0051 23,0000 
39,200 11685,8254 46,4948 104,3343 237,2854 -46,0494 -1,2565 37,7866 1,0061 23,0000 
39,250 11694,0525 37,9464 104,5148 237,3403 -46,1311 -1,2575 37,7555 1,0072 23,0000 
39,300 11702,2693 29,3843 104,6953 237,3950 -46,2127 -1,2586 37,7247 1,0083 23,0000 
39,350 11710,4758 20,8086 104,8756 237,4495 -46,2941 -1,2595 37,6943 1,0093 23,0000 
39,400 11718,6720 12,2192 105,0559 237,5039 -46,3754 -1,2605 37,6642 1,0104 23,0000 
39,450 11726,8579 3,6163 105,2361 237,5580 -46,4566 -1,2613 37,6345 1,0115 23,0000 
39,471 11730,2891 0,0000 105,3116 237,5801 -46,4907 -1,2616 37,6224 1,0119 23,0000 
