t(c) x(м) y(м) z(м) Vk(м/с) teta(град) psy(град) omega_x(рад/с) pi(y) m(кг) 
0,000 0,0000 0,0000 0,0000 834,9600 24,2000 0,0000 0,0000 1,0119 23,0000 
0,050 37,9639 17,0496 0,0002 829,7197 24,1696 -0,0005 8,5024 1,0098 23,0000 
0,100 75,6990 33,9723 0,0007 824,5336 24,1389 -0,0012 16,6453 1,0077 23,0000 
0,150 113,2077 50,7693 0,0018 819,3995 24,1080 -0,0020 24,4492 1,0056 23,0000 
0,200 150,4921 67,4417 0,0033 814,3163 24,0768 -0,0028 31,9292 1,0036 23,0000 
0,250 187,5547 83,9906 0,0054 809,2831 24,0454 -0,0037 39,0991 1,0015 23,0000 
0,300 224,3974 100,4172 0,0081 804,2991 24,0138 -0,0046 45,9718 0,9995 23,0000 
0,350 261,0227 116,7225 0,0114 799,3635 23,9820 -0,0056 52,5596 0,9975 23,0000 
0,400 297,4325 132,9076 0,0152 794,4757 23,9500 -0,0066 58,8741 0,9955 23,0000 
0,450 333,6290 148,9737 0,0197 789,6349 23,9177 -0,0076 64,9263 0,9935 23,0000 
0,500 369,6143 164,9217 0,0248 784,8404 23,8852 -0,0086 70,7267 0,9916 23,0000 
0,550 405,3904 180,7526 0,0305 780,0917 23,8525 -0,0097 76,2855 0,9896 23,0000 
0,600 440,9593 196,4676 0,0369 775,3881 23,8196 -0,0108 81,6121 0,9877 23,0000 
0,650 476,3231 212,0676 0,0439 770,7290 23,7864 -0,0120 86,7158 0,9858 23,0000 
0,700 511,4836 227,5536 0,0516 766,1138 23,7530 -0,0131 91,6054 0,9839 23,0000 
0,750 546,4429 242,9266 0,0600 761,5419 23,7195 -0,0143 96,2891 0,9821 23,0000 
0,800 581,2027 258,1876 0,0691 757,0127 23,6856 -0,0155 100,7752 0,9802 23,0000 
0,850 615,7651 273,3375 0,0788 752,5258 23,6516 -0,0168 105,0711 0,9784 23,0000 
0,900 650,1319 288,3773 0,0892 748,0804 23,6174 -0,0180 109,1844 0,9766 23,0000 
0,950 684,3048 303,3079 0,1003 743,6762 23,5829 -0,0193 113,1220 0,9747 23,0000 
1,000 718,2858 318,1303 0,1121 739,3126 23,5482 -0,0206 116,8908 0,9730 23,0000 
1,050 752,0766 332,8453 0,1246 734,9891 23,5133 -0,0219 120,4971 0,9712 23,0000 
1,100 785,6790 347,4538 0,1378 730,7051 23,4781 -0,0232 123,9473 0,9694 23,0000 
1,150 819,0947 361,9568 0,1517 726,4602 23,4428 -0,0245 127,2472 0,9677 23,0000 
1,200 852,3255 376,3551 0,1664 722,2540 23,4072 -0,0259 130,4025 0,9660 23,0000 
1,250 885,3730 390,6495 0,1817 718,0859 23,3714 -0,0273 133,4188 0,9643 23,0000 
1,300 918,2389 404,8410 0,1977 713,9554 23,3353 -0,0286 136,3013 0,9626 23,0000 
1,350 950,9249 418,9304 0,2145 709,8622 23,2991 -0,0301 139,0550 0,9609 23,0000 
1,400 983,4326 432,9185 0,2319 705,8057 23,2626 -0,0315 141,6848 0,9592 23,0000 
1,450 1015,7637 446,8062 0,2501 701,7855 23,2259 -0,0329 144,1954 0,9576 23,0000 
1,500 1047,9197 460,5942 0,2690 697,8012 23,1889 -0,0344 146,5911 0,9559 23,0000 
1,550 1079,9023 474,2833 0,2885 693,8524 23,1517 -0,0358 148,8763 0,9543 23,0000 
1,600 1111,7129 487,8745 0,3088 689,9387 23,1144 -0,0373 151,0552 0,9527 23,0000 
1,650 1143,3532 501,3684 0,3299 686,0595 23,0767 -0,0388 153,1315 0,9511 23,0000 
1,700 1174,8246 514,7658 0,3516 682,2146 23,0389 -0,0403 155,1093 0,9495 23,0000 
1,750 1206,1287 528,0675 0,3740 678,4036 23,0008 -0,0418 156,9920 0,9479 23,0000 
1,800 1237,2669 541,2742 0,3972 674,6259 22,9625 -0,0434 158,7833 0,9464 23,0000 
1,850 1268,2408 554,3868 0,4211 670,8813 22,9239 -0,0449 160,4864 0,9448 23,0000 
1,900 1299,0517 567,4059 0,4457 667,1694 22,8852 -0,0465 162,1048 0,9433 23,0000 
1,950 1329,7011 580,3323 0,4709 663,4898 22,8462 -0,0481 163,6413 0,9418 23,0000 
2,000 1360,1905 593,1667 0,4969 659,8421 22,8069 -0,0497 165,0992 0,9403 23,0000 
2,050 1390,5212 605,9098 0,5237 656,2259 22,7675 -0,0513 166,4812 0,9388 23,0000 
2,100 1420,6947 618,5623 0,5511 652,6410 22,7278 -0,0529 167,7901 0,9373 23,0000 
2,150 1450,7122 631,1250 0,5792 649,0869 22,6878 -0,0545 169,0287 0,9358 23,0000 
2,200 1480,5752 643,5985 0,6080 645,5634 22,6476 -0,0561 170,1995 0,9344 23,0000 
2,250 1510,2850 655,9834 0,6375 642,0700 22,6072 -0,0578 171,3049 0,9329 23,0000 
2,300 1539,8430 668,2806 0,6678 638,6064 22,5666 -0,0594 172,3473 0,9315 23,0000 
2,350 1569,2504 680,4906 0,6987 635,1723 22,5257 -0,0611 173,3291 0,9301 23,0000 
2,400 1598,5085 692,6142 0,7303 631,7674 22,4846 -0,0628 174,2525 0,9287 23,0000 
2,450 1627,6186 704,6519 0,7627 628,3914 22,4432 -0,0645 175,1195 0,9273 23,0000 
2,500 1656,5820 716,6044 0,7957 625,0438 22,4017 -0,0662 175,9323 0,9259 23,0000 
2,550 1685,4000 728,4723 0,8294 621,7245 22,3598 -0,0679 176,6927 0,9245 23,0000 
2,600 1714,0737 740,2563 0,8638 618,4331 22,3178 -0,0696 177,4028 0,9232 23,0000 
2,650 1742,6044 751,9571 0,8989 615,1693 22,2755 -0,0713 178,0643 0,9218 23,0000 
2,700 1770,9934 763,5751 0,9346 611,9328 22,2329 -0,0731 178,6791 0,9205 23,0000 
2,750 1799,2418 775,1111 0,9711 608,7234 22,1901 -0,0748 179,2487 0,9192 23,0000 
2,800 1827,3507 786,5657 1,0083 605,5406 22,1471 -0,0766 179,7749 0,9178 23,0000 
2,850 1855,3215 797,9393 1,0461 602,3843 22,1038 -0,0784 180,2592 0,9165 23,0000 
2,900 1883,1552 809,2327 1,0846 599,2541 22,0603 -0,0801 180,7031 0,9152 23,0000 
2,950 1910,8530 820,4465 1,1238 596,1497 22,0165 -0,0819 181,1082 0,9140 23,0000 
3,000 1938,4160 831,5811 1,1636 593,0710 21,9725 -0,0837 181,4758 0,9127 23,0000 
3,050 1965,8454 842,6371 1,2041 590,0176 21,9283 -0,0855 181,8073 0,9114 23,0000 
3,100 1993,1422 853,6152 1,2453 586,9892 21,8838 -0,0874 182,1040 0,9102 23,0000 
3,150 2020,3075 864,5159 1,2872 583,9856 21,8391 -0,0892 182,3673 0,9089 23,0000 
3,200 2047,3425 875,3397 1,3297 581,0065 21,7941 -0,0910 182,5982 0,9077 23,0000 
3,250 2074,2483 886,0872 1,3729 578,0517 21,7488 -0,0929 182,7980 0,9065 23,0000 
3,300 2101,0258 896,7589 1,4167 575,1209 21,7034 -0,0947 182,9679 0,9053 23,0000 
3,350 2127,6761 907,3554 1,4612 572,2138 21,6576 -0,0966 183,1089 0,9041 23,0000 
3,400 2154,2004 917,8772 1,5063 569,3302 21,6117 -0,0985 183,2220 0,9029 23,0000 
3,450 2180,5995 928,3248 1,5521 566,4699 21,5654 -0,1003 183,3085 0,9017 23,0000 
3,500 2206,8745 938,6988 1,5986 563,6326 21,5190 -0,1022 183,3691 0,9005 23,0000 
3,550 2233,0265 948,9996 1,6457 560,8181 21,4722 -0,1041 183,4048 0,8993 23,0000 
3,600 2259,0565 959,2277 1,6934 558,0261 21,4253 -0,1060 183,4167 0,8982 23,0000 
3,650 2284,9653 969,3837 1,7418 555,2565 21,3780 -0,1079 183,4055 0,8970 23,0000 
3,700 2310,7541 979,4681 1,7908 552,5089 21,3306 -0,1099 183,3722 0,8959 23,0000 
3,750 2336,4237 989,4813 1,8405 549,7831 21,2828 -0,1118 183,3175 0,8948 23,0000 
3,800 2361,9751 999,4239 1,8907 547,0790 21,2349 -0,1137 183,2423 0,8937 23,0000 
3,850 2387,4093 1009,2962 1,9417 544,3963 21,1866 -0,1157 183,1473 0,8925 23,0000 
3,900 2412,7272 1019,0989 1,9932 541,7347 21,1381 -0,1176 183,0332 0,8914 23,0000 
3,950 2437,9298 1028,8323 2,0454 539,0942 21,0894 -0,1196 182,9009 0,8904 23,0000 
4,000 2463,0179 1038,4969 2,0982 536,4744 21,0404 -0,1215 182,7509 0,8893 23,0000 
4,050 2487,9925 1048,0932 2,1516 533,8751 20,9911 -0,1235 182,5841 0,8882 23,0000 
4,100 2512,8544 1057,6217 2,2056 531,2962 20,9416 -0,1255 182,4009 0,8871 23,0000 
4,150 2537,6046 1067,0827 2,2602 528,7374 20,8918 -0,1275 182,2020 0,8861 23,0000 
4,200 2562,2439 1076,4768 2,3155 526,1985 20,8418 -0,1295 181,9881 0,8850 23,0000 
4,250 2586,7732 1085,8044 2,3713 523,6794 20,7915 -0,1315 181,7597 0,8840 23,0000 
4,300 2611,1933 1095,0659 2,4278 521,1798 20,7409 -0,1335 181,5174 0,8830 23,0000 
4,350 2635,5052 1104,2618 2,4849 518,6995 20,6901 -0,1355 181,2617 0,8819 23,0000 
4,400 2659,7097 1113,3924 2,5425 516,2384 20,6390 -0,1375 180,9932 0,8809 23,0000 
4,450 2683,8075 1122,4583 2,6008 513,7962 20,5877 -0,1396 180,7123 0,8799 23,0000 
4,500 2707,7996 1131,4597 2,6597 511,3728 20,5361 -0,1416 180,4196 0,8789 23,0000 
4,550 2731,6867 1140,3972 2,7191 508,9679 20,4843 -0,1436 180,1155 0,8779 23,0000 
4,600 2755,4697 1149,2712 2,7792 506,5814 20,4321 -0,1457 179,8006 0,8769 23,0000 
4,650 2779,1493 1158,0820 2,8398 504,2132 20,3798 -0,1477 179,4751 0,8760 23,0000 
4,700 2802,7264 1166,8301 2,9010 501,8630 20,3271 -0,1498 179,1397 0,8750 23,0000 
4,750 2826,2017 1175,5158 2,9628 499,5306 20,2742 -0,1519 178,7946 0,8740 23,0000 
4,800 2849,5761 1184,1396 3,0252 497,2159 20,2210 -0,1539 178,4402 0,8731 23,0000 
4,850 2872,8502 1192,7019 3,0881 494,9188 20,1676 -0,1560 178,0771 0,8721 23,0000 
4,900 2896,0249 1201,2029 3,1517 492,6389 20,1139 -0,1581 177,7055 0,8712 23,0000 
4,950 2919,1009 1209,6432 3,2158 490,3762 20,0599 -0,1602 177,3258 0,8703 23,0000 
5,000 2942,0790 1218,0231 3,2804 488,1305 20,0056 -0,1623 176,9383 0,8694 23,0000 
5,050 2964,9598 1226,3429 3,3457 485,9017 19,9511 -0,1644 176,5435 0,8684 23,0000 
5,100 2987,7442 1234,6031 3,4115 483,6895 19,8963 -0,1665 176,1415 0,8675 23,0000 
5,150 3010,4329 1242,8039 3,4778 481,4938 19,8413 -0,1686 175,7328 0,8666 23,0000 
5,200 3033,0265 1250,9458 3,5447 479,3145 19,7860 -0,1708 175,3176 0,8657 23,0000 
5,250 3055,5258 1259,0292 3,6122 477,1514 19,7304 -0,1729 174,8962 0,8649 23,0000 
5,300 3077,9315 1267,0543 3,6802 475,0043 19,6745 -0,1750 174,4690 0,8640 23,0000 
5,350 3100,2443 1275,0216 3,7488 472,8731 19,6184 -0,1772 174,0361 0,8631 23,0000 
5,400 3122,4649 1282,9314 3,8179 470,7576 19,5620 -0,1793 173,5979 0,8623 23,0000 
5,450 3144,5939 1290,7839 3,8876 468,6577 19,5053 -0,1815 173,1547 0,8614 23,0000 
5,500 3166,6321 1298,5797 3,9578 466,5732 19,4484 -0,1836 172,7065 0,8605 23,0000 
5,550 3188,5801 1306,3189 4,0286 464,5040 19,3911 -0,1858 172,2538 0,8597 23,0000 
5,600 3210,4386 1314,0020 4,0999 462,4500 19,3336 -0,1880 171,7967 0,8589 23,0000 
5,650 3232,2082 1321,6293 4,1717 460,4109 19,2759 -0,1901 171,3355 0,8580 23,0000 
5,700 3253,8895 1329,2011 4,2441 458,3868 19,2178 -0,1923 170,8703 0,8572 23,0000 
5,750 3275,4834 1336,7177 4,3170 456,3773 19,1595 -0,1945 170,4015 0,8564 23,0000 
5,800 3296,9903 1344,1794 4,3904 454,3824 19,1009 -0,1967 169,9291 0,8556 23,0000 
5,850 3318,4109 1351,5866 4,4643 452,4019 19,0420 -0,1989 169,4534 0,8548 23,0000 
5,900 3339,7458 1358,9397 4,5388 450,4358 18,9828 -0,2011 168,9746 0,8540 23,0000 
5,950 3360,9956 1366,2388 4,6138 448,4838 18,9234 -0,2033 168,4928 0,8532 23,0000 
6,000 3382,1611 1373,4843 4,6893 446,5459 18,8637 -0,2055 168,0083 0,8524 23,0000 
6,050 3403,2427 1380,6765 4,7653 444,6219 18,8037 -0,2077 167,5212 0,8516 23,0000 
6,100 3424,2411 1387,8157 4,8418 442,7117 18,7434 -0,2099 167,0316 0,8509 23,0000 
6,150 3445,1568 1394,9023 4,9189 440,8151 18,6829 -0,2122 166,5398 0,8501 23,0000 
6,200 3465,9905 1401,9365 4,9964 438,9320 18,6220 -0,2144 166,0459 0,8493 23,0000 
6,250 3486,7428 1408,9185 5,0745 437,0624 18,5609 -0,2166 165,5500 0,8486 23,0000 
6,300 3507,4141 1415,8488 5,1530 435,2060 18,4995 -0,2189 165,0523 0,8478 23,0000 
6,350 3528,0052 1422,7276 5,2321 433,3628 18,4378 -0,2211 164,5528 0,8471 23,0000 
6,400 3548,5165 1429,5551 5,3116 431,5327 18,3759 -0,2234 164,0519 0,8464 23,0000 
6,450 3568,9487 1436,3317 5,3917 429,7154 18,3136 -0,2256 163,5495 0,8456 23,0000 
6,500 3589,3023 1443,0577 5,4722 427,9110 18,2511 -0,2279 163,0458 0,8449 23,0000 
6,550 3609,5778 1449,7332 5,5533 426,1192 18,1883 -0,2301 162,5410 0,8442 23,0000 
6,600 3629,7758 1456,3587 5,6348 424,3401 18,1252 -0,2324 162,0351 0,8435 23,0000 
6,650 3649,8968 1462,9343 5,7168 422,5734 18,0618 -0,2347 161,5283 0,8428 23,0000 
6,700 3669,9414 1469,4603 5,7993 420,8190 17,9981 -0,2369 161,0206 0,8421 23,0000 
6,750 3689,9101 1475,9371 5,8823 419,0769 17,9342 -0,2392 160,5122 0,8414 23,0000 
6,800 3709,8034 1482,3648 5,9657 417,3468 17,8699 -0,2415 160,0031 0,8407 23,0000 
6,850 3729,6219 1488,7437 6,0497 415,6289 17,8054 -0,2438 159,4936 0,8400 23,0000 
6,900 3749,3661 1495,0742 6,1341 413,9228 17,7405 -0,2461 158,9836 0,8393 23,0000 
6,950 3769,0364 1501,3564 6,2190 412,2285 17,6754 -0,2484 158,4733 0,8387 23,0000 
7,000 3788,6334 1507,5905 6,3043 410,5459 17,6100 -0,2507 157,9627 0,8380 23,0000 
7,050 3808,1576 1513,7770 6,3901 408,8750 17,5443 -0,2530 157,4519 0,8374 23,0000 
7,100 3827,6095 1519,9159 6,4764 407,2155 17,4784 -0,2553 156,9411 0,8367 23,0000 
7,150 3846,9896 1526,0076 6,5632 405,5674 17,4121 -0,2576 156,4302 0,8360 23,0000 
7,200 3866,2983 1532,0523 6,6504 403,9306 17,3455 -0,2599 155,9195 0,8354 23,0000 
7,250 3885,5362 1538,0502 6,7380 402,3050 17,2787 -0,2623 155,4088 0,8348 23,0000 
7,300 3904,7038 1544,0016 6,8262 400,6905 17,2115 -0,2646 154,8984 0,8341 23,0000 
7,350 3923,8014 1549,9067 6,9148 399,0870 17,1441 -0,2669 154,3883 0,8335 23,0000 
7,400 3942,8296 1555,7657 7,0038 397,4965 17,0763 -0,2693 153,8785 0,8329 23,0000 
7,450 3961,7893 1561,5791 7,0933 395,9281 17,0083 -0,2716 153,3692 0,8323 23,0000 
7,500 3980,6812 1567,3471 7,1832 394,3711 16,9400 -0,2739 152,8603 0,8317 23,0000 
7,550 3999,5058 1573,0700 7,2736 392,8254 16,8714 -0,2762 152,3521 0,8311 23,0000 
7,600 4018,2634 1578,7479 7,3644 391,2914 16,8025 -0,2786 151,8444 0,8305 23,0000 
7,650 4036,9548 1584,3812 7,4556 389,7692 16,7333 -0,2809 151,3375 0,8299 23,0000 
7,700 4055,5803 1589,9701 7,5473 388,2589 16,6638 -0,2832 150,8313 0,8293 23,0000 
7,750 4074,1406 1595,5149 7,6395 386,7608 16,5940 -0,2855 150,3259 0,8287 23,0000 
7,800 4092,6361 1601,0157 7,7320 385,2750 16,5240 -0,2879 149,8213 0,8281 23,0000 
7,850 4111,0674 1606,4728 7,8250 383,8017 16,4536 -0,2902 149,3176 0,8275 23,0000 
7,900 4129,4350 1611,8865 7,9184 382,3411 16,3829 -0,2925 148,8149 0,8269 23,0000 
7,950 4147,7396 1617,2570 8,0122 380,8934 16,3120 -0,2949 148,3132 0,8264 23,0000 
8,000 4165,9816 1622,5846 8,1065 379,4588 16,2408 -0,2972 147,8125 0,8258 23,0000 
8,050 4184,1616 1627,8696 8,2012 378,0375 16,1692 -0,2995 147,3129 0,8253 23,0000 
8,100 4202,2804 1633,1121 8,2962 376,6297 16,0974 -0,3018 146,8145 0,8247 23,0000 
8,150 4220,3383 1638,3125 8,3917 375,2355 16,0253 -0,3042 146,3172 0,8242 23,0000 
8,200 4238,3362 1643,4711 8,4876 373,8552 15,9529 -0,3065 145,8212 0,8236 23,0000 
8,250 4256,2745 1648,5879 8,5840 372,4890 15,8802 -0,3088 145,3264 0,8231 23,0000 
8,300 4274,1539 1653,6635 8,6807 371,1369 15,8073 -0,3111 144,8329 0,8226 23,0000 
8,350 4291,9751 1658,6979 8,7778 369,7993 15,7340 -0,3134 144,3407 0,8220 23,0000 
8,400 4309,7386 1663,6915 8,8753 368,4761 15,6605 -0,3157 143,8499 0,8215 23,0000 
8,450 4327,4453 1668,6445 8,9732 367,1677 15,5866 -0,3180 143,3605 0,8210 23,0000 
8,500 4345,0956 1673,5572 9,0715 365,8742 15,5125 -0,3202 142,8726 0,8205 23,0000 
8,550 4362,6903 1678,4298 9,1702 364,5956 15,4381 -0,3225 142,3861 0,8200 23,0000 
8,600 4380,2300 1683,2627 9,2693 363,3322 15,3635 -0,3248 141,9012 0,8194 23,0000 
8,650 4397,7155 1688,0561 9,3688 362,0840 15,2885 -0,3270 141,4178 0,8189 23,0000 
8,700 4415,1474 1692,8102 9,4686 360,8512 15,2133 -0,3293 140,9359 0,8184 23,0000 
8,750 4432,5265 1697,5254 9,5688 359,6338 15,1378 -0,3315 140,4557 0,8180 23,0000 
8,800 4449,8533 1702,2019 9,6694 358,4320 15,0620 -0,3338 139,9771 0,8175 23,0000 
8,850 4467,1287 1706,8399 9,7704 357,2458 14,9859 -0,3360 139,5001 0,8170 23,0000 
8,900 4484,3533 1711,4397 9,8717 356,0754 14,9096 -0,3382 139,0249 0,8165 23,0000 
8,950 4501,5278 1716,0016 9,9734 354,9207 14,8330 -0,3404 138,5513 0,8160 23,0000 
9,000 4518,6530 1720,5258 10,0755 353,7818 14,7562 -0,3426 138,0795 0,8156 23,0000 
9,050 4535,7296 1725,0127 10,1779 352,6587 14,6790 -0,3447 137,6094 0,8151 23,0000 
9,100 4552,7582 1729,4624 10,2807 351,5516 14,6016 -0,3469 137,1411 0,8146 23,0000 
9,150 4569,7397 1733,8753 10,3838 350,4604 14,5240 -0,3490 136,6746 0,8142 23,0000 
9,200 4586,6747 1738,2515 10,4873 349,3850 14,4460 -0,3511 136,2099 0,8137 23,0000 
9,250 4603,5639 1742,5914 10,5911 348,3256 14,3679 -0,3533 135,7470 0,8133 23,0000 
9,300 4620,4081 1746,8952 10,6953 347,2821 14,2894 -0,3554 135,2860 0,8128 23,0000 
9,350 4637,2080 1751,1631 10,7998 346,2545 14,2107 -0,3574 134,8268 0,8124 23,0000 
9,400 4653,9644 1755,3954 10,9046 345,2427 14,1318 -0,3595 134,3696 0,8119 23,0000 
9,450 4670,6778 1759,5924 11,0098 344,2467 14,0526 -0,3616 133,9142 0,8115 23,0000 
9,500 4687,3492 1763,7543 11,1153 343,2665 13,9731 -0,3636 133,4608 0,8111 23,0000 
9,550 4703,9791 1767,8812 11,2211 342,3020 13,8935 -0,3656 133,0093 0,8106 23,0000 
9,600 4720,5683 1771,9736 11,3273 341,3531 13,8135 -0,3676 132,5597 0,8102 23,0000 
9,650 4737,1175 1776,0316 11,4337 340,4197 13,7334 -0,3696 132,1120 0,8098 23,0000 
9,700 4753,6274 1780,0554 11,5405 339,5019 13,6529 -0,3716 131,6664 0,8094 23,0000 
9,750 4770,0987 1784,0452 11,6476 338,5995 13,5723 -0,3735 131,2227 0,8089 23,0000 
9,800 4786,5321 1788,0014 11,7550 337,7123 13,4914 -0,3754 130,7809 0,8085 23,0000 
9,850 4802,9283 1791,9241 11,8627 336,8403 13,4103 -0,3773 130,3412 0,8081 23,0000 
9,900 4819,2880 1795,8136 11,9707 335,9834 13,3290 -0,3792 129,9035 0,8077 23,0000 
9,950 4835,6119 1799,6700 12,0790 335,1415 13,2474 -0,3811 129,4677 0,8073 23,0000 
10,000 4851,9006 1803,4936 12,1877 334,3144 13,1656 -0,3830 129,0340 0,8069 23,0000 
10,050 4868,1549 1807,2846 12,2966 333,5021 13,0836 -0,3848 128,6023 0,8065 23,0000 
10,100 4884,3753 1811,0433 12,4058 332,7043 13,0014 -0,3866 128,1726 0,8062 23,0000 
10,150 4900,5627 1814,7697 12,5152 331,9209 12,9189 -0,3884 127,7449 0,8058 23,0000 
10,200 4916,7175 1818,4642 12,6250 331,1516 12,8363 -0,3902 127,3193 0,8054 23,0000 
10,250 4932,8404 1822,1268 12,7351 330,3923 12,7534 -0,3920 126,8957 0,8050 23,0000 
10,300 4948,9318 1825,7578 12,8454 329,6414 12,6703 -0,3937 126,4741 0,8046 23,0000 
10,350 4964,9920 1829,3572 12,9560 328,8987 12,5870 -0,3955 126,0546 0,8043 23,0000 
10,400 4981,0213 1832,9252 13,0669 328,1642 12,5035 -0,3972 125,6370 0,8039 23,0000 
10,450 4997,0202 1836,4620 13,1780 327,4376 12,4198 -0,3990 125,2215 0,8035 23,0000 
10,500 5012,9890 1839,9676 13,2895 326,7187 12,3359 -0,4007 124,8079 0,8032 23,0000 
10,550 5028,9279 1843,4421 13,4012 326,0073 12,2517 -0,4024 124,3964 0,8028 23,0000 
10,600 5044,8373 1846,8857 13,5132 325,3033 12,1674 -0,4041 123,9869 0,8025 23,0000 
10,650 5060,7175 1850,2985 13,6254 324,6066 12,0828 -0,4058 123,5793 0,8021 23,0000 
10,700 5076,5689 1853,6806 13,7379 323,9169 11,9981 -0,4075 123,1737 0,8018 23,0000 
10,750 5092,3917 1857,0321 13,8507 323,2341 11,9131 -0,4092 122,7701 0,8014 23,0000 
10,800 5108,1862 1860,3531 13,9637 322,5581 11,8280 -0,4109 122,3684 0,8011 23,0000 
10,850 5123,9527 1863,6438 14,0770 321,8887 11,7426 -0,4126 121,9687 0,8007 23,0000 
10,900 5139,6915 1866,9041 14,1906 321,2259 11,6571 -0,4143 121,5710 0,8004 23,0000 
10,950 5155,4028 1870,1343 14,3044 320,5694 11,5713 -0,4159 121,1751 0,8001 23,0000 
11,000 5171,0869 1873,3344 14,4185 319,9191 11,4854 -0,4176 120,7812 0,7997 23,0000 
11,050 5186,7441 1876,5045 14,5329 319,2750 11,3992 -0,4193 120,3892 0,7994 23,0000 
11,100 5202,3746 1879,6447 14,6475 318,6369 11,3129 -0,4209 119,9992 0,7991 23,0000 
11,150 5217,9787 1882,7551 14,7623 318,0047 11,2264 -0,4225 119,6110 0,7988 23,0000 
11,200 5233,5567 1885,8358 14,8774 317,3782 11,1396 -0,4242 119,2247 0,7985 23,0000 
11,250 5249,1086 1888,8869 14,9928 316,7574 11,0527 -0,4258 118,8403 0,7981 23,0000 
11,300 5264,6349 1891,9084 15,1084 316,1422 10,9656 -0,4275 118,4578 0,7978 23,0000 
11,350 5280,1356 1894,9006 15,2243 315,5325 10,8783 -0,4291 118,0772 0,7975 23,0000 
11,400 5295,6111 1897,8633 15,3404 314,9281 10,7908 -0,4307 117,6984 0,7972 23,0000 
11,450 5311,0615 1900,7968 15,4567 314,3289 10,7031 -0,4323 117,3214 0,7969 23,0000 
11,500 5326,4871 1903,7010 15,5734 313,7350 10,6152 -0,4339 116,9463 0,7966 23,0000 
11,550 5341,8881 1906,5761 15,6902 313,1461 10,5271 -0,4355 116,5730 0,7963 23,0000 
11,600 5357,2646 1909,4222 15,8073 312,5623 10,4389 -0,4371 116,2016 0,7960 23,0000 
11,650 5372,6170 1912,2394 15,9247 311,9833 10,3504 -0,4387 115,8319 0,7958 23,0000 
11,700 5387,9452 1915,0276 16,0422 311,4092 10,2618 -0,4403 115,4640 0,7955 23,0000 
11,750 5403,2497 1917,7870 16,1601 310,8398 10,1730 -0,4419 115,0980 0,7952 23,0000 
11,800 5418,5305 1920,5177 16,2782 310,2751 10,0840 -0,4435 114,7337 0,7949 23,0000 
11,850 5433,7878 1923,2197 16,3965 309,7150 9,9948 -0,4451 114,3712 0,7946 23,0000 
11,900 5449,0219 1925,8931 16,5150 309,1594 9,9054 -0,4467 114,0104 0,7944 23,0000 
11,950 5464,2329 1928,5379 16,6338 308,6083 9,8159 -0,4482 113,6514 0,7941 23,0000 
12,000 5479,4209 1931,1543 16,7528 308,0616 9,7261 -0,4498 113,2941 0,7938 23,0000 
12,050 5494,5861 1933,7423 16,8721 307,5191 9,6362 -0,4514 112,9386 0,7936 23,0000 
12,100 5509,7288 1936,3020 16,9916 306,9809 9,5461 -0,4529 112,5848 0,7933 23,0000 
12,150 5524,8491 1938,8333 17,1113 306,4469 9,4558 -0,4545 112,2327 0,7930 23,0000 
12,200 5539,9470 1941,3365 17,2313 305,9170 9,3654 -0,4560 111,8823 0,7928 23,0000 
12,250 5555,0229 1943,8116 17,3515 305,3912 9,2748 -0,4576 111,5336 0,7925 23,0000 
12,300 5570,0768 1946,2585 17,4719 304,8694 9,1840 -0,4591 111,1866 0,7923 23,0000 
12,350 5585,1089 1948,6774 17,5926 304,3515 9,0930 -0,4607 110,8412 0,7920 23,0000 
12,400 5600,1194 1951,0684 17,7135 303,8375 9,0018 -0,4622 110,4976 0,7918 23,0000 
12,450 5615,1083 1953,4315 17,8346 303,3273 8,9105 -0,4638 110,1555 0,7916 23,0000 
12,500 5630,0759 1955,7667 17,9559 302,8210 8,8190 -0,4653 109,8152 0,7913 23,0000 
12,550 5645,0223 1958,0742 18,0775 302,3183 8,7273 -0,4668 109,4764 0,7911 23,0000 
12,600 5659,9476 1960,3539 18,1993 301,8193 8,6355 -0,4683 109,1393 0,7908 23,0000 
12,650 5674,8519 1962,6059 18,3214 301,3239 8,5435 -0,4699 108,8038 0,7906 23,0000 
12,700 5689,7355 1964,8304 18,4436 300,8321 8,4513 -0,4714 108,4699 0,7904 23,0000 
12,750 5704,5983 1967,0272 18,5661 300,3439 8,3589 -0,4729 108,1376 0,7902 23,0000 
12,800 5719,4407 1969,1966 18,6888 299,8591 8,2664 -0,4744 107,8069 0,7900 23,0000 
12,850 5734,2626 1971,3385 18,8117 299,3777 8,1737 -0,4760 107,4778 0,7897 23,0000 
12,900 5749,0642 1973,4530 18,9349 298,8998 8,0808 -0,4775 107,1502 0,7895 23,0000 
12,950 5763,8456 1975,5401 19,0583 298,4252 7,9878 -0,4790 106,8242 0,7893 23,0000 
13,000 5778,6070 1977,5999 19,1819 297,9539 7,8946 -0,4805 106,4997 0,7891 23,0000 
13,050 5793,3485 1979,6325 19,3057 297,4859 7,8012 -0,4820 106,1768 0,7889 23,0000 
13,100 5808,0701 1981,6379 19,4297 297,0211 7,7077 -0,4835 105,8554 0,7887 23,0000 
13,150 5822,7720 1983,6161 19,5540 296,5595 7,6140 -0,4850 105,5356 0,7885 23,0000 
13,200 5837,4544 1985,5673 19,6785 296,1010 7,5201 -0,4865 105,2172 0,7883 23,0000 
13,250 5852,1173 1987,4913 19,8032 295,6457 7,4261 -0,4880 104,9004 0,7881 23,0000 
13,300 5866,7608 1989,3884 19,9281 295,1934 7,3319 -0,4895 104,5850 0,7879 23,0000 
13,350 5881,3851 1991,2585 20,0532 294,7442 7,2375 -0,4910 104,2712 0,7877 23,0000 
13,400 5895,9902 1993,1017 20,1785 294,2979 7,1430 -0,4925 103,9588 0,7875 23,0000 
13,450 5910,5763 1994,9180 20,3041 293,8547 7,0483 -0,4939 103,6479 0,7873 23,0000 
13,500 5925,1435 1996,7075 20,4299 293,4144 6,9535 -0,4954 103,3384 0,7872 23,0000 
13,550 5939,6918 1998,4702 20,5559 292,9770 6,8585 -0,4969 103,0304 0,7870 23,0000 
13,600 5954,2213 2000,2062 20,6821 292,5425 6,7633 -0,4984 102,7239 0,7868 23,0000 
13,650 5968,7323 2001,9155 20,8085 292,1108 6,6680 -0,4999 102,4187 0,7866 23,0000 
13,700 5983,2246 2003,5981 20,9351 291,6819 6,5726 -0,5014 102,1150 0,7865 23,0000 
13,750 5997,6986 2005,2541 21,0620 291,2558 6,4769 -0,5028 101,8127 0,7863 23,0000 
13,800 6012,1541 2006,8836 21,1890 290,8325 6,3812 -0,5043 101,5119 0,7861 23,0000 
13,850 6026,5914 2008,4865 21,3163 290,4119 6,2852 -0,5058 101,2124 0,7860 23,0000 
13,900 6041,0106 2010,0629 21,4438 289,9940 6,1891 -0,5073 100,9143 0,7858 23,0000 
13,950 6055,4116 2011,6129 21,5714 289,5787 6,0929 -0,5087 100,6176 0,7856 23,0000 
14,000 6069,7947 2013,1366 21,6993 289,1662 5,9965 -0,5102 100,3223 0,7855 23,0000 
14,050 6084,1598 2014,6338 21,8274 288,7562 5,8999 -0,5117 100,0283 0,7853 23,0000 
14,100 6098,5071 2016,1047 21,9557 288,3488 5,8032 -0,5131 99,7357 0,7852 23,0000 
14,150 6112,8367 2017,5494 22,0843 287,9440 5,7064 -0,5146 99,4444 0,7850 23,0000 
14,200 6127,1486 2018,9678 22,2130 287,5417 5,6094 -0,5160 99,1545 0,7849 23,0000 
14,250 6141,4430 2020,3600 22,3419 287,1420 5,5122 -0,5175 98,8659 0,7848 23,0000 
14,300 6155,7199 2021,7260 22,4711 286,7447 5,4149 -0,5190 98,5786 0,7846 23,0000 
14,350 6169,9793 2023,0659 22,6004 286,3500 5,3175 -0,5204 98,2927 0,7845 23,0000 
14,400 6184,2214 2024,3798 22,7300 285,9576 5,2199 -0,5219 98,0080 0,7844 23,0000 
14,450 6198,4463 2025,6675 22,8597 285,5677 5,1221 -0,5233 97,7247 0,7842 23,0000 
14,500 6212,6540 2026,9293 22,9897 285,1802 5,0242 -0,5248 97,4427 0,7841 23,0000 
14,550 6226,8445 2028,1651 23,1198 284,7951 4,9262 -0,5262 97,1619 0,7840 23,0000 
14,600 6241,0181 2029,3749 23,2502 284,4124 4,8280 -0,5277 96,8824 0,7839 23,0000 
14,650 6255,1747 2030,5588 23,3807 284,0320 4,7297 -0,5291 96,6042 0,7837 23,0000 
14,700 6269,3143 2031,7169 23,5115 283,6539 4,6312 -0,5306 96,3272 0,7836 23,0000 
14,750 6283,4372 2032,8491 23,6425 283,2781 4,5326 -0,5320 96,0515 0,7835 23,0000 
14,800 6297,5434 2033,9555 23,7736 282,9046 4,4338 -0,5335 95,7771 0,7834 23,0000 
14,850 6311,6328 2035,0362 23,9050 282,5334 4,3349 -0,5349 95,5039 0,7833 23,0000 
14,900 6325,7057 2036,0911 24,0366 282,1644 4,2359 -0,5364 95,2319 0,7832 23,0000 
14,950 6339,7620 2037,1203 24,1684 281,7977 4,1367 -0,5378 94,9611 0,7831 23,0000 
15,000 6353,8018 2038,1239 24,3003 281,4331 4,0374 -0,5393 94,6916 0,7830 23,0000 
15,050 6367,8253 2039,1018 24,4325 281,0708 3,9379 -0,5407 94,4233 0,7829 23,0000 
15,100 6381,8324 2040,0542 24,5649 280,7106 3,8383 -0,5421 94,1561 0,7828 23,0000 
15,150 6395,8232 2040,9810 24,6974 280,3526 3,7386 -0,5436 93,8902 0,7827 23,0000 
15,200 6409,7978 2041,8822 24,8302 279,9968 3,6387 -0,5450 93,6255 0,7826 23,0000 
15,250 6423,7562 2042,7580 24,9631 279,6430 3,5387 -0,5465 93,3619 0,7825 23,0000 
15,300 6437,6985 2043,6082 25,0963 279,2914 3,4385 -0,5479 93,0995 0,7824 23,0000 
15,350 6451,6249 2044,4331 25,2296 278,9418 3,3383 -0,5493 92,8383 0,7823 23,0000 
15,400 6465,5352 2045,2326 25,3632 278,5944 3,2379 -0,5508 92,5782 0,7823 23,0000 
15,450 6479,4296 2046,0066 25,4969 278,2490 3,1373 -0,5522 92,3193 0,7822 23,0000 
15,500 6493,3082 2046,7554 25,6309 277,9057 3,0366 -0,5536 92,0616 0,7821 23,0000 
15,550 6507,1710 2047,4788 25,7650 277,5644 2,9358 -0,5551 91,8050 0,7820 23,0000 
15,600 6521,0180 2048,1770 25,8993 277,2251 2,8349 -0,5565 91,5495 0,7820 23,0000 
15,650 6534,8494 2048,8499 26,0338 276,8878 2,7338 -0,5579 91,2951 0,7819 23,0000 
15,700 6548,6651 2049,4977 26,1685 276,5525 2,6326 -0,5594 91,0419 0,7818 23,0000 
15,750 6562,4653 2050,1202 26,3034 276,2192 2,5313 -0,5608 90,7897 0,7818 23,0000 
15,800 6576,2499 2050,7176 26,4385 275,8878 2,4298 -0,5622 90,5387 0,7817 23,0000 
15,850 6590,0191 2051,2898 26,5738 275,5585 2,3282 -0,5636 90,2888 0,7816 23,0000 
15,900 6603,7728 2051,8370 26,7093 275,2310 2,2265 -0,5651 90,0400 0,7816 23,0000 
15,950 6617,5112 2052,3591 26,8450 274,9055 2,1246 -0,5665 89,7922 0,7815 23,0000 
16,000 6631,2343 2052,8562 26,9808 274,5819 2,0227 -0,5679 89,5456 0,7815 23,0000 
16,050 6644,9421 2053,3283 27,1169 274,2602 1,9206 -0,5693 89,3000 0,7814 23,0000 
16,100 6658,6347 2053,7754 27,2531 273,9404 1,8184 -0,5708 89,0555 0,7814 23,0000 
16,150 6672,3122 2054,1975 27,3895 273,6224 1,7160 -0,5722 88,8120 0,7814 23,0000 
16,200 6685,9746 2054,5948 27,5261 273,3063 1,6136 -0,5736 88,5696 0,7813 23,0000 
16,250 6699,6218 2054,9671 27,6629 272,9921 1,5110 -0,5750 88,3282 0,7813 23,0000 
16,300 6713,2541 2055,3146 27,7999 272,6798 1,4083 -0,5765 88,0879 0,7812 23,0000 
16,350 6726,8714 2055,6373 27,9371 272,3692 1,3054 -0,5779 87,8487 0,7812 23,0000 
16,400 6740,4738 2055,9351 28,0745 272,0605 1,2025 -0,5793 87,6104 0,7812 23,0000 
16,450 6754,0613 2056,2082 28,2120 271,7536 1,0994 -0,5807 87,3732 0,7811 23,0000 
16,500 6767,6340 2056,4566 28,3498 271,4485 0,9963 -0,5821 87,1370 0,7811 23,0000 
16,550 6781,1919 2056,6802 28,4877 271,1452 0,8930 -0,5836 86,9019 0,7811 23,0000 
16,600 6794,7351 2056,8792 28,6258 270,8436 0,7895 -0,5850 86,6677 0,7811 23,0000 
16,650 6808,2636 2057,0534 28,7641 270,5439 0,6860 -0,5864 86,4345 0,7811 23,0000 
16,700 6821,7774 2057,2031 28,9026 270,2459 0,5824 -0,5878 86,2024 0,7810 23,0000 
16,750 6835,2767 2057,3281 29,0413 269,9496 0,4786 -0,5892 85,9712 0,7810 23,0000 
16,800 6848,7613 2057,4286 29,1801 269,6551 0,3747 -0,5907 85,7410 0,7810 23,0000 
16,850 6862,2315 2057,5045 29,3191 269,3623 0,2707 -0,5921 85,5118 0,7810 23,0000 
16,900 6875,6871 2057,5559 29,4584 269,0712 0,1666 -0,5935 85,2835 0,7810 23,0000 
16,950 6889,1284 2057,5827 29,5978 268,7819 0,0624 -0,5949 85,0563 0,7810 23,0000 
17,000 6902,5552 2057,5851 29,7373 268,4943 -0,0419 -0,5963 84,8300 0,7810 23,0000 
17,050 6915,9677 2057,5631 29,8771 268,2083 -0,1464 -0,5977 84,6046 0,7810 23,0000 
17,100 6929,3658 2057,5166 30,0171 267,9240 -0,2509 -0,5992 84,3802 0,7810 23,0000 
17,150 6942,7497 2057,4458 30,1572 267,6414 -0,3556 -0,6006 84,1568 0,7810 23,0000 
17,200 6956,1194 2057,3506 30,2975 267,3605 -0,4603 -0,6020 83,9342 0,7810 23,0000 
17,250 6969,4748 2057,2310 30,4380 267,0813 -0,5652 -0,6034 83,7127 0,7810 23,0000 
17,300 6982,8161 2057,0871 30,5787 266,8037 -0,6701 -0,6048 83,4920 0,7811 23,0000 
17,350 6996,1433 2056,9190 30,7195 266,5277 -0,7752 -0,6062 83,2723 0,7811 23,0000 
17,400 7009,4563 2056,7265 30,8606 266,2534 -0,8804 -0,6077 83,0535 0,7811 23,0000 
17,450 7022,7554 2056,5098 31,0018 265,9807 -0,9857 -0,6091 82,8357 0,7811 23,0000 
17,500 7036,0404 2056,2690 31,1432 265,7096 -1,0911 -0,6105 82,6187 0,7811 23,0000 
17,550 7049,3115 2056,0039 31,2847 265,4384 -1,1966 -0,6119 82,4026 0,7812 23,0000 
17,600 7062,5682 2055,7147 31,4265 265,1604 -1,3022 -0,6133 82,1875 0,7812 23,0000 
17,650 7075,8106 2055,4013 31,5684 264,8838 -1,4079 -0,6148 81,9732 0,7812 23,0000 
17,700 7089,0386 2055,0639 31,7105 264,6088 -1,5137 -0,6162 81,7598 0,7813 23,0000 
17,750 7102,2522 2054,7024 31,8528 264,3353 -1,6196 -0,6177 81,5473 0,7813 23,0000 
17,800 7115,4515 2054,3168 31,9953 264,0632 -1,7256 -0,6191 81,3356 0,7813 23,0000 
17,850 7128,6365 2053,9072 32,1379 263,7927 -1,8317 -0,6206 81,1248 0,7814 23,0000 
17,900 7141,8072 2053,4736 32,2807 263,5236 -1,9379 -0,6220 80,9149 0,7814 23,0000 
17,950 7154,9638 2053,0161 32,4237 263,2560 -2,0442 -0,6234 80,7059 0,7815 23,0000 
18,000 7168,1061 2052,5346 32,5669 262,9900 -2,1506 -0,6249 80,4977 0,7815 23,0000 
18,050 7181,2342 2052,0292 32,7102 262,7253 -2,2571 -0,6263 80,2903 0,7816 23,0000 
18,100 7194,3482 2051,4999 32,8538 262,4622 -2,3637 -0,6278 80,0838 0,7816 23,0000 
18,150 7207,4481 2050,9467 32,9975 262,2005 -2,4704 -0,6292 79,8781 0,7817 23,0000 
18,200 7220,5339 2050,3697 33,1414 261,9403 -2,5772 -0,6307 79,6733 0,7817 23,0000 
18,250 7233,6056 2049,7689 33,2854 261,6816 -2,6841 -0,6321 79,4693 0,7818 23,0000 
18,300 7246,6634 2049,1443 33,4296 261,4243 -2,7911 -0,6335 79,2661 0,7819 23,0000 
18,350 7259,7071 2048,4959 33,5740 261,1685 -2,8982 -0,6350 79,0638 0,7819 23,0000 
18,400 7272,7368 2047,8238 33,7186 260,9141 -3,0054 -0,6364 78,8622 0,7820 23,0000 
18,450 7285,7526 2047,1279 33,8634 260,6612 -3,1126 -0,6379 78,6615 0,7821 23,0000 
18,500 7298,7545 2046,4084 34,0083 260,4097 -3,2200 -0,6393 78,4616 0,7821 23,0000 
18,550 7311,7425 2045,6652 34,1534 260,1596 -3,3274 -0,6408 78,2625 0,7822 23,0000 
18,600 7324,7167 2044,8984 34,2986 259,9110 -3,4350 -0,6422 78,0641 0,7823 23,0000 
18,650 7337,6770 2044,1079 34,4441 259,6638 -3,5426 -0,6437 77,8666 0,7824 23,0000 
18,700 7350,6235 2043,2939 34,5897 259,4181 -3,6503 -0,6451 77,6699 0,7825 23,0000 
18,750 7363,5562 2042,4563 34,7355 259,1738 -3,7581 -0,6466 77,4740 0,7825 23,0000 
18,800 7376,4752 2041,5952 34,8814 258,9308 -3,8660 -0,6480 77,2788 0,7826 23,0000 
18,850 7389,3805 2040,7105 35,0276 258,6894 -3,9740 -0,6495 77,0844 0,7827 23,0000 
18,900 7402,2720 2039,8024 35,1739 258,4493 -4,0821 -0,6509 76,8908 0,7828 23,0000 
18,950 7415,1499 2038,8707 35,3203 258,2106 -4,1902 -0,6523 76,6980 0,7829 23,0000 
19,000 7428,0142 2037,9157 35,4670 257,9734 -4,2984 -0,6538 76,5059 0,7830 23,0000 
19,050 7440,8648 2036,9372 35,6138 257,7375 -4,4067 -0,6552 76,3146 0,7831 23,0000 
19,100 7453,7019 2035,9353 35,7607 257,5031 -4,5151 -0,6567 76,1241 0,7832 23,0000 
19,150 7466,5253 2034,9101 35,9079 257,2700 -4,6236 -0,6581 75,9343 0,7833 23,0000 
19,200 7479,3353 2033,8615 36,0552 257,0384 -4,7321 -0,6596 75,7453 0,7834 23,0000 
19,250 7492,1317 2032,7896 36,2027 256,8081 -4,8408 -0,6610 75,5570 0,7835 23,0000 
19,300 7504,9146 2031,6944 36,3503 256,5792 -4,9495 -0,6625 75,3694 0,7836 23,0000 
19,350 7517,6841 2030,5759 36,4981 256,3517 -5,0583 -0,6639 75,1826 0,7837 23,0000 
19,400 7530,4401 2029,4342 36,6461 256,1256 -5,1671 -0,6654 74,9966 0,7838 23,0000 
19,450 7543,1827 2028,2692 36,7943 255,9009 -5,2761 -0,6668 74,8112 0,7840 23,0000 
19,500 7555,9120 2027,0810 36,9426 255,6775 -5,3851 -0,6683 74,6266 0,7841 23,0000 
19,550 7568,6278 2025,8697 37,0911 255,4555 -5,4942 -0,6697 74,4428 0,7842 23,0000 
19,600 7581,3303 2024,6352 37,2397 255,2349 -5,6033 -0,6712 74,2596 0,7843 23,0000 
19,650 7594,0195 2023,3776 37,3885 255,0156 -5,7126 -0,6726 74,0772 0,7845 23,0000 
19,700 7606,6955 2022,0968 37,5375 254,7977 -5,8219 -0,6741 73,8954 0,7846 23,0000 
19,750 7619,3581 2020,7930 37,6866 254,5811 -5,9312 -0,6755 73,7144 0,7847 23,0000 
19,800 7632,0075 2019,4661 37,8359 254,3659 -6,0407 -0,6770 73,5341 0,7849 23,0000 
19,850 7644,6437 2018,1162 37,9854 254,1520 -6,1502 -0,6784 73,3545 0,7850 23,0000 
19,900 7657,2667 2016,7433 38,1350 253,9395 -6,2598 -0,6799 73,1756 0,7851 23,0000 
19,950 7669,8765 2015,3474 38,2848 253,7283 -6,3694 -0,6813 72,9974 0,7853 23,0000 
20,000 7682,4731 2013,9285 38,4348 253,5185 -6,4791 -0,6828 72,8199 0,7854 23,0000 
20,050 7695,0567 2012,4866 38,5849 253,3100 -6,5889 -0,6842 72,6431 0,7856 23,0000 
20,100 7707,6271 2011,0219 38,7352 253,1028 -6,6987 -0,6857 72,4669 0,7857 23,0000 
20,150 7720,1844 2009,5342 38,8857 252,8970 -6,8086 -0,6871 72,2915 0,7859 23,0000 
20,200 7732,7287 2008,0237 39,0363 252,6924 -6,9186 -0,6886 72,1167 0,7860 23,0000 
20,250 7745,2600 2006,4903 39,1870 252,4892 -7,0286 -0,6900 71,9426 0,7862 23,0000 
20,300 7757,7782 2004,9341 39,3380 252,2873 -7,1387 -0,6915 71,7692 0,7863 23,0000 
20,350 7770,2834 2003,3551 39,4890 252,0868 -7,2489 -0,6929 71,5965 0,7865 23,0000 
20,400 7782,7757 2001,7533 39,6403 251,8875 -7,3591 -0,6944 71,4244 0,7866 23,0000 
20,450 7795,2550 2000,1287 39,7917 251,6896 -7,4693 -0,6959 71,2530 0,7868 23,0000 
20,500 7807,7214 1998,4814 39,9433 251,4929 -7,5797 -0,6973 71,0822 0,7870 23,0000 
20,550 7820,1749 1996,8114 40,0950 251,2975 -7,6900 -0,6988 70,9121 0,7871 23,0000 
20,600 7832,6155 1995,1187 40,2469 251,1035 -7,8005 -0,7002 70,7427 0,7873 23,0000 
20,650 7845,0433 1993,4034 40,3989 250,9107 -7,9110 -0,7017 70,5739 0,7875 23,0000 
20,700 7857,4582 1991,6654 40,5511 250,7192 -8,0215 -0,7031 70,4057 0,7877 23,0000 
20,750 7869,8603 1989,9047 40,7035 250,5291 -8,1321 -0,7046 70,2382 0,7878 23,0000 
20,800 7882,2496 1988,1215 40,8560 250,3402 -8,2427 -0,7060 70,0714 0,7880 23,0000 
20,850 7894,6261 1986,3157 41,0087 250,1525 -8,3534 -0,7075 69,9051 0,7882 23,0000 
20,900 7906,9898 1984,4873 41,1615 249,9662 -8,4642 -0,7089 69,7396 0,7884 23,0000 
20,950 7919,3408 1982,6364 41,3145 249,7811 -8,5750 -0,7104 69,5746 0,7886 23,0000 
21,000 7931,6791 1980,7630 41,4677 249,5973 -8,6858 -0,7119 69,4103 0,7888 23,0000 
21,050 7944,0048 1978,8671 41,6210 249,4148 -8,7967 -0,7133 69,2466 0,7890 23,0000 
21,100 7956,3177 1976,9487 41,7744 249,2335 -8,9076 -0,7148 69,0836 0,7892 23,0000 
21,150 7968,6180 1975,0079 41,9280 249,0535 -9,0186 -0,7162 68,9211 0,7894 23,0000 
21,200 7980,9056 1973,0447 42,0818 248,8747 -9,1296 -0,7177 68,7593 0,7896 23,0000 
21,250 7993,1806 1971,0590 42,2357 248,6972 -9,2407 -0,7191 68,5981 0,7898 23,0000 
21,300 8005,4431 1969,0510 42,3898 248,5209 -9,3518 -0,7206 68,4375 0,7900 23,0000 
21,350 8017,6929 1967,0207 42,5440 248,3459 -9,4630 -0,7221 68,2775 0,7902 23,0000 
21,400 8029,9302 1964,9680 42,6984 248,1722 -9,5742 -0,7235 68,1181 0,7904 23,0000 
21,450 8042,1550 1962,8930 42,8529 247,9996 -9,6854 -0,7250 67,9594 0,7906 23,0000 
21,500 8054,3672 1960,7957 43,0076 247,8283 -9,7967 -0,7264 67,8012 0,7908 23,0000 
21,550 8066,5669 1958,6761 43,1625 247,6583 -9,9080 -0,7279 67,6437 0,7910 23,0000 
21,600 8078,7542 1956,5343 43,3174 247,4895 -10,0193 -0,7293 67,4867 0,7912 23,0000 
21,650 8090,9290 1954,3703 43,4726 247,3219 -10,1307 -0,7308 67,3303 0,7915 23,0000 
21,700 8103,0913 1952,1841 43,6279 247,1555 -10,2421 -0,7323 67,1745 0,7917 23,0000 
21,750 8115,2413 1949,9757 43,7833 246,9903 -10,3536 -0,7337 67,0193 0,7919 23,0000 
21,800 8127,3788 1947,7452 43,9389 246,8264 -10,4650 -0,7352 66,8647 0,7921 23,0000 
21,850 8139,5039 1945,4925 44,0947 246,6636 -10,5766 -0,7366 66,7107 0,7924 23,0000 
21,900 8151,6167 1943,2177 44,2506 246,5021 -10,6881 -0,7381 66,5573 0,7926 23,0000 
21,950 8163,7171 1940,9208 44,4066 246,3418 -10,7997 -0,7396 66,4044 0,7928 23,0000 
22,000 8175,8052 1938,6018 44,5628 246,1827 -10,9113 -0,7410 66,2521 0,7931 23,0000 
22,050 8187,8809 1936,2608 44,7191 246,0248 -11,0229 -0,7425 66,1004 0,7933 23,0000 
22,100 8199,9444 1933,8978 44,8756 245,8681 -11,1346 -0,7440 65,9493 0,7935 23,0000 
22,150 8211,9956 1931,5128 45,0323 245,7125 -11,2462 -0,7454 65,7987 0,7938 23,0000 
22,200 8224,0345 1929,1058 45,1891 245,5582 -11,3580 -0,7469 65,6487 0,7940 23,0000 
22,250 8236,0612 1926,6768 45,3460 245,4051 -11,4697 -0,7483 65,4993 0,7943 23,0000 
22,300 8248,0756 1924,2259 45,5031 245,2531 -11,5815 -0,7498 65,3504 0,7945 23,0000 
22,350 8260,0778 1921,7531 45,6603 245,1023 -11,6932 -0,7513 65,2021 0,7948 23,0000 
22,400 8272,0679 1919,2584 45,8177 244,9527 -11,8050 -0,7527 65,0544 0,7950 23,0000 
22,450 8284,0457 1916,7418 45,9752 244,8043 -11,9169 -0,7542 64,9072 0,7953 23,0000 
22,500 8296,0114 1914,2034 46,1329 244,6570 -12,0287 -0,7557 64,7605 0,7956 23,0000 
22,550 8307,9650 1911,6431 46,2907 244,5109 -12,1406 -0,7571 64,6144 0,7958 23,0000 
22,600 8319,9064 1909,0611 46,4487 244,3660 -12,2524 -0,7586 64,4689 0,7961 23,0000 
22,650 8331,8357 1906,4572 46,6068 244,2222 -12,3643 -0,7600 64,3239 0,7963 23,0000 
22,700 8343,7530 1903,8316 46,7650 244,0796 -12,4763 -0,7615 64,1794 0,7966 23,0000 
22,750 8355,6581 1901,1843 46,9234 243,9381 -12,5882 -0,7630 64,0355 0,7969 23,0000 
22,800 8367,5512 1898,5152 47,0819 243,7978 -12,7001 -0,7644 63,8921 0,7972 23,0000 
22,850 8379,4322 1895,8244 47,2406 243,6586 -12,8121 -0,7659 63,7493 0,7974 23,0000 
22,900 8391,3012 1893,1120 47,3994 243,5206 -12,9241 -0,7674 63,6070 0,7977 23,0000 
22,950 8403,1582 1890,3778 47,5584 243,3837 -13,0360 -0,7688 63,4652 0,7980 23,0000 
23,000 8415,0032 1887,6221 47,7175 243,2480 -13,1480 -0,7703 63,3240 0,7983 23,0000 
23,050 8426,8362 1884,8448 47,8768 243,1134 -13,2600 -0,7718 63,1833 0,7986 23,0000 
23,100 8438,6572 1882,0458 48,0361 242,9799 -13,3720 -0,7732 63,0431 0,7988 23,0000 
23,150 8450,4663 1879,2253 48,1957 242,8475 -13,4840 -0,7747 62,9034 0,7991 23,0000 
23,200 8462,2634 1876,3832 48,3553 242,7163 -13,5961 -0,7762 62,7643 0,7994 23,0000 
23,250 8474,0487 1873,5196 48,5152 242,5862 -13,7081 -0,7776 62,6257 0,7997 23,0000 
23,300 8485,8220 1870,6345 48,6751 242,4572 -13,8201 -0,7791 62,4876 0,8000 23,0000 
23,350 8497,5834 1867,7280 48,8352 242,3293 -13,9322 -0,7806 62,3500 0,8003 23,0000 
23,400 8509,3329 1864,7999 48,9954 242,2025 -14,0442 -0,7821 62,2129 0,8006 23,0000 
23,450 8521,0706 1861,8504 49,1558 242,0769 -14,1562 -0,7835 62,0764 0,8009 23,0000 
23,500 8532,7964 1858,8795 49,3163 241,9523 -14,2683 -0,7850 61,9403 0,8012 23,0000 
23,550 8544,5104 1855,8872 49,4770 241,8288 -14,3803 -0,7865 61,8048 0,8015 23,0000 
23,600 8556,2126 1852,8736 49,6378 241,7065 -14,4924 -0,7879 61,6697 0,8018 23,0000 
23,650 8567,9030 1849,8385 49,7987 241,5852 -14,6044 -0,7894 61,5352 0,8022 23,0000 
23,700 8579,5816 1846,7821 49,9598 241,4650 -14,7164 -0,7909 61,4012 0,8025 23,0000 
23,750 8591,2484 1843,7045 50,1210 241,3459 -14,8285 -0,7923 61,2676 0,8028 23,0000 
23,800 8602,9034 1840,6055 50,2823 241,2279 -14,9405 -0,7938 61,1346 0,8031 23,0000 
23,850 8614,5467 1837,4852 50,4438 241,1110 -15,0525 -0,7953 61,0021 0,8034 23,0000 
23,900 8626,1783 1834,3437 50,6054 240,9951 -15,1645 -0,7968 60,8700 0,8038 23,0000 
23,950 8637,7981 1831,1810 50,7671 240,8804 -15,2765 -0,7982 60,7385 0,8041 23,0000 
24,000 8649,4063 1827,9971 50,9290 240,7666 -15,3885 -0,7997 60,6074 0,8044 23,0000 
24,050 8661,0027 1824,7920 51,0910 240,6540 -15,5005 -0,8012 60,4769 0,8047 23,0000 
24,100 8672,5874 1821,5657 51,2532 240,5424 -15,6125 -0,8027 60,3468 0,8051 23,0000 
24,150 8684,1605 1818,3183 51,4155 240,4319 -15,7245 -0,8041 60,2172 0,8054 23,0000 
24,200 8695,7220 1815,0497 51,5779 240,3224 -15,8364 -0,8056 60,0881 0,8057 23,0000 
24,250 8707,2718 1811,7601 51,7405 240,2140 -15,9484 -0,8071 59,9595 0,8061 23,0000 
24,300 8718,8099 1808,4493 51,9031 240,1067 -16,0603 -0,8086 59,8313 0,8064 23,0000 
24,350 8730,3365 1805,1176 52,0660 240,0004 -16,1722 -0,8100 59,7037 0,8068 23,0000 
24,400 8741,8514 1801,7647 52,2289 239,8951 -16,2841 -0,8115 59,5765 0,8071 23,0000 
24,450 8753,3548 1798,3909 52,3920 239,7909 -16,3960 -0,8130 59,4497 0,8075 23,0000 
24,500 8764,8466 1794,9961 52,5552 239,6877 -16,5078 -0,8145 59,3235 0,8078 23,0000 
24,550 8776,3268 1791,5803 52,7186 239,5855 -16,6197 -0,8159 59,1977 0,8082 23,0000 
24,600 8787,7955 1788,1435 52,8820 239,4844 -16,7315 -0,8174 59,0724 0,8085 23,0000 
24,650 8799,2526 1784,6858 53,0457 239,3843 -16,8433 -0,8189 58,9476 0,8089 23,0000 
24,700 8810,6982 1781,2072 53,2094 239,2852 -16,9551 -0,8204 58,8232 0,8092 23,0000 
24,750 8822,1323 1777,7077 53,3733 239,1871 -17,0669 -0,8218 58,6993 0,8096 23,0000 
24,800 8833,5549 1774,1874 53,5373 239,0901 -17,1786 -0,8233 58,5759 0,8100 23,0000 
24,850 8844,9660 1770,6462 53,7014 238,9941 -17,2903 -0,8248 58,4529 0,8103 23,0000 
24,900 8856,3656 1767,0842 53,8657 238,8990 -17,4020 -0,8263 58,3304 0,8107 23,0000 
24,950 8867,7538 1763,5014 54,0301 238,8050 -17,5137 -0,8278 58,2083 0,8111 23,0000 
25,000 8879,1305 1759,8977 54,1946 238,7120 -17,6253 -0,8292 58,0867 0,8115 23,0000 
25,050 8890,4957 1756,2734 54,3592 238,6200 -17,7369 -0,8307 57,9656 0,8118 23,0000 
25,100 8901,8495 1752,6283 54,5240 238,5290 -17,8485 -0,8322 57,8449 0,8122 23,0000 
25,150 8913,1919 1748,9625 54,6889 238,4390 -17,9600 -0,8337 57,7246 0,8126 23,0000 
25,200 8924,5229 1745,2759 54,8539 238,3499 -18,0716 -0,8352 57,6049 0,8130 23,0000 
25,250 8935,8425 1741,5687 55,0191 238,2619 -18,1830 -0,8366 57,4855 0,8134 23,0000 
25,300 8947,1508 1737,8409 55,1844 238,1748 -18,2945 -0,8381 57,3666 0,8137 23,0000 
25,350 8958,4476 1734,0924 55,3498 238,0887 -18,4059 -0,8396 57,2482 0,8141 23,0000 
25,400 8969,7331 1730,3233 55,5153 238,0036 -18,5173 -0,8411 57,1302 0,8145 23,0000 
25,450 8981,0072 1726,5336 55,6810 237,9195 -18,6287 -0,8426 57,0126 0,8149 23,0000 
25,500 8992,2700 1722,7234 55,8468 237,8363 -18,7400 -0,8441 56,8955 0,8153 23,0000 
25,550 9003,5215 1718,8926 56,0127 237,7541 -18,8513 -0,8455 56,7788 0,8157 23,0000 
25,600 9014,7616 1715,0412 56,1787 237,6729 -18,9625 -0,8470 56,6626 0,8161 23,0000 
25,650 9025,9904 1711,1694 56,3449 237,5926 -19,0737 -0,8485 56,5468 0,8165 23,0000 
25,700 9037,2080 1707,2771 56,5111 237,5133 -19,1849 -0,8500 56,4314 0,8169 23,0000 
25,750 9048,4142 1703,3643 56,6775 237,4349 -19,2960 -0,8515 56,3165 0,8173 23,0000 
25,800 9059,6092 1699,4311 56,8441 237,3575 -19,4071 -0,8530 56,2020 0,8178 23,0000 
25,850 9070,7929 1695,4774 57,0107 237,2810 -19,5182 -0,8544 56,0879 0,8182 23,0000 
25,900 9081,9653 1691,5034 57,1775 237,2055 -19,6292 -0,8559 55,9743 0,8186 23,0000 
25,950 9093,1265 1687,5090 57,3444 237,1309 -19,7401 -0,8574 55,8611 0,8190 23,0000 
26,000 9104,2765 1683,4942 57,5114 237,0572 -19,8511 -0,8589 55,7483 0,8194 23,0000 
26,050 9115,4152 1679,4591 57,6785 236,9845 -19,9619 -0,8604 55,6359 0,8198 23,0000 
26,100 9126,5427 1675,4036 57,8458 236,9126 -20,0728 -0,8619 55,5240 0,8203 23,0000 
26,150 9137,6590 1671,3279 58,0132 236,8418 -20,1835 -0,8634 55,4125 0,8207 23,0000 
26,200 9148,7642 1667,2319 58,1807 236,7718 -20,2943 -0,8649 55,3014 0,8211 23,0000 
26,250 9159,8581 1663,1157 58,3483 236,7028 -20,4049 -0,8663 55,1907 0,8216 23,0000 
26,300 9170,9409 1658,9792 58,5160 236,6346 -20,5156 -0,8678 55,0805 0,8220 23,0000 
26,350 9182,0124 1654,8226 58,6839 236,5674 -20,6262 -0,8693 54,9707 0,8224 23,0000 
26,400 9193,0729 1650,6457 58,8518 236,5011 -20,7367 -0,8708 54,8613 0,8229 23,0000 
26,450 9204,1222 1646,4487 59,0199 236,4357 -20,8472 -0,8723 54,7523 0,8233 23,0000 
26,500 9215,1603 1642,2315 59,1881 236,3712 -20,9576 -0,8738 54,6437 0,8238 23,0000 
26,550 9226,1873 1637,9942 59,3564 236,3076 -21,0680 -0,8753 54,5355 0,8242 23,0000 
26,600 9237,2032 1633,7368 59,5249 236,2449 -21,1783 -0,8768 54,4278 0,8246 23,0000 
26,650 9248,2080 1629,4594 59,6934 236,1830 -21,2886 -0,8783 54,3204 0,8251 23,0000 
26,700 9259,2017 1625,1619 59,8621 236,1221 -21,3988 -0,8798 54,2135 0,8255 23,0000 
26,750 9270,1843 1620,8443 60,0309 236,0620 -21,5089 -0,8812 54,1070 0,8260 23,0000 
26,800 9281,1558 1616,5067 60,1998 236,0029 -21,6190 -0,8827 54,0009 0,8265 23,0000 
26,850 9292,1162 1612,1492 60,3688 235,9446 -21,7291 -0,8842 53,8951 0,8269 23,0000 
26,900 9303,0656 1607,7717 60,5380 235,8871 -21,8391 -0,8857 53,7898 0,8274 23,0000 
26,950 9314,0039 1603,3742 60,7072 235,8306 -21,9490 -0,8872 53,6849 0,8278 23,0000 
27,000 9324,9312 1598,9568 60,8766 235,7749 -22,0588 -0,8887 53,5804 0,8283 23,0000 
27,050 9335,8474 1594,5195 61,0461 235,7201 -22,1686 -0,8902 53,4763 0,8288 23,0000 
27,100 9346,7526 1590,0623 61,2156 235,6661 -22,2784 -0,8917 53,3726 0,8293 23,0000 
27,150 9357,6467 1585,5852 61,3853 235,6130 -22,3880 -0,8932 53,2693 0,8297 23,0000 
27,200 9368,5299 1581,0883 61,5552 235,5607 -22,4976 -0,8947 53,1664 0,8302 23,0000 
27,250 9379,4020 1576,5716 61,7251 235,5093 -22,6072 -0,8962 53,0639 0,8307 23,0000 
27,300 9390,2632 1572,0351 61,8951 235,4588 -22,7167 -0,8977 52,9618 0,8312 23,0000 
27,350 9401,1133 1567,4788 62,0653 235,4090 -22,8261 -0,8992 52,8601 0,8316 23,0000 
27,400 9411,9525 1562,9027 62,2355 235,3601 -22,9354 -0,9007 52,7587 0,8321 23,0000 
27,450 9422,7807 1558,3070 62,4059 235,3121 -23,0447 -0,9022 52,6578 0,8326 23,0000 
27,500 9433,5979 1553,6915 62,5764 235,2649 -23,1539 -0,9037 52,5573 0,8331 23,0000 
27,550 9444,4042 1549,0563 62,7470 235,2185 -23,2631 -0,9052 52,4571 0,8336 23,0000 
27,600 9455,1995 1544,4014 62,9177 235,1729 -23,3721 -0,9067 52,3573 0,8341 23,0000 
27,650 9465,9839 1539,7270 63,0885 235,1282 -23,4811 -0,9082 52,2580 0,8346 23,0000 
27,700 9476,7574 1535,0328 63,2594 235,0842 -23,5901 -0,9097 52,1590 0,8351 23,0000 
27,750 9487,5199 1530,3191 63,4304 235,0411 -23,6989 -0,9112 52,0604 0,8356 23,0000 
27,800 9498,2715 1525,5858 63,6016 234,9988 -23,8077 -0,9127 51,9621 0,8361 23,0000 
27,850 9509,0122 1520,8330 63,7728 234,9573 -23,9164 -0,9142 51,8643 0,8366 23,0000 
27,900 9519,7420 1516,0606 63,9442 234,9166 -24,0251 -0,9157 51,7668 0,8371 23,0000 
27,950 9530,4609 1511,2687 64,1156 234,8767 -24,1336 -0,9172 51,6698 0,8376 23,0000 
28,000 9541,1689 1506,4573 64,2872 234,8376 -24,2421 -0,9187 51,5731 0,8381 23,0000 
28,050 9551,8660 1501,6264 64,4588 234,7993 -24,3505 -0,9202 51,4767 0,8386 23,0000 
28,100 9562,5522 1496,7761 64,6306 234,7618 -24,4588 -0,9217 51,3808 0,8392 23,0000 
28,150 9573,2276 1491,9064 64,8025 234,7250 -24,5671 -0,9232 51,2852 0,8397 23,0000 
28,200 9583,8921 1487,0172 64,9745 234,6891 -24,6753 -0,9247 51,1900 0,8402 23,0000 
28,250 9594,5458 1482,1087 65,1466 234,6539 -24,7834 -0,9262 51,0952 0,8407 23,0000 
28,300 9605,1886 1477,1808 65,3187 234,6195 -24,8914 -0,9277 51,0008 0,8413 23,0000 
28,350 9615,8206 1472,2336 65,4910 234,5859 -24,9993 -0,9292 50,9067 0,8418 23,0000 
28,400 9626,4417 1467,2670 65,6634 234,5531 -25,1072 -0,9307 50,8130 0,8423 23,0000 
28,450 9637,0520 1462,2812 65,8359 234,5210 -25,2150 -0,9322 50,7197 0,8429 23,0000 
28,500 9647,6515 1457,2761 66,0085 234,4896 -25,3227 -0,9337 50,6268 0,8434 23,0000 
28,550 9658,2402 1452,2517 66,1812 234,4591 -25,4303 -0,9352 50,5342 0,8439 23,0000 
28,600 9668,8181 1447,2081 66,3541 234,4292 -25,5378 -0,9367 50,4420 0,8445 23,0000 
28,650 9679,3851 1442,1453 66,5270 234,4002 -25,6452 -0,9382 50,3501 0,8450 23,0000 
28,700 9689,9414 1437,0633 66,7000 234,3719 -25,7526 -0,9397 50,2587 0,8456 23,0000 
28,750 9700,4869 1431,9622 66,8731 234,3443 -25,8599 -0,9412 50,1675 0,8461 23,0000 
28,800 9711,0216 1426,8419 67,0463 234,3175 -25,9670 -0,9427 50,0768 0,8467 23,0000 
28,850 9721,5456 1421,7025 67,2196 234,2914 -26,0741 -0,9442 49,9864 0,8472 23,0000 
28,900 9732,0587 1416,5440 67,3930 234,2660 -26,1811 -0,9457 49,8964 0,8478 23,0000 
28,950 9742,5612 1411,3665 67,5665 234,2414 -26,2881 -0,9472 49,8067 0,8483 23,0000 
29,000 9753,0528 1406,1698 67,7401 234,2175 -26,3949 -0,9487 49,7174 0,8489 23,0000 
29,050 9763,5337 1400,9542 67,9138 234,1943 -26,5016 -0,9502 49,6285 0,8494 23,0000 
29,100 9774,0039 1395,7196 68,0876 234,1718 -26,6083 -0,9517 49,5399 0,8500 23,0000 
29,150 9784,4633 1390,4659 68,2615 234,1501 -26,7148 -0,9533 49,4517 0,8506 23,0000 
29,200 9794,9120 1385,1933 68,4355 234,1290 -26,8213 -0,9548 49,3638 0,8511 23,0000 
29,250 9805,3500 1379,9018 68,6096 234,1087 -26,9277 -0,9563 49,2763 0,8517 23,0000 
29,300 9815,7772 1374,5914 68,7838 234,0891 -27,0340 -0,9578 49,1891 0,8523 23,0000 
29,350 9826,1937 1369,2620 68,9580 234,0701 -27,1402 -0,9593 49,1023 0,8529 23,0000 
29,400 9836,5996 1363,9138 69,1324 234,0519 -27,2462 -0,9608 49,0159 0,8534 23,0000 
29,450 9846,9947 1358,5468 69,3069 234,0344 -27,3522 -0,9623 48,9298 0,8540 23,0000 
29,500 9857,3791 1353,1609 69,4814 234,0175 -27,4581 -0,9638 48,8441 0,8546 23,0000 
29,550 9867,7528 1347,7562 69,6561 234,0014 -27,5640 -0,9653 48,7587 0,8552 23,0000 
29,600 9878,1159 1342,3328 69,8309 233,9859 -27,6697 -0,9668 48,6736 0,8558 23,0000 
29,650 9888,4682 1336,8906 70,0057 233,9711 -27,7753 -0,9683 48,5889 0,8564 23,0000 
29,700 9898,8099 1331,4296 70,1806 233,9570 -27,8808 -0,9699 48,5046 0,8570 23,0000 
29,750 9909,1409 1325,9499 70,3557 233,9436 -27,9862 -0,9714 48,4206 0,8576 23,0000 
29,800 9919,4613 1320,4516 70,5308 233,9308 -28,0915 -0,9729 48,3370 0,8582 23,0000 
29,850 9929,7710 1314,9346 70,7060 233,9187 -28,1968 -0,9744 48,2537 0,8588 23,0000 
29,900 9940,0700 1309,3989 70,8813 233,9073 -28,3019 -0,9759 48,1707 0,8594 23,0000 
29,950 9950,3584 1303,8446 71,0567 233,8965 -28,4069 -0,9774 48,0881 0,8600 23,0000 
30,000 9960,6362 1298,2718 71,2322 233,8864 -28,5118 -0,9789 48,0058 0,8606 23,0000 
30,050 9970,9033 1292,6803 71,4077 233,8769 -28,6166 -0,9804 47,9239 0,8612 23,0000 
30,100 9981,1597 1287,0703 71,5834 233,8681 -28,7214 -0,9819 47,8423 0,8618 23,0000 
30,150 9991,4056 1281,4418 71,7591 233,8600 -28,8260 -0,9835 47,7611 0,8624 23,0000 
30,200 10001,6408 1275,7947 71,9350 233,8524 -28,9305 -0,9850 47,6802 0,8630 23,0000 
30,250 10011,8654 1270,1292 72,1109 233,8455 -29,0349 -0,9865 47,5996 0,8636 23,0000 
30,300 10022,0794 1264,4452 72,2869 233,8393 -29,1392 -0,9880 47,5194 0,8643 23,0000 
30,350 10032,2827 1258,7428 72,4630 233,8336 -29,2434 -0,9895 47,4395 0,8649 23,0000 
30,400 10042,4755 1253,0220 72,6392 233,8286 -29,3475 -0,9910 47,3600 0,8655 23,0000 
30,450 10052,6577 1247,2828 72,8155 233,8243 -29,4515 -0,9925 47,2808 0,8661 23,0000 
30,500 10062,8292 1241,5252 72,9918 233,8205 -29,5553 -0,9941 47,2019 0,8668 23,0000 
30,550 10072,9902 1235,7493 73,1683 233,8174 -29,6591 -0,9956 47,1234 0,8674 23,0000 
30,600 10083,1406 1229,9550 73,3448 233,8149 -29,7628 -0,9971 47,0452 0,8680 23,0000 
30,650 10093,2804 1224,1425 73,5214 233,8130 -29,8663 -0,9986 46,9673 0,8687 23,0000 
30,700 10103,4097 1218,3116 73,6981 233,8117 -29,9698 -1,0001 46,8898 0,8693 23,0000 
30,750 10113,5283 1212,4626 73,8748 233,8110 -30,0731 -1,0016 46,8126 0,8700 23,0000 
30,800 10123,6364 1206,5953 74,0517 233,8109 -30,1764 -1,0031 46,7357 0,8706 23,0000 
30,850 10133,7339 1200,7097 74,2286 233,8113 -30,2795 -1,0047 46,6592 0,8713 23,0000 
30,900 10143,8209 1194,8061 74,4057 233,8124 -30,3825 -1,0062 46,5830 0,8719 23,0000 
30,950 10153,8973 1188,8842 74,5828 233,8141 -30,4854 -1,0077 46,5071 0,8726 23,0000 
31,000 10163,9631 1182,9442 74,7600 233,8164 -30,5882 -1,0092 46,4316 0,8732 23,0000 
31,050 10174,0184 1176,9861 74,9372 233,8192 -30,6909 -1,0107 46,3563 0,8739 23,0000 
31,100 10184,0632 1171,0100 75,1146 233,8227 -30,7934 -1,0122 46,2814 0,8745 23,0000 
31,150 10194,0974 1165,0157 75,2920 233,8267 -30,8959 -1,0137 46,2069 0,8752 23,0000 
31,200 10204,1211 1159,0035 75,4695 233,8312 -30,9982 -1,0153 46,1326 0,8759 23,0000 
31,250 10214,1342 1152,9732 75,6471 233,8364 -31,1005 -1,0168 46,0587 0,8765 23,0000 
31,300 10224,1369 1146,9249 75,8247 233,8421 -31,2026 -1,0183 45,9851 0,8772 23,0000 
31,350 10234,1290 1140,8586 76,0025 233,8483 -31,3046 -1,0198 45,9119 0,8779 23,0000 
31,400 10244,1105 1134,7744 76,1803 233,8552 -31,4065 -1,0213 45,8389 0,8785 23,0000 
31,450 10254,0816 1128,6723 76,3582 233,8625 -31,5082 -1,0228 45,7663 0,8792 23,0000 
31,500 10264,0421 1122,5523 76,5361 233,8705 -31,6099 -1,0244 45,6940 0,8799 23,0000 
31,550 10273,9922 1116,4144 76,7142 233,8790 -31,7114 -1,0259 45,6220 0,8806 23,0000 
31,600 10283,9317 1110,2586 76,8923 233,8880 -31,8128 -1,0274 45,5504 0,8813 23,0000 
31,650 10293,8607 1104,0851 77,0705 233,8975 -31,9142 -1,0289 45,4790 0,8820 23,0000 
31,700 10303,7792 1097,8937 77,2487 233,9076 -32,0153 -1,0304 45,4080 0,8826 23,0000 
31,750 10313,6873 1091,6846 77,4271 233,9183 -32,1164 -1,0319 45,3373 0,8833 23,0000 
31,800 10323,5848 1085,4576 77,6055 233,9294 -32,2174 -1,0335 45,2669 0,8840 23,0000 
31,850 10333,4718 1079,2130 77,7840 233,9411 -32,3182 -1,0350 45,1968 0,8847 23,0000 
31,900 10343,3484 1072,9507 77,9625 233,9533 -32,4189 -1,0365 45,1271 0,8854 23,0000 
31,950 10353,2145 1066,6707 78,1412 233,9661 -32,5195 -1,0380 45,0576 0,8861 23,0000 
32,000 10363,0701 1060,3730 78,3199 233,9793 -32,6200 -1,0395 44,9885 0,8868 23,0000 
32,050 10372,9152 1054,0577 78,4986 233,9931 -32,7203 -1,0410 44,9197 0,8875 23,0000 
32,100 10382,7498 1047,7247 78,6775 234,0074 -32,8206 -1,0426 44,8512 0,8882 23,0000 
32,150 10392,5740 1041,3742 78,8564 234,0221 -32,9207 -1,0441 44,7830 0,8890 23,0000 
32,200 10402,3877 1035,0062 79,0354 234,0374 -33,0207 -1,0456 44,7152 0,8897 23,0000 
32,250 10412,1910 1028,6206 79,2144 234,0532 -33,1206 -1,0471 44,6476 0,8904 23,0000 
32,300 10421,9838 1022,2174 79,3935 234,0695 -33,2203 -1,0486 44,5804 0,8911 23,0000 
32,350 10431,7661 1015,7968 79,5727 234,0862 -33,3200 -1,0501 44,5134 0,8918 23,0000 
32,400 10441,5380 1009,3588 79,7520 234,1035 -33,4195 -1,0516 44,4468 0,8925 23,0000 
32,450 10451,2994 1002,9033 79,9313 234,1212 -33,5189 -1,0532 44,3805 0,8933 23,0000 
32,500 10461,0504 996,4303 80,1107 234,1394 -33,6181 -1,0547 44,3145 0,8940 23,0000 
32,550 10470,7910 989,9400 80,2901 234,1581 -33,7173 -1,0562 44,2488 0,8947 23,0000 
32,600 10480,5211 983,4323 80,4696 234,1773 -33,8163 -1,0577 44,1834 0,8955 23,0000 
32,650 10490,2407 976,9073 80,6492 234,1970 -33,9152 -1,0592 44,1183 0,8962 23,0000 
32,700 10499,9499 970,3650 80,8288 234,2171 -34,0139 -1,0607 44,0535 0,8969 23,0000 
32,750 10509,6487 963,8054 81,0086 234,2377 -34,1126 -1,0622 43,9890 0,8977 23,0000 
32,800 10519,3371 957,2285 81,1883 234,2587 -34,2111 -1,0638 43,9249 0,8984 23,0000 
32,850 10529,0150 950,6343 81,3682 234,2802 -34,3095 -1,0653 43,8610 0,8992 23,0000 
32,900 10538,6825 944,0230 81,5480 234,3022 -34,4078 -1,0668 43,7974 0,8999 23,0000 
32,950 10548,3396 937,3944 81,7280 234,3246 -34,5059 -1,0683 43,7342 0,9006 23,0000 
33,000 10557,9863 930,7487 81,9080 234,3474 -34,6039 -1,0698 43,6712 0,9014 23,0000 
33,050 10567,6225 924,0858 82,0881 234,3707 -34,7018 -1,0713 43,6085 0,9022 23,0000 
33,100 10577,2483 917,4059 82,2682 234,3944 -34,7996 -1,0728 43,5462 0,9029 23,0000 
33,150 10586,8637 910,7088 82,4484 234,4186 -34,8972 -1,0743 43,4841 0,9037 23,0000 
33,200 10596,4687 903,9946 82,6287 234,4432 -34,9947 -1,0759 43,4224 0,9044 23,0000 
33,250 10606,0633 897,2635 82,8090 234,4682 -35,0921 -1,0774 43,3609 0,9052 23,0000 
33,300 10615,6475 890,5153 82,9893 234,4937 -35,1893 -1,0789 43,2997 0,9060 23,0000 
33,350 10625,2213 883,7501 83,1697 234,5196 -35,2865 -1,0804 43,2389 0,9067 23,0000 
33,400 10634,7847 876,9679 83,3502 234,5459 -35,3835 -1,0819 43,1783 0,9075 23,0000 
33,450 10644,3377 870,1688 83,5308 234,5726 -35,4803 -1,0834 43,1180 0,9083 23,0000 
33,500 10653,8803 863,3528 83,7113 234,5998 -35,5771 -1,0849 43,0581 0,9091 23,0000 
33,550 10663,4125 856,5198 83,8920 234,6273 -35,6737 -1,0864 42,9984 0,9098 23,0000 
33,600 10672,9343 849,6700 84,0727 234,6553 -35,7702 -1,0879 42,9390 0,9106 23,0000 
33,650 10682,4457 842,8034 84,2534 234,6836 -35,8665 -1,0894 42,8799 0,9114 23,0000 
33,700 10691,9467 835,9200 84,4342 234,7124 -35,9627 -1,0909 42,8211 0,9122 23,0000 
33,750 10701,4373 829,0197 84,6151 234,7415 -36,0588 -1,0924 42,7626 0,9130 23,0000 
33,800 10710,9176 822,1027 84,7960 234,7711 -36,1548 -1,0940 42,7044 0,9138 23,0000 
33,850 10720,3875 815,1690 84,9770 234,8010 -36,2506 -1,0955 42,6465 0,9146 23,0000 
33,900 10729,8470 808,2185 85,1580 234,8313 -36,3463 -1,0970 42,5888 0,9154 23,0000 
33,950 10739,2961 801,2514 85,3390 234,8620 -36,4419 -1,0985 42,5315 0,9162 23,0000 
34,000 10748,7348 794,2675 85,5201 234,8931 -36,5373 -1,1000 42,4745 0,9170 23,0000 
34,050 10758,1632 787,2671 85,7013 234,9246 -36,6326 -1,1015 42,4177 0,9178 23,0000 
34,100 10767,5812 780,2500 85,8825 234,9564 -36,7278 -1,1030 42,3612 0,9186 23,0000 
34,150 10776,9888 773,2164 86,0637 234,9886 -36,8229 -1,1045 42,3051 0,9194 23,0000 
34,200 10786,3861 766,1661 86,2450 235,0212 -36,9178 -1,1060 42,2492 0,9202 23,0000 
34,250 10795,7729 759,0994 86,4263 235,0541 -37,0126 -1,1075 42,1935 0,9210 23,0000 
34,300 10805,1495 752,0161 86,6077 235,0874 -37,1072 -1,1090 42,1382 0,9218 23,0000 
34,350 10814,5156 744,9164 86,7892 235,1211 -37,2017 -1,1105 42,0832 0,9226 23,0000 
34,400 10823,8714 737,8002 86,9706 235,1551 -37,2961 -1,1120 42,0284 0,9235 23,0000 
34,450 10833,2169 730,6675 87,1521 235,1894 -37,3904 -1,1135 41,9740 0,9243 23,0000 
34,500 10842,5519 723,5185 87,3337 235,2241 -37,4845 -1,1149 41,9198 0,9251 23,0000 
34,550 10851,8767 716,3531 87,5153 235,2591 -37,5785 -1,1164 41,8659 0,9259 23,0000 
34,600 10861,1910 709,1713 87,6969 235,2945 -37,6723 -1,1179 41,8123 0,9268 23,0000 
34,650 10870,4951 701,9732 87,8786 235,3302 -37,7660 -1,1194 41,7589 0,9276 23,0000 
34,700 10879,7887 694,7588 88,0603 235,3663 -37,8596 -1,1209 41,7059 0,9284 23,0000 
34,750 10889,0720 687,5281 88,2421 235,4027 -37,9531 -1,1224 41,6531 0,9293 23,0000 
34,800 10898,3450 680,2811 88,4239 235,4394 -38,0464 -1,1239 41,6006 0,9301 23,0000 
34,850 10907,6076 673,0180 88,6057 235,4764 -38,1396 -1,1254 41,5484 0,9310 23,0000 
34,900 10916,8599 665,7386 88,7876 235,5137 -38,2326 -1,1269 41,4965 0,9318 23,0000 
34,950 10926,1018 658,4431 88,9695 235,5514 -38,3256 -1,1283 41,4448 0,9327 23,0000 
35,000 10935,3334 651,1314 89,1515 235,5894 -38,4183 -1,1298 41,3935 0,9335 23,0000 
35,050 10944,5546 643,8036 89,3334 235,6276 -38,5110 -1,1313 41,3424 0,9344 23,0000 
35,100 10953,7655 636,4597 89,5154 235,6662 -38,6035 -1,1328 41,2916 0,9352 23,0000 
35,150 10962,9661 629,0997 89,6975 235,7051 -38,6959 -1,1343 41,2410 0,9361 23,0000 
35,200 10972,1563 621,7237 89,8796 235,7443 -38,7881 -1,1357 41,1907 0,9369 23,0000 
35,250 10981,3362 614,3317 90,0617 235,7838 -38,8802 -1,1372 41,1408 0,9378 23,0000 
35,300 10990,5058 606,9237 90,2438 235,8236 -38,9722 -1,1387 41,0910 0,9387 23,0000 
35,350 10999,6650 599,4997 90,4260 235,8637 -39,0641 -1,1402 41,0416 0,9395 23,0000 
35,400 11008,8138 592,0598 90,6082 235,9040 -39,1558 -1,1416 40,9924 0,9404 23,0000 
35,450 11017,9524 584,6040 90,7904 235,9447 -39,2473 -1,1431 40,9435 0,9413 23,0000 
35,500 11027,0806 577,1324 90,9727 235,9856 -39,3388 -1,1446 40,8949 0,9422 23,0000 
35,550 11036,1985 569,6448 91,1550 236,0268 -39,4301 -1,1460 40,8466 0,9430 23,0000 
35,600 11045,3061 562,1415 91,3373 236,0683 -39,5212 -1,1475 40,7985 0,9439 23,0000 
35,650 11054,4033 554,6223 91,5196 236,1100 -39,6123 -1,1490 40,7507 0,9448 23,0000 
35,700 11063,4902 547,0874 91,7020 236,1520 -39,7031 -1,1504 40,7032 0,9457 23,0000 
35,750 11072,5668 539,5367 91,8844 236,1943 -39,7939 -1,1519 40,6559 0,9466 23,0000 
35,800 11081,6330 531,9703 92,0668 236,2368 -39,8845 -1,1534 40,6089 0,9475 23,0000 
35,850 11090,6889 524,3882 92,2492 236,2796 -39,9750 -1,1548 40,5622 0,9484 23,0000 
35,900 11099,7345 516,7904 92,4317 236,3227 -40,0654 -1,1563 40,5157 0,9493 23,0000 
35,950 11108,7698 509,1770 92,6142 236,3660 -40,1556 -1,1577 40,4695 0,9502 23,0000 
36,000 11117,7948 501,5480 92,7967 236,4095 -40,2456 -1,1592 40,4236 0,9511 23,0000 
36,050 11126,8094 493,9034 92,9792 236,4533 -40,3356 -1,1606 40,3779 0,9520 23,0000 
36,100 11135,8137 486,2433 93,1617 236,4973 -40,4254 -1,1621 40,3325 0,9529 23,0000 
36,150 11144,8077 478,5676 93,3443 236,5416 -40,5151 -1,1635 40,2874 0,9538 23,0000 
36,200 11153,7914 470,8764 93,5268 236,5861 -40,6046 -1,1649 40,2426 0,9547 23,0000 
36,250 11162,7647 463,1697 93,7094 236,6308 -40,6940 -1,1664 40,1980 0,9556 23,0000 
36,300 11171,7278 455,4476 93,8920 236,6758 -40,7833 -1,1678 40,1536 0,9565 23,0000 
36,350 11180,6805 447,7101 94,0746 236,7209 -40,8724 -1,1692 40,1096 0,9575 23,0000 
36,400 11189,6229 439,9572 94,2572 236,7663 -40,9614 -1,1707 40,0658 0,9584 23,0000 
36,450 11198,5550 432,1889 94,4399 236,8120 -41,0502 -1,1721 40,0222 0,9593 23,0000 
36,500 11207,4767 424,4053 94,6225 236,8578 -41,1389 -1,1735 39,9789 0,9602 23,0000 
36,550 11216,3882 416,6063 94,8052 236,9038 -41,2275 -1,1749 39,9359 0,9612 23,0000 
36,600 11225,2893 408,7921 94,9878 236,9501 -41,3160 -1,1763 39,8932 0,9621 23,0000 
36,650 11234,1802 400,9626 95,1705 236,9966 -41,4043 -1,1778 39,8507 0,9630 23,0000 
36,700 11243,0607 393,1179 95,3532 237,0432 -41,4924 -1,1792 39,8084 0,9640 23,0000 
36,750 11251,9309 385,2580 95,5359 237,0901 -41,5805 -1,1806 39,7665 0,9649 23,0000 
36,800 11260,7907 377,3829 95,7186 237,1371 -41,6684 -1,1820 39,7247 0,9658 23,0000 
36,850 11269,6403 369,4927 95,9013 237,1844 -41,7561 -1,1834 39,6833 0,9668 23,0000 
36,900 11278,4796 361,5874 96,0840 237,2318 -41,8438 -1,1848 39,6421 0,9677 23,0000 
36,950 11287,3085 353,6670 96,2667 237,2794 -41,9313 -1,1862 39,6012 0,9687 23,0000 
37,000 11296,1271 345,7315 96,4494 237,3272 -42,0186 -1,1876 39,5605 0,9696 23,0000 
37,050 11304,9355 337,7809 96,6321 237,3752 -42,1058 -1,1889 39,5200 0,9706 23,0000 
37,100 11313,7335 329,8154 96,8148 237,4233 -42,1929 -1,1903 39,4799 0,9716 23,0000 
37,150 11322,5211 321,8349 96,9975 237,4716 -42,2799 -1,1917 39,4400 0,9725 23,0000 
37,200 11331,2985 313,8395 97,1802 237,5201 -42,3667 -1,1931 39,4003 0,9735 23,0000 
37,250 11340,0656 305,8291 97,3629 237,5688 -42,4534 -1,1944 39,3609 0,9744 23,0000 
37,300 11348,8223 297,8038 97,5455 237,6176 -42,5399 -1,1958 39,3218 0,9754 23,0000 
37,350 11357,5688 289,7637 97,7282 237,6665 -42,6263 -1,1972 39,2829 0,9764 23,0000 
37,400 11366,3049 281,7087 97,9109 237,7157 -42,7126 -1,1985 39,2442 0,9774 23,0000 
37,450 11375,0307 273,6390 98,0935 237,7649 -42,7987 -1,1999 39,2058 0,9783 23,0000 
37,500 11383,7462 265,5544 98,2762 237,8144 -42,8847 -1,2012 39,1677 0,9793 23,0000 
37,550 11392,4514 257,4551 98,4588 237,8639 -42,9706 -1,2025 39,1298 0,9803 23,0000 
37,600 11401,1463 249,3411 98,6414 237,9136 -43,0563 -1,2039 39,0922 0,9813 23,0000 
37,650 11409,8308 241,2123 98,8240 237,9634 -43,1419 -1,2052 39,0549 0,9823 23,0000 
37,700 11418,5051 233,0690 99,0066 238,0134 -43,2274 -1,2065 39,0177 0,9833 23,0000 
37,750 11427,1690 224,9109 99,1892 238,0635 -43,3127 -1,2078 38,9809 0,9842 23,0000 
37,800 11435,8226 216,7383 99,3717 238,1137 -43,3979 -1,2091 38,9443 0,9852 23,0000 
37,850 11444,4659 208,5511 99,5543 238,1641 -43,4829 -1,2104 38,9079 0,9862 23,0000 
37,900 11453,0989 200,3493 99,7368 238,2145 -43,5679 -1,2117 38,8718 0,9872 23,0000 
37,950 11461,7215 192,1330 99,9193 238,2651 -43,6527 -1,2130 38,8360 0,9882 23,0000 
38,000 11470,3339 183,9022 100,1017 238,3157 -43,7373 -1,2143 38,8004 0,9892 23,0000 
38,050 11478,9359 175,6570 100,2841 238,3665 -43,8218 -1,2156 38,7650 0,9903 23,0000 
38,100 11487,5276 167,3973 100,4665 238,4174 -43,9062 -1,2168 38,7299 0,9913 23,0000 
38,150 11496,1090 159,1232 100,6489 238,4684 -43,9905 -1,2181 38,6951 0,9923 23,0000 
38,200 11504,6800 150,8348 100,8313 238,5194 -44,0746 -1,2193 38,6605 0,9933 23,0000 
38,250 11513,2407 142,5320 101,0136 238,5706 -44,1586 -1,2206 38,6262 0,9943 23,0000 
38,300 11521,7911 134,2148 101,1958 238,6218 -44,2425 -1,2218 38,5921 0,9953 23,0000 
38,350 11530,3312 125,8834 101,3780 238,6731 -44,3262 -1,2230 38,5583 0,9964 23,0000 
38,400 11538,8609 117,5377 101,5602 238,7245 -44,4098 -1,2242 38,5247 0,9974 23,0000 
38,450 11547,3803 109,1778 101,7424 238,7759 -44,4933 -1,2254 38,4914 0,9984 23,0000 
38,500 11555,8894 100,8037 101,9245 238,8274 -44,5766 -1,2266 38,4584 0,9994 23,0000 
38,550 11564,3882 92,4154 102,1065 238,8790 -44,6598 -1,2277 38,4256 1,0005 23,0000 
38,600 11572,8766 84,0130 102,2885 238,9306 -44,7429 -1,2289 38,3930 1,0015 23,0000 
38,650 11581,3546 75,5965 102,4705 238,9822 -44,8259 -1,2300 38,3608 1,0025 23,0000 
38,700 11589,8223 67,1659 102,6524 239,0339 -44,9087 -1,2311 38,3288 1,0036 23,0000 
38,750 11598,2797 58,7212 102,8342 239,0855 -44,9914 -1,2322 38,2971 1,0046 23,0000 
38,800 11606,7267 50,2625 103,0160 239,1372 -45,0740 -1,2333 38,2656 1,0057 23,0000 
38,850 11615,1633 41,7898 103,1977 239,1889 -45,1564 -1,2343 38,2345 1,0067 23,0000 
38,900 11623,5896 33,3032 103,3793 239,2405 -45,2388 -1,2354 38,2036 1,0078 23,0000 
38,950 11632,0056 24,8027 103,5609 239,2921 -45,3210 -1,2364 38,1731 1,0088 23,0000 
39,000 11640,4111 16,2882 103,7423 239,3435 -45,4031 -1,2373 38,1429 1,0099 23,0000 
39,050 11648,8063 7,7599 103,9237 239,3948 -45,4851 -1,2382 38,1130 1,0109 23,0000 
39,0954 11656,4232 0,0000 104,0884 239,4410 -45,5595 -1,2389 38,0864 1,0119 23,0000 
