t(c) x(м) y(м) z(м) Vk(м/с) teta(град) psy(град) omega_x(рад/с) pi(y) m(кг) 
0,000 0,0000 0,0000 0,0000 835,3700 24,2000 0,0000 0,0000 1,0119 23,0000 
0,050 37,9862 17,0596 0,0002 830,2839 24,1696 -0,0005 8,5173 1,0098 23,0000 
0,100 75,7505 33,9954 0,0007 825,2500 24,1389 -0,0012 16,6790 1,0077 23,0000 
0,150 113,2952 50,8086 0,0018 820,2660 24,1080 -0,0020 24,5054 1,0056 23,0000 
0,200 150,6226 67,5003 0,0033 815,3309 24,0769 -0,0028 32,0111 1,0035 23,0000 
0,250 187,7347 84,0715 0,0054 810,4439 24,0456 -0,0037 39,2099 1,0015 23,0000 
0,300 224,6338 100,5233 0,0081 805,6044 24,0140 -0,0046 46,1143 0,9995 23,0000 
0,350 261,3219 116,8567 0,0114 800,8115 23,9823 -0,0056 52,7362 0,9975 23,0000 
0,400 297,8010 133,0729 0,0152 796,0647 23,9503 -0,0066 59,0872 0,9955 23,0000 
0,450 334,0732 149,1728 0,0197 791,3633 23,9181 -0,0076 65,1781 0,9935 23,0000 
0,500 370,1405 165,1575 0,0248 786,7067 23,8857 -0,0086 71,0191 0,9915 23,0000 
0,550 406,0050 181,0279 0,0306 782,0942 23,8530 -0,0097 76,6201 0,9896 23,0000 
0,600 441,6684 196,7851 0,0369 777,5254 23,8202 -0,0108 81,9906 0,9877 23,0000 
0,650 477,1328 212,4300 0,0440 772,9997 23,7871 -0,0120 87,1396 0,9858 23,0000 
0,700 512,4000 227,9635 0,0517 768,5164 23,7539 -0,0131 92,0757 0,9839 23,0000 
0,750 547,4720 243,3868 0,0601 764,0751 23,7204 -0,0143 96,8071 0,9820 23,0000 
0,800 582,3505 258,7006 0,0692 759,6752 23,6867 -0,0155 101,3418 0,9801 23,0000 
0,850 617,0374 273,9059 0,0790 755,3162 23,6528 -0,0167 105,6873 0,9783 23,0000 
0,900 651,5346 289,0037 0,0894 750,9976 23,6187 -0,0180 109,8509 0,9765 23,0000 
0,950 685,8437 303,9948 0,1006 746,7189 23,5843 -0,0192 113,8396 0,9747 23,0000 
1,000 719,9666 318,8801 0,1124 742,4795 23,5498 -0,0205 117,6599 0,9729 23,0000 
1,050 753,9050 333,6605 0,1249 738,2791 23,5150 -0,0218 121,3183 0,9711 23,0000 
1,100 787,6605 348,3369 0,1382 734,1170 23,4801 -0,0232 124,8209 0,9693 23,0000 
1,150 821,2350 362,9102 0,1522 729,9930 23,4449 -0,0245 128,1735 0,9676 23,0000 
1,200 854,6300 377,3812 0,1668 725,9064 23,4094 -0,0259 131,3818 0,9658 23,0000 
1,250 887,8473 391,7507 0,1822 721,8629 23,3738 -0,0272 134,4514 0,9641 23,0000 
1,300 920,8888 406,0198 0,1983 717,8557 23,3380 -0,0286 137,3873 0,9624 23,0000 
1,350 953,7560 420,1892 0,2151 713,8833 23,3019 -0,0300 140,1946 0,9607 23,0000 
1,400 986,4504 434,2596 0,2327 709,9453 23,2656 -0,0314 142,8781 0,9591 23,0000 
1,450 1018,9735 448,2319 0,2509 706,0415 23,2292 -0,0329 145,4422 0,9574 23,0000 
1,500 1051,3269 462,1068 0,2699 702,1716 23,1924 -0,0343 147,8915 0,9557 23,0000 
1,550 1083,5120 475,8851 0,2896 698,3353 23,1555 -0,0358 150,2301 0,9541 23,0000 
1,600 1115,5304 489,5676 0,3100 694,5323 23,1184 -0,0373 152,4620 0,9525 23,0000 
1,650 1147,3834 503,1549 0,3311 690,7624 23,0810 -0,0388 154,5913 0,9509 23,0000 
1,700 1179,0726 516,6479 0,3530 687,0252 23,0434 -0,0403 156,6217 0,9493 23,0000 
1,750 1210,5994 530,0473 0,3755 683,3205 23,0056 -0,0418 158,5567 0,9477 23,0000 
1,800 1241,9652 543,3538 0,3988 679,6478 22,9676 -0,0433 160,3998 0,9461 23,0000 
1,850 1273,1715 556,5681 0,4228 676,0070 22,9293 -0,0449 162,1545 0,9446 23,0000 
1,900 1304,2195 569,6909 0,4476 672,3976 22,8909 -0,0464 163,8238 0,9430 23,0000 
1,950 1335,1108 582,7231 0,4730 668,8195 22,8522 -0,0480 165,4110 0,9415 23,0000 
2,000 1365,8467 595,6651 0,4992 665,2722 22,8133 -0,0496 166,9190 0,9400 23,0000 
2,050 1396,4286 608,5178 0,5261 661,7554 22,7741 -0,0512 168,3506 0,9385 23,0000 
2,100 1426,8577 621,2818 0,5537 658,2688 22,7348 -0,0528 169,7087 0,9370 23,0000 
2,150 1457,1354 633,9578 0,5820 654,8122 22,6952 -0,0544 170,9958 0,9355 23,0000 
2,200 1487,2631 646,5465 0,6110 651,3851 22,6554 -0,0560 172,2146 0,9340 23,0000 
2,250 1517,2421 659,0486 0,6408 647,9872 22,6153 -0,0577 173,3674 0,9326 23,0000 
2,300 1547,0735 671,4646 0,6712 644,6184 22,5751 -0,0593 174,4568 0,9311 23,0000 
2,350 1576,7588 683,7953 0,7024 641,2781 22,5346 -0,0610 175,4849 0,9297 23,0000 
2,400 1606,2991 696,0412 0,7342 637,9661 22,4939 -0,0627 176,4539 0,9283 23,0000 
2,450 1635,6957 708,2031 0,7668 634,6821 22,4529 -0,0643 177,3661 0,9269 23,0000 
2,500 1664,9499 720,2815 0,8001 631,4258 22,4118 -0,0660 178,2234 0,9255 23,0000 
2,550 1694,0628 732,2770 0,8341 628,1969 22,3704 -0,0677 179,0278 0,9241 23,0000 
2,600 1723,0356 744,1903 0,8688 624,9950 22,3287 -0,0695 179,7811 0,9227 23,0000 
2,650 1751,8696 756,0220 0,9041 621,8199 22,2869 -0,0712 180,4853 0,9214 23,0000 
2,700 1780,5659 767,7727 0,9402 618,6712 22,2448 -0,0729 181,1421 0,9200 23,0000 
2,750 1809,1257 779,4429 0,9770 615,5487 22,2025 -0,0747 181,7531 0,9187 23,0000 
2,800 1837,5501 791,0333 1,0145 612,4520 22,1599 -0,0764 182,3201 0,9173 23,0000 
2,850 1865,8403 802,5444 1,0526 609,3808 22,1172 -0,0782 182,8446 0,9160 23,0000 
2,900 1893,9973 813,9768 1,0915 606,3349 22,0742 -0,0800 183,3281 0,9147 23,0000 
2,950 1922,0224 825,3311 1,1310 603,3139 22,0309 -0,0817 183,7721 0,9134 23,0000 
3,000 1949,9165 836,6077 1,1713 600,3176 21,9875 -0,0835 184,1779 0,9121 23,0000 
3,050 1977,6807 847,8074 1,2122 597,3457 21,9438 -0,0853 184,5471 0,9108 23,0000 
3,100 2005,3162 858,9305 1,2538 594,3979 21,8998 -0,0871 184,8808 0,9096 23,0000 
3,150 2032,8240 869,9777 1,2960 591,4739 21,8557 -0,0890 185,1804 0,9083 23,0000 
3,200 2060,2052 880,9495 1,3390 588,5734 21,8113 -0,0908 185,4471 0,9071 23,0000 
3,250 2087,4607 891,8464 1,3826 585,6963 21,7666 -0,0926 185,6820 0,9058 23,0000 
3,300 2114,5915 902,6689 1,4269 582,8421 21,7218 -0,0945 185,8863 0,9046 23,0000 
3,350 2141,5988 913,4175 1,4719 580,0107 21,6767 -0,0963 186,0612 0,9034 23,0000 
3,400 2168,4835 924,0928 1,5175 577,2017 21,6313 -0,0982 186,2076 0,9022 23,0000 
3,450 2195,2465 934,6952 1,5638 574,4149 21,5857 -0,1001 186,3265 0,9010 23,0000 
3,500 2221,8889 945,2253 1,6108 571,6501 21,5399 -0,1019 186,4191 0,8998 23,0000 
3,550 2248,4116 955,6835 1,6584 568,9070 21,4939 -0,1038 186,4862 0,8986 23,0000 
3,600 2274,8155 966,0703 1,7067 566,1854 21,4476 -0,1057 186,5288 0,8974 23,0000 
3,650 2301,1017 976,3862 1,7556 563,4850 21,4010 -0,1076 186,5477 0,8962 23,0000 
3,700 2327,2709 986,6317 1,8052 560,8055 21,3543 -0,1095 186,5438 0,8951 23,0000 
3,750 2353,3242 996,8072 1,8554 558,1467 21,3073 -0,1114 186,5180 0,8939 23,0000 
3,800 2379,2625 1006,9132 1,9063 555,5085 21,2600 -0,1134 186,4710 0,8928 23,0000 
3,850 2405,0865 1016,9501 1,9579 552,8904 21,2125 -0,1153 186,4036 0,8917 23,0000 
3,900 2430,7973 1026,9185 2,0100 550,2925 21,1648 -0,1172 186,3166 0,8906 23,0000 
3,950 2456,3957 1036,8187 2,0629 547,7143 21,1168 -0,1192 186,2107 0,8895 23,0000 
4,000 2481,8826 1046,6511 2,1163 545,1556 21,0686 -0,1211 186,0866 0,8884 23,0000 
4,050 2507,2588 1056,4164 2,1704 542,6163 21,0201 -0,1231 185,9449 0,8873 23,0000 
4,100 2532,5251 1066,1147 2,2251 540,0962 20,9714 -0,1251 185,7863 0,8862 23,0000 
4,150 2557,6825 1075,7467 2,2805 537,5950 20,9225 -0,1271 185,6115 0,8851 23,0000 
4,200 2582,7316 1085,3126 2,3365 535,1124 20,8733 -0,1290 185,4210 0,8840 23,0000 
4,250 2607,6734 1094,8130 2,3931 532,6484 20,8239 -0,1310 185,2155 0,8830 23,0000 
4,300 2632,5087 1104,2482 2,4503 530,2027 20,7742 -0,1330 184,9955 0,8819 23,0000 
4,350 2657,2382 1113,6187 2,5081 527,7750 20,7243 -0,1350 184,7615 0,8809 23,0000 
4,400 2681,8627 1122,9248 2,5666 525,3653 20,6741 -0,1370 184,5141 0,8799 23,0000 
4,450 2706,3830 1132,1669 2,6257 522,9732 20,6237 -0,1391 184,2539 0,8788 23,0000 
4,500 2730,7999 1141,3455 2,6854 520,5986 20,5730 -0,1411 183,9812 0,8778 23,0000 
4,550 2755,1141 1150,4609 2,7457 518,2414 20,5221 -0,1431 183,6966 0,8768 23,0000 
4,600 2779,3265 1159,5135 2,8066 515,9012 20,4709 -0,1451 183,4005 0,8758 23,0000 
4,650 2803,4376 1168,5037 2,8681 513,5780 20,4195 -0,1472 183,0934 0,8748 23,0000 
4,700 2827,4484 1177,4319 2,9302 511,2716 20,3678 -0,1492 182,7758 0,8738 23,0000 
4,750 2851,3594 1186,2984 2,9929 508,9817 20,3159 -0,1513 182,4479 0,8729 23,0000 
4,800 2875,1715 1195,1037 3,0562 506,7082 20,2637 -0,1534 182,1104 0,8719 23,0000 
4,850 2898,8853 1203,8480 3,1201 504,4509 20,2113 -0,1554 181,7634 0,8709 23,0000 
4,900 2922,5015 1212,5318 3,1846 502,2097 20,1586 -0,1575 181,4075 0,8700 23,0000 
4,950 2946,0209 1221,1553 3,2497 499,9843 20,1057 -0,1596 181,0429 0,8690 23,0000 
5,000 2969,4441 1229,7190 3,3153 497,7747 20,0525 -0,1617 180,6701 0,8681 23,0000 
5,050 2992,7718 1238,2232 3,3816 495,5806 19,9991 -0,1638 180,2894 0,8671 23,0000 
5,100 3016,0047 1246,6682 3,4484 493,4018 19,9454 -0,1659 179,9011 0,8662 23,0000 
5,150 3039,1434 1255,0545 3,5158 491,2383 19,8915 -0,1680 179,5055 0,8653 23,0000 
5,200 3062,1886 1263,3822 3,5838 489,0899 19,8373 -0,1701 179,1029 0,8644 23,0000 
5,250 3085,1410 1271,6518 3,6524 486,9564 19,7828 -0,1722 178,6937 0,8635 23,0000 
5,300 3108,0012 1279,8636 3,7215 484,8376 19,7281 -0,1743 178,2782 0,8626 23,0000 
5,350 3130,7699 1288,0180 3,7912 482,7334 19,6731 -0,1764 177,8565 0,8617 23,0000 
5,400 3153,4476 1296,1152 3,8614 480,6437 19,6179 -0,1786 177,4290 0,8608 23,0000 
5,450 3176,0350 1304,1555 3,9322 478,5683 19,5624 -0,1807 176,9960 0,8599 23,0000 
5,500 3198,5328 1312,1393 4,0036 476,5071 19,5067 -0,1828 176,5576 0,8591 23,0000 
5,550 3220,9414 1320,0670 4,0756 474,4599 19,4507 -0,1850 176,1142 0,8582 23,0000 
5,600 3243,2616 1327,9387 4,1480 472,4266 19,3944 -0,1872 175,6660 0,8573 23,0000 
5,650 3265,4940 1335,7549 4,2211 470,4070 19,3379 -0,1893 175,2132 0,8565 23,0000 
5,700 3287,6391 1343,5158 4,2947 468,4010 19,2811 -0,1915 174,7561 0,8557 23,0000 
5,750 3309,6975 1351,2217 4,3688 466,4085 19,2240 -0,1936 174,2948 0,8548 23,0000 
5,800 3331,6697 1358,8730 4,4435 464,4294 19,1667 -0,1958 173,8295 0,8540 23,0000 
5,850 3353,5565 1366,4699 4,5187 462,4634 19,1091 -0,1980 173,3605 0,8532 23,0000 
5,900 3375,3583 1374,0127 4,5945 460,5106 19,0513 -0,2002 172,8880 0,8524 23,0000 
5,950 3397,0757 1381,5017 4,6708 458,5707 18,9932 -0,2024 172,4121 0,8515 23,0000 
6,000 3418,7093 1388,9373 4,7476 456,6436 18,9348 -0,2046 171,9330 0,8507 23,0000 
6,050 3440,2596 1396,3196 4,8249 454,7292 18,8762 -0,2068 171,4510 0,8499 23,0000 
6,100 3461,7272 1403,6489 4,9028 452,8275 18,8173 -0,2090 170,9661 0,8492 23,0000 
6,150 3483,1125 1410,9257 4,9812 450,9382 18,7581 -0,2112 170,4785 0,8484 23,0000 
6,200 3504,4163 1418,1500 5,0602 449,0612 18,6987 -0,2134 169,9885 0,8476 23,0000 
6,250 3525,6388 1425,3223 5,1396 447,1964 18,6390 -0,2156 169,4961 0,8468 23,0000 
6,300 3546,7808 1432,4427 5,2196 445,3429 18,5790 -0,2179 169,0015 0,8461 23,0000 
6,350 3567,8426 1439,5115 5,3001 443,5004 18,5187 -0,2201 168,5049 0,8453 23,0000 
6,400 3588,8247 1446,5290 5,3811 441,6690 18,4582 -0,2223 168,0063 0,8445 23,0000 
6,450 3609,7277 1453,4954 5,4626 439,8489 18,3974 -0,2246 167,5059 0,8438 23,0000 
6,500 3630,5519 1460,4110 5,5446 438,0401 18,3364 -0,2268 167,0039 0,8431 23,0000 
6,550 3651,2979 1467,2760 5,6272 436,2427 18,2751 -0,2290 166,5004 0,8423 23,0000 
6,600 3671,9661 1474,0907 5,7102 434,4567 18,2134 -0,2313 165,9954 0,8416 23,0000 
6,650 3692,5571 1480,8554 5,7937 432,6823 18,1516 -0,2336 165,4892 0,8409 23,0000 
6,700 3713,0714 1487,5702 5,8778 430,9193 18,0894 -0,2358 164,9818 0,8401 23,0000 
6,750 3733,5094 1494,2356 5,9623 429,1680 18,0270 -0,2381 164,4733 0,8394 23,0000 
6,800 3753,8717 1500,8516 6,0473 427,4282 17,9643 -0,2403 163,9639 0,8387 23,0000 
6,850 3774,1587 1507,4186 6,1328 425,7002 17,9013 -0,2426 163,4536 0,8380 23,0000 
6,900 3794,3710 1513,9368 6,2188 423,9838 17,8381 -0,2449 162,9426 0,8373 23,0000 
6,950 3814,5091 1520,4064 6,3053 422,2792 17,7745 -0,2472 162,4309 0,8366 23,0000 
7,000 3834,5734 1526,8278 6,3922 420,5863 17,7107 -0,2495 161,9187 0,8360 23,0000 
7,050 3854,5645 1533,2012 6,4797 418,9052 17,6466 -0,2518 161,4060 0,8353 23,0000 
7,100 3874,4829 1539,5268 6,5676 417,2359 17,5823 -0,2541 160,8930 0,8346 23,0000 
7,150 3894,3291 1545,8050 6,6560 415,5784 17,5176 -0,2564 160,3797 0,8339 23,0000 
7,200 3914,1037 1552,0358 6,7449 413,9327 17,4527 -0,2587 159,8662 0,8333 23,0000 
7,250 3933,8070 1558,2196 6,8342 412,2989 17,3875 -0,2610 159,3526 0,8326 23,0000 
7,300 3953,4397 1564,3567 6,9240 410,6768 17,3220 -0,2633 158,8390 0,8320 23,0000 
7,350 3973,0023 1570,4473 7,0143 409,0665 17,2562 -0,2656 158,3255 0,8313 23,0000 
7,400 3992,4952 1576,4916 7,1051 407,4681 17,1902 -0,2679 157,8121 0,8307 23,0000 
7,450 4011,9190 1582,4898 7,1963 405,8815 17,1239 -0,2702 157,2988 0,8301 23,0000 
7,500 4031,2742 1588,4424 7,2880 404,3066 17,0573 -0,2726 156,7859 0,8294 23,0000 
7,550 4050,5613 1594,3493 7,3801 402,7435 16,9904 -0,2749 156,2733 0,8288 23,0000 
7,600 4069,7808 1600,2110 7,4727 401,1921 16,9232 -0,2772 155,7611 0,8282 23,0000 
7,650 4088,9332 1606,0277 7,5658 399,6525 16,8558 -0,2796 155,2493 0,8276 23,0000 
7,700 4108,0191 1611,7996 7,6593 398,1246 16,7880 -0,2819 154,7382 0,8270 23,0000 
7,750 4127,0390 1617,5269 7,7533 396,6084 16,7200 -0,2842 154,2276 0,8264 23,0000 
7,800 4145,9932 1623,2099 7,8477 395,1038 16,6517 -0,2866 153,7176 0,8258 23,0000 
7,850 4164,8825 1628,8488 7,9426 393,6108 16,5832 -0,2889 153,2083 0,8252 23,0000 
7,900 4183,7072 1634,4439 8,0379 392,1294 16,5143 -0,2912 152,6999 0,8246 23,0000 
7,950 4202,4679 1639,9954 8,1336 390,6595 16,4452 -0,2936 152,1922 0,8240 23,0000 
8,000 4221,1650 1645,5034 8,2298 389,2011 16,3758 -0,2959 151,6854 0,8234 23,0000 
8,050 4239,7992 1650,9684 8,3264 387,7536 16,3061 -0,2983 151,1795 0,8228 23,0000 
8,100 4258,3707 1656,3904 8,4235 386,3175 16,2361 -0,3006 150,6745 0,8223 23,0000 
8,150 4276,8802 1661,7697 8,5209 384,8928 16,1658 -0,3029 150,1705 0,8217 23,0000 
8,200 4295,3281 1667,1066 8,6189 383,4793 16,0953 -0,3053 149,6676 0,8211 23,0000 
8,250 4313,7150 1672,4012 8,7172 382,0769 16,0245 -0,3076 149,1658 0,8206 23,0000 
8,300 4332,0412 1677,6538 8,8160 380,6854 15,9533 -0,3100 148,6650 0,8200 23,0000 
8,350 4350,3073 1682,8646 8,9152 379,3047 15,8820 -0,3123 148,1655 0,8195 23,0000 
8,400 4368,5138 1688,0338 9,0148 377,9347 15,8103 -0,3146 147,6671 0,8189 23,0000 
8,450 4386,6610 1693,1616 9,1148 376,5752 15,7383 -0,3169 147,1699 0,8184 23,0000 
8,500 4404,7495 1698,2483 9,2152 375,2263 15,6661 -0,3193 146,6741 0,8179 23,0000 
8,550 4422,7797 1703,2940 9,3160 373,8877 15,5936 -0,3216 146,1795 0,8174 23,0000 
8,600 4440,7520 1708,2989 9,4173 372,5593 15,5208 -0,3239 145,6862 0,8168 23,0000 
8,650 4458,6670 1713,2633 9,5189 371,2412 15,4478 -0,3262 145,1942 0,8163 23,0000 
8,700 4476,5249 1718,1873 9,6210 369,9332 15,3744 -0,3285 144,7037 0,8158 23,0000 
8,750 4494,3264 1723,0712 9,7234 368,6352 15,3008 -0,3308 144,2145 0,8153 23,0000 
8,800 4512,0717 1727,9152 9,8262 367,3472 15,2269 -0,3331 143,7268 0,8148 23,0000 
8,850 4529,7614 1732,7194 9,9294 366,0692 15,1527 -0,3354 143,2405 0,8143 23,0000 
8,900 4547,3958 1737,4840 10,0330 364,8010 15,0782 -0,3377 142,7557 0,8138 23,0000 
8,950 4564,9755 1742,2093 10,1370 363,5426 15,0035 -0,3400 142,2724 0,8133 23,0000 
9,000 4582,5007 1746,8954 10,2413 362,2940 14,9284 -0,3422 141,7906 0,8128 23,0000 
9,050 4599,9720 1751,5425 10,3460 361,0551 14,8531 -0,3445 141,3104 0,8123 23,0000 
9,100 4617,3897 1756,1508 10,4511 359,8259 14,7776 -0,3468 140,8316 0,8118 23,0000 
9,150 4634,7543 1760,7205 10,5565 358,6063 14,7017 -0,3490 140,3545 0,8114 23,0000 
9,200 4652,0662 1765,2518 10,6623 357,3963 14,6256 -0,3512 139,8790 0,8109 23,0000 
9,250 4669,3258 1769,7449 10,7685 356,1958 14,5491 -0,3534 139,4050 0,8104 23,0000 
9,300 4686,5334 1774,1999 10,8749 355,0049 14,4724 -0,3556 138,9327 0,8100 23,0000 
9,350 4703,6897 1778,6170 10,9817 353,8234 14,3955 -0,3578 138,4620 0,8095 23,0000 
9,400 4720,7948 1782,9964 11,0889 352,6515 14,3182 -0,3600 137,9930 0,8091 23,0000 
9,450 4737,8493 1787,3384 11,1964 351,4889 14,2407 -0,3622 137,5256 0,8086 23,0000 
9,500 4754,8535 1791,6430 11,3042 350,3358 14,1629 -0,3643 137,0599 0,8082 23,0000 
9,550 4771,8079 1795,9105 11,4123 349,1920 14,0848 -0,3665 136,5959 0,8077 23,0000 
9,600 4788,7128 1800,1409 11,5207 348,0575 14,0065 -0,3686 136,1336 0,8073 23,0000 
9,650 4805,5687 1804,3346 11,6295 346,9324 13,9279 -0,3707 135,6729 0,8068 23,0000 
9,700 4822,3759 1808,4917 11,7385 345,8166 13,8490 -0,3728 135,2141 0,8064 23,0000 
9,750 4839,1349 1812,6123 11,8479 344,7101 13,7698 -0,3748 134,7569 0,8060 23,0000 
9,800 4855,8461 1816,6966 11,9575 343,6128 13,6904 -0,3769 134,3015 0,8056 23,0000 
9,850 4872,5099 1820,7448 12,0674 342,5247 13,6107 -0,3789 133,8478 0,8052 23,0000 
9,900 4889,1266 1824,7570 12,1776 341,4458 13,5307 -0,3809 133,3958 0,8047 23,0000 
9,950 4905,6967 1828,7335 12,2880 340,3761 13,4504 -0,3829 132,9456 0,8043 23,0000 
10,000 4922,2205 1832,6744 12,3987 339,3185 13,3699 -0,3849 132,4972 0,8039 23,0000 
10,050 4938,6989 1836,5799 12,5097 338,2771 13,2891 -0,3868 132,0506 0,8035 23,0000 
10,100 4955,1324 1840,4503 12,6209 337,2519 13,2080 -0,3888 131,6058 0,8031 23,0000 
10,150 4971,5219 1844,2857 12,7324 336,2427 13,1267 -0,3907 131,1627 0,8027 23,0000 
10,200 4987,8681 1848,0866 12,8441 335,2494 13,0451 -0,3926 130,7215 0,8023 23,0000 
10,250 5004,1717 1851,8530 12,9561 334,2718 12,9633 -0,3944 130,2822 0,8019 23,0000 
10,300 5020,4334 1855,5853 13,0683 333,3098 12,8812 -0,3963 129,8446 0,8016 23,0000 
10,350 5036,6539 1859,2836 13,1808 332,3632 12,7988 -0,3981 129,4090 0,8012 23,0000 
10,400 5052,8339 1862,9481 13,2934 331,4316 12,7162 -0,3999 128,9752 0,8008 23,0000 
10,450 5068,9741 1866,5792 13,4063 330,5148 12,6334 -0,4017 128,5433 0,8004 23,0000 
10,500 5085,0752 1870,1769 13,5195 329,6126 12,5503 -0,4034 128,1133 0,8001 23,0000 
10,550 5101,1377 1873,7416 13,6328 328,7247 12,4669 -0,4052 127,6851 0,7997 23,0000 
10,600 5117,1625 1877,2734 13,7464 327,8508 12,3833 -0,4069 127,2589 0,7993 23,0000 
10,650 5133,1500 1880,7724 13,8602 326,9906 12,2994 -0,4087 126,8346 0,7990 23,0000 
10,700 5149,1010 1884,2390 13,9742 326,1437 12,2153 -0,4104 126,4121 0,7986 23,0000 
10,750 5165,0160 1887,6733 14,0884 325,3100 12,1310 -0,4121 125,9916 0,7983 23,0000 
10,800 5180,8955 1891,0754 14,2029 324,4890 12,0464 -0,4138 125,5730 0,7979 23,0000 
10,850 5196,7402 1894,4456 14,3176 323,6806 11,9616 -0,4155 125,1563 0,7976 23,0000 
10,900 5212,5507 1897,7840 14,4325 322,8843 11,8766 -0,4172 124,7416 0,7972 23,0000 
10,950 5228,3274 1901,0907 14,5476 322,0998 11,7913 -0,4189 124,3287 0,7969 23,0000 
11,000 5244,0709 1904,3661 14,6629 321,3269 11,7058 -0,4206 123,9178 0,7966 23,0000 
11,050 5259,7817 1907,6101 14,7785 320,5652 11,6201 -0,4223 123,5088 0,7962 23,0000 
11,100 5275,4603 1910,8230 14,8943 319,8144 11,5342 -0,4240 123,1017 0,7959 23,0000 
11,150 5291,1072 1914,0049 15,0103 319,0743 11,4480 -0,4256 122,6965 0,7956 23,0000 
11,200 5306,7229 1917,1560 15,1265 318,3445 11,3616 -0,4273 122,2932 0,7953 23,0000 
11,250 5322,3077 1920,2763 15,2430 317,6247 11,2750 -0,4289 121,8919 0,7949 23,0000 
11,300 5337,8622 1923,3661 15,3597 316,9147 11,1881 -0,4306 121,4924 0,7946 23,0000 
11,350 5353,3868 1926,4255 15,4766 316,2142 11,1011 -0,4322 121,0949 0,7943 23,0000 
11,400 5368,8818 1929,4546 15,5937 315,5228 11,0138 -0,4339 120,6992 0,7940 23,0000 
11,450 5384,3478 1932,4535 15,7110 314,8404 10,9263 -0,4355 120,3054 0,7937 23,0000 
11,500 5399,7850 1935,4223 15,8286 314,1666 10,8387 -0,4371 119,9135 0,7934 23,0000 
11,550 5415,1938 1938,3612 15,9463 313,5011 10,7508 -0,4387 119,5235 0,7931 23,0000 
11,600 5430,5747 1941,2703 16,0643 312,8438 10,6626 -0,4403 119,1354 0,7928 23,0000 
11,650 5445,9279 1944,1497 16,1825 312,1943 10,5743 -0,4419 118,7491 0,7925 23,0000 
11,700 5461,2538 1946,9995 16,3010 311,5524 10,4858 -0,4435 118,3647 0,7922 23,0000 
11,750 5476,5527 1949,8197 16,4196 310,9179 10,3971 -0,4451 117,9822 0,7919 23,0000 
11,800 5491,8249 1952,6106 16,5385 310,2909 10,3081 -0,4467 117,6015 0,7916 23,0000 
11,850 5507,0707 1955,3722 16,6576 309,6709 10,2190 -0,4483 117,2226 0,7914 23,0000 
11,900 5522,2905 1958,1046 16,7769 309,0578 10,1297 -0,4499 116,8456 0,7911 23,0000 
11,950 5537,4846 1960,8078 16,8964 308,4514 10,0402 -0,4515 116,4704 0,7908 23,0000 
12,000 5552,6531 1963,4821 17,0161 307,8513 9,9504 -0,4531 116,0970 0,7905 23,0000 
12,050 5567,7964 1966,1274 17,1361 307,2573 9,8605 -0,4546 115,7254 0,7903 23,0000 
12,100 5582,9147 1968,7439 17,2562 306,6694 9,7704 -0,4562 115,3556 0,7900 23,0000 
12,150 5598,0083 1971,3316 17,3766 306,0872 9,6801 -0,4578 114,9876 0,7897 23,0000 
12,200 5613,0774 1973,8907 17,4972 305,5106 9,5896 -0,4593 114,6214 0,7895 23,0000 
12,250 5628,1223 1976,4211 17,6181 304,9394 9,4989 -0,4609 114,2570 0,7892 23,0000 
12,300 5643,1430 1978,9230 17,7391 304,3735 9,4080 -0,4624 113,8943 0,7890 23,0000 
12,350 5658,1400 1981,3965 17,8603 303,8127 9,3169 -0,4640 113,5334 0,7887 23,0000 
12,400 5673,1133 1983,8416 17,9818 303,2568 9,2256 -0,4655 113,1743 0,7885 23,0000 
12,450 5688,0632 1986,2584 18,1035 302,7058 9,1342 -0,4671 112,8168 0,7882 23,0000 
12,500 5702,9898 1988,6470 18,2253 302,1595 9,0425 -0,4686 112,4611 0,7880 23,0000 
12,550 5717,8933 1991,0074 18,3474 301,6177 8,9507 -0,4701 112,1071 0,7877 23,0000 
12,600 5732,7740 1993,3397 18,4697 301,0803 8,8587 -0,4717 111,7549 0,7875 23,0000 
12,650 5747,6320 1995,6440 18,5923 300,5473 8,7665 -0,4732 111,4043 0,7873 23,0000 
12,700 5762,4674 1997,9203 18,7150 300,0185 8,6741 -0,4747 111,0554 0,7870 23,0000 
12,750 5777,2804 2000,1687 18,8379 299,4939 8,5815 -0,4763 110,7082 0,7868 23,0000 
12,800 5792,0712 2002,3893 18,9611 298,9732 8,4888 -0,4778 110,3626 0,7866 23,0000 
12,850 5806,8399 2004,5820 19,0844 298,4565 8,3958 -0,4793 110,0188 0,7864 23,0000 
12,900 5821,5867 2006,7471 19,2080 297,9436 8,3027 -0,4808 109,6765 0,7861 23,0000 
12,950 5836,3117 2008,8845 19,3317 297,4345 8,2094 -0,4823 109,3359 0,7859 23,0000 
13,000 5851,0151 2010,9942 19,4557 296,9290 8,1159 -0,4838 108,9970 0,7857 23,0000 
13,050 5865,6970 2013,0764 19,5799 296,4272 8,0223 -0,4853 108,6597 0,7855 23,0000 
13,100 5880,3574 2015,1311 19,7043 295,9289 7,9285 -0,4869 108,3239 0,7853 23,0000 
13,150 5894,9967 2017,1584 19,8289 295,4340 7,8345 -0,4884 107,9898 0,7851 23,0000 
13,200 5909,6148 2019,1582 19,9537 294,9426 7,7403 -0,4899 107,6573 0,7849 23,0000 
13,250 5924,2119 2021,1308 20,0787 294,4544 7,6459 -0,4914 107,3263 0,7847 23,0000 
13,300 5938,7882 2023,0760 20,2039 293,9696 7,5514 -0,4929 106,9969 0,7845 23,0000 
13,350 5953,3436 2024,9940 20,3293 293,4880 7,4567 -0,4943 106,6691 0,7843 23,0000 
13,400 5967,8785 2026,8848 20,4549 293,0096 7,3618 -0,4958 106,3429 0,7841 23,0000 
13,450 5982,3928 2028,7485 20,5807 292,5343 7,2667 -0,4973 106,0181 0,7839 23,0000 
13,500 5996,8866 2030,5851 20,7067 292,0621 7,1715 -0,4988 105,6949 0,7837 23,0000 
13,550 6011,3602 2032,3946 20,8329 291,5929 7,0761 -0,5003 105,3733 0,7835 23,0000 
13,600 6025,8135 2034,1771 20,9592 291,1267 6,9805 -0,5018 105,0531 0,7834 23,0000 
13,650 6040,2468 2035,9327 21,0858 290,6635 6,8848 -0,5033 104,7345 0,7832 23,0000 
13,700 6054,6600 2037,6614 21,2126 290,2032 6,7889 -0,5048 104,4174 0,7830 23,0000 
13,750 6069,0533 2039,3633 21,3396 289,7457 6,6928 -0,5062 104,1017 0,7828 23,0000 
13,800 6083,4268 2041,0383 21,4668 289,2912 6,5966 -0,5077 103,7875 0,7827 23,0000 
13,850 6097,7806 2042,6866 21,5942 288,8394 6,5002 -0,5092 103,4748 0,7825 23,0000 
13,900 6112,1148 2044,3082 21,7218 288,3904 6,4036 -0,5107 103,1636 0,7823 23,0000 
13,950 6126,4294 2045,9031 21,8495 287,9442 6,3068 -0,5121 102,8538 0,7822 23,0000 
14,000 6140,7246 2047,4713 21,9775 287,5007 6,2099 -0,5136 102,5454 0,7820 23,0000 
14,050 6155,0005 2049,0130 22,1056 287,0600 6,1128 -0,5151 102,2385 0,7819 23,0000 
14,100 6169,2571 2050,5282 22,2340 286,6219 6,0156 -0,5165 101,9330 0,7817 23,0000 
14,150 6183,4946 2052,0168 22,3625 286,1865 5,9182 -0,5180 101,6289 0,7816 23,0000 
14,200 6197,7129 2053,4790 22,4913 285,7537 5,8206 -0,5195 101,3263 0,7814 23,0000 
14,250 6211,9123 2054,9147 22,6202 285,3236 5,7229 -0,5209 101,0250 0,7813 23,0000 
14,300 6226,0928 2056,3241 22,7493 284,8961 5,6250 -0,5224 100,7251 0,7811 23,0000 
14,350 6240,2544 2057,7072 22,8786 284,4712 5,5269 -0,5238 100,4266 0,7810 23,0000 
14,400 6254,3974 2059,0640 23,0081 284,0488 5,4287 -0,5253 100,1295 0,7809 23,0000 
14,450 6268,5216 2060,3945 23,1378 283,6290 5,3303 -0,5268 99,8337 0,7807 23,0000 
14,500 6282,6273 2061,6988 23,2676 283,2118 5,2317 -0,5282 99,5393 0,7806 23,0000 
14,550 6296,7145 2062,9770 23,3977 282,7971 5,1330 -0,5297 99,2462 0,7805 23,0000 
14,600 6310,7833 2064,2290 23,5279 282,3850 5,0342 -0,5311 98,9545 0,7803 23,0000 
14,650 6324,8338 2065,4549 23,6584 281,9754 4,9352 -0,5326 98,6641 0,7802 23,0000 
14,700 6338,8660 2066,6548 23,7890 281,5685 4,8360 -0,5340 98,3750 0,7801 23,0000 
14,750 6352,8801 2067,8287 23,9198 281,1639 4,7367 -0,5355 98,0873 0,7800 23,0000 
14,800 6366,8761 2068,9766 24,0508 280,7616 4,6372 -0,5369 97,8008 0,7799 23,0000 
14,850 6380,8541 2070,0985 24,1819 280,3617 4,5376 -0,5384 97,5157 0,7798 23,0000 
14,900 6394,8141 2071,1946 24,3133 279,9641 4,4378 -0,5398 97,2318 0,7796 23,0000 
14,950 6408,7563 2072,2648 24,4448 279,5688 4,3378 -0,5413 96,9492 0,7795 23,0000 
15,000 6422,6806 2073,3092 24,5766 279,1758 4,2377 -0,5427 96,6679 0,7794 23,0000 
15,050 6436,5872 2074,3278 24,7085 278,7850 4,1375 -0,5442 96,3879 0,7793 23,0000 
15,100 6450,4762 2075,3206 24,8406 278,3965 4,0371 -0,5456 96,1091 0,7792 23,0000 
15,150 6464,3475 2076,2877 24,9728 278,0103 3,9365 -0,5470 95,8316 0,7791 23,0000 
15,200 6478,2014 2077,2292 25,1053 277,6263 3,8358 -0,5485 95,5553 0,7790 23,0000 
15,250 6492,0377 2078,1450 25,2379 277,2445 3,7350 -0,5499 95,2802 0,7789 23,0000 
15,300 6505,8566 2079,0352 25,3707 276,8649 3,6340 -0,5514 95,0064 0,7789 23,0000 
15,350 6519,6583 2079,8998 25,5037 276,4875 3,5328 -0,5528 94,7338 0,7788 23,0000 
15,400 6533,4426 2080,7389 25,6369 276,1122 3,4315 -0,5542 94,4625 0,7787 23,0000 
15,450 6547,2097 2081,5525 25,7702 275,7392 3,3301 -0,5557 94,1923 0,7786 23,0000 
15,500 6560,9597 2082,3406 25,9038 275,3683 3,2285 -0,5571 93,9233 0,7785 23,0000 
15,550 6574,6926 2083,1033 26,0375 274,9995 3,1267 -0,5586 93,6555 0,7784 23,0000 
15,600 6588,4084 2083,8406 26,1714 274,6329 3,0249 -0,5600 93,3889 0,7784 23,0000 
15,650 6602,1073 2084,5526 26,3054 274,2684 2,9228 -0,5614 93,1235 0,7783 23,0000 
15,700 6615,7893 2085,2392 26,4397 273,9060 2,8207 -0,5629 92,8593 0,7782 23,0000 
15,750 6629,4545 2085,9005 26,5741 273,5457 2,7184 -0,5643 92,5962 0,7782 23,0000 
15,800 6643,1029 2086,5365 26,7087 273,1875 2,6159 -0,5657 92,3343 0,7781 23,0000 
15,850 6656,7345 2087,1473 26,8434 272,8314 2,5133 -0,5672 92,0735 0,7780 23,0000 
15,900 6670,3495 2087,7329 26,9784 272,4773 2,4106 -0,5686 91,8139 0,7780 23,0000 
15,950 6683,9479 2088,2934 27,1135 272,1253 2,3077 -0,5700 91,5554 0,7779 23,0000 
16,000 6697,5298 2088,8287 27,2488 271,7753 2,2047 -0,5714 91,2980 0,7779 23,0000 
16,050 6711,0951 2089,3389 27,3843 271,4274 2,1016 -0,5729 91,0418 0,7778 23,0000 
16,100 6724,6440 2089,8241 27,5199 271,0815 1,9983 -0,5743 90,7867 0,7778 23,0000 
16,150 6738,1765 2090,2842 27,6557 270,7376 1,8949 -0,5757 90,5326 0,7777 23,0000 
16,200 6751,6927 2090,7193 27,7917 270,3957 1,7913 -0,5772 90,2797 0,7777 23,0000 
16,250 6765,1927 2091,1294 27,9279 270,0558 1,6876 -0,5786 90,0279 0,7776 23,0000 
16,300 6778,6764 2091,5146 28,0642 269,7178 1,5838 -0,5800 89,7772 0,7776 23,0000 
16,350 6792,1439 2091,8749 28,2007 269,3819 1,4798 -0,5814 89,5276 0,7776 23,0000 
16,400 6805,5954 2092,2103 28,3374 269,0479 1,3757 -0,5829 89,2790 0,7775 23,0000 
16,450 6819,0308 2092,5209 28,4743 268,7158 1,2715 -0,5843 89,0315 0,7775 23,0000 
16,500 6832,4501 2092,8066 28,6113 268,3857 1,1672 -0,5857 88,7851 0,7775 23,0000 
16,550 6845,8536 2093,0676 28,7485 268,0576 1,0627 -0,5871 88,5397 0,7774 23,0000 
16,600 6859,2411 2093,3038 28,8858 267,7313 0,9581 -0,5886 88,2954 0,7774 23,0000 
16,650 6872,6128 2093,5153 29,0234 267,4070 0,8533 -0,5900 88,0522 0,7774 23,0000 
16,700 6885,9687 2093,7020 29,1611 267,0846 0,7484 -0,5914 87,8099 0,7774 23,0000 
16,750 6899,3088 2093,8641 29,2989 266,7641 0,6434 -0,5928 87,5688 0,7774 23,0000 
16,800 6912,6332 2094,0016 29,4370 266,4454 0,5383 -0,5943 87,3286 0,7774 23,0000 
16,850 6925,9420 2094,1145 29,5752 266,1287 0,4331 -0,5957 87,0895 0,7773 23,0000 
16,900 6939,2351 2094,2028 29,7135 265,8138 0,3277 -0,5971 86,8513 0,7773 23,0000 
16,950 6952,5128 2094,2665 29,8521 265,5008 0,2222 -0,5985 86,6142 0,7773 23,0000 
17,000 6965,7749 2094,3057 29,9908 265,1896 0,1166 -0,6000 86,3781 0,7773 23,0000 
17,050 6979,0215 2094,3205 30,1297 264,8803 0,0108 -0,6014 86,1430 0,7773 23,0000 
17,100 6992,2528 2094,3107 30,2687 264,5729 -0,0951 -0,6029 85,9089 0,7773 23,0000 
17,150 7005,4686 2094,2766 30,4080 264,2672 -0,2011 -0,6043 85,6758 0,7773 23,0000 
17,200 7018,6692 2094,2180 30,5474 263,9634 -0,3072 -0,6058 85,4437 0,7773 23,0000 
17,250 7031,8545 2094,1351 30,6870 263,6614 -0,4134 -0,6072 85,2125 0,7773 23,0000 
17,300 7045,0245 2094,0278 30,8267 263,3612 -0,5197 -0,6087 84,9823 0,7773 23,0000 
17,350 7058,1794 2093,8962 30,9666 263,0628 -0,6262 -0,6101 84,7531 0,7774 23,0000 
17,400 7071,3191 2093,7403 31,1067 262,7661 -0,7328 -0,6116 84,5248 0,7774 23,0000 
17,450 7084,4437 2093,5601 31,2470 262,4713 -0,8395 -0,6130 84,2975 0,7774 23,0000 
17,500 7097,5533 2093,3557 31,3874 262,1782 -0,9463 -0,6145 84,0712 0,7774 23,0000 
17,550 7110,6479 2093,1271 31,5281 261,8869 -1,0532 -0,6160 83,8458 0,7774 23,0000 
17,600 7123,7275 2092,8744 31,6688 261,5974 -1,1603 -0,6174 83,6213 0,7775 23,0000 
17,650 7136,7921 2092,5974 31,8098 261,3096 -1,2674 -0,6189 83,3978 0,7775 23,0000 
17,700 7149,8419 2092,2964 31,9509 261,0236 -1,3747 -0,6203 83,1752 0,7775 23,0000 
17,750 7162,8769 2091,9712 32,0922 260,7393 -1,4821 -0,6218 82,9535 0,7776 23,0000 
17,800 7175,8971 2091,6220 32,2337 260,4567 -1,5896 -0,6232 82,7327 0,7776 23,0000 
17,850 7188,9025 2091,2487 32,3753 260,1759 -1,6972 -0,6247 82,5129 0,7776 23,0000 
17,900 7201,8932 2090,8515 32,5171 259,8967 -1,8049 -0,6261 82,2939 0,7777 23,0000 
17,950 7214,8692 2090,4302 32,6591 259,6193 -1,9127 -0,6276 82,0759 0,7777 23,0000 
18,000 7227,8306 2089,9850 32,8012 259,3436 -2,0206 -0,6290 81,8588 0,7778 23,0000 
18,050 7240,7774 2089,5158 32,9435 259,0695 -2,1286 -0,6305 81,6425 0,7778 23,0000 
18,100 7253,7096 2089,0227 33,0860 258,7972 -2,2367 -0,6319 81,4272 0,7779 23,0000 
18,150 7266,6274 2088,5057 33,2287 258,5266 -2,3450 -0,6334 81,2127 0,7779 23,0000 
18,200 7279,5306 2087,9649 33,3715 258,2576 -2,4533 -0,6349 80,9991 0,7780 23,0000 
18,250 7292,4194 2087,4003 33,5145 257,9903 -2,5618 -0,6363 80,7864 0,7780 23,0000 
18,300 7305,2938 2086,8118 33,6576 257,7246 -2,6703 -0,6378 80,5746 0,7781 23,0000 
18,350 7318,1539 2086,1996 33,8009 257,4606 -2,7789 -0,6392 80,3636 0,7781 23,0000 
18,400 7330,9996 2085,5636 33,9444 257,1982 -2,8877 -0,6407 80,1535 0,7782 23,0000 
18,450 7343,8310 2084,9039 34,0881 256,9375 -2,9965 -0,6421 79,9442 0,7783 23,0000 
18,500 7356,6482 2084,2205 34,2319 256,6785 -3,1055 -0,6436 79,7358 0,7783 23,0000 
18,550 7369,4512 2083,5134 34,3759 256,4210 -3,2145 -0,6450 79,5282 0,7784 23,0000 
18,600 7382,2400 2082,7826 34,5200 256,1652 -3,3236 -0,6465 79,3215 0,7785 23,0000 
18,650 7395,0147 2082,0282 34,6643 255,9110 -3,4328 -0,6480 79,1156 0,7786 23,0000 
18,700 7407,7752 2081,2503 34,8088 255,6584 -3,5422 -0,6494 78,9106 0,7786 23,0000 
18,750 7420,5217 2080,4487 34,9534 255,4074 -3,6516 -0,6509 78,7064 0,7787 23,0000 
18,800 7433,2542 2079,6236 35,0982 255,1580 -3,7611 -0,6523 78,5030 0,7788 23,0000 
18,850 7445,9726 2078,7750 35,2432 254,9102 -3,8707 -0,6538 78,3004 0,7789 23,0000 
18,900 7458,6771 2077,9029 35,3884 254,6640 -3,9803 -0,6552 78,0987 0,7790 23,0000 
18,950 7471,3677 2077,0073 35,5337 254,4194 -4,0901 -0,6567 77,8977 0,7791 23,0000 
19,000 7484,0443 2076,0882 35,6791 254,1763 -4,2000 -0,6582 77,6976 0,7791 23,0000 
19,050 7496,7071 2075,1457 35,8247 253,9349 -4,3099 -0,6596 77,4983 0,7792 23,0000 
19,100 7509,3561 2074,1799 35,9705 253,6949 -4,4200 -0,6611 77,2997 0,7793 23,0000 
19,150 7521,9913 2073,1906 36,1165 253,4566 -4,5301 -0,6625 77,1020 0,7794 23,0000 
19,200 7534,6127 2072,1780 36,2626 253,2198 -4,6403 -0,6640 76,9050 0,7795 23,0000 
19,250 7547,2203 2071,1421 36,4089 252,9845 -4,7506 -0,6655 76,7089 0,7796 23,0000 
19,300 7559,8143 2070,0828 36,5553 252,7508 -4,8610 -0,6669 76,5135 0,7798 23,0000 
19,350 7572,3946 2069,0003 36,7019 252,5186 -4,9714 -0,6684 76,3189 0,7799 23,0000 
19,400 7584,9613 2067,8945 36,8487 252,2879 -5,0820 -0,6698 76,1251 0,7800 23,0000 
19,450 7597,5144 2066,7655 36,9956 252,0588 -5,1926 -0,6713 75,9320 0,7801 23,0000 
19,500 7610,0539 2065,6133 37,1427 251,8311 -5,3033 -0,6728 75,7397 0,7802 23,0000 
19,550 7622,5799 2064,4379 37,2899 251,6050 -5,4141 -0,6742 75,5482 0,7803 23,0000 
19,600 7635,0923 2063,2394 37,4373 251,3804 -5,5249 -0,6757 75,3575 0,7804 23,0000 
19,650 7647,5913 2062,0177 37,5849 251,1573 -5,6358 -0,6771 75,1674 0,7806 23,0000 
19,700 7660,0768 2060,7729 37,7326 250,9357 -5,7469 -0,6786 74,9782 0,7807 23,0000 
19,750 7672,5489 2059,5050 37,8805 250,7156 -5,8579 -0,6801 74,7897 0,7808 23,0000 
19,800 7685,0077 2058,2140 38,0285 250,4970 -5,9691 -0,6815 74,6019 0,7809 23,0000 
19,850 7697,4530 2056,9000 38,1767 250,2799 -6,0803 -0,6830 74,4149 0,7811 23,0000 
19,900 7709,8851 2055,5630 38,3251 250,0642 -6,1916 -0,6844 74,2286 0,7812 23,0000 
19,950 7722,3038 2054,2030 38,4736 249,8500 -6,3030 -0,6859 74,0431 0,7814 23,0000 
20,000 7734,7093 2052,8200 38,6223 249,6373 -6,4144 -0,6874 73,8582 0,7815 23,0000 
20,050 7747,1015 2051,4141 38,7711 249,4260 -6,5259 -0,6888 73,6741 0,7816 23,0000 
20,100 7759,4805 2049,9852 38,9201 249,2162 -6,6375 -0,6903 73,4908 0,7818 23,0000 
20,150 7771,8463 2048,5334 39,0693 249,0078 -6,7491 -0,6918 73,3081 0,7819 23,0000 
20,200 7784,1990 2047,0588 39,2186 248,8009 -6,8608 -0,6932 73,1262 0,7821 23,0000 
20,250 7796,5385 2045,5613 39,3680 248,5954 -6,9726 -0,6947 72,9449 0,7822 23,0000 
20,300 7808,8649 2044,0410 39,5177 248,3914 -7,0845 -0,6961 72,7644 0,7824 23,0000 
20,350 7821,1783 2042,4979 39,6674 248,1887 -7,1963 -0,6976 72,5846 0,7825 23,0000 
20,400 7833,4786 2040,9319 39,8174 247,9875 -7,3083 -0,6991 72,4055 0,7827 23,0000 
20,450 7845,7659 2039,3433 39,9674 247,7878 -7,4203 -0,7005 72,2271 0,7828 23,0000 
20,500 7858,0402 2037,7318 40,1177 247,5894 -7,5324 -0,7020 72,0494 0,7830 23,0000 
20,550 7870,3015 2036,0977 40,2681 247,3925 -7,6445 -0,7035 71,8723 0,7832 23,0000 
20,600 7882,5499 2034,4409 40,4186 247,1969 -7,7567 -0,7049 71,6960 0,7833 23,0000 
20,650 7894,7853 2032,7613 40,5693 247,0028 -7,8690 -0,7064 71,5203 0,7835 23,0000 
20,700 7907,0079 2031,0592 40,7202 246,8100 -7,9813 -0,7079 71,3454 0,7837 23,0000 
20,750 7919,2176 2029,3344 40,8712 246,6187 -8,0937 -0,7093 71,1711 0,7839 23,0000 
20,800 7931,4145 2027,5870 41,0224 246,4287 -8,2061 -0,7108 70,9974 0,7840 23,0000 
20,850 7943,5985 2025,8170 41,1737 246,2402 -8,3186 -0,7123 70,8245 0,7842 23,0000 
20,900 7955,7698 2024,0245 41,3251 246,0529 -8,4311 -0,7137 70,6522 0,7844 23,0000 
20,950 7967,9283 2022,2094 41,4768 245,8671 -8,5437 -0,7152 70,4806 0,7846 23,0000 
21,000 7980,0741 2020,3718 41,6285 245,6827 -8,6563 -0,7167 70,3096 0,7848 23,0000 
21,050 7992,2071 2018,5117 41,7805 245,4996 -8,7690 -0,7181 70,1393 0,7850 23,0000 
21,100 8004,3275 2016,6292 41,9325 245,3178 -8,8817 -0,7196 69,9697 0,7851 23,0000 
21,150 8016,4352 2014,7242 42,0848 245,1374 -8,9944 -0,7211 69,8007 0,7853 23,0000 
21,200 8028,5302 2012,7967 42,2371 244,9584 -9,1073 -0,7225 69,6324 0,7855 23,0000 
21,250 8040,6127 2010,8469 42,3897 244,7807 -9,2201 -0,7240 69,4647 0,7857 23,0000 
21,300 8052,6825 2008,8747 42,5423 244,6043 -9,3330 -0,7255 69,2976 0,7859 23,0000 
21,350 8064,7398 2006,8801 42,6952 244,4293 -9,4460 -0,7269 69,1312 0,7861 23,0000 
21,400 8076,7845 2004,8632 42,8482 244,2556 -9,5589 -0,7284 68,9655 0,7863 23,0000 
21,450 8088,8167 2002,8239 43,0013 244,0833 -9,6720 -0,7299 68,8003 0,7865 23,0000 
21,500 8100,8364 2000,7624 43,1546 243,9123 -9,7850 -0,7313 68,6358 0,7867 23,0000 
21,550 8112,8436 1998,6786 43,3080 243,7425 -9,8981 -0,7328 68,4720 0,7870 23,0000 
21,600 8124,8383 1996,5726 43,4616 243,5741 -10,0113 -0,7343 68,3087 0,7872 23,0000 
21,650 8136,8206 1994,4443 43,6153 243,4070 -10,1245 -0,7358 68,1461 0,7874 23,0000 
21,700 8148,7905 1992,2938 43,7692 243,2413 -10,2377 -0,7372 67,9841 0,7876 23,0000 
21,750 8160,7480 1990,1211 43,9232 243,0768 -10,3509 -0,7387 67,8227 0,7878 23,0000 
21,800 8172,6932 1987,9263 44,0773 242,9136 -10,4642 -0,7402 67,6620 0,7880 23,0000 
21,850 8184,6260 1985,7093 44,2317 242,7517 -10,5775 -0,7416 67,5018 0,7883 23,0000 
21,900 8196,5464 1983,4702 44,3861 242,5911 -10,6909 -0,7431 67,3423 0,7885 23,0000 
21,950 8208,4546 1981,2090 44,5407 242,4317 -10,8043 -0,7446 67,1833 0,7887 23,0000 
22,000 8220,3504 1978,9257 44,6955 242,2737 -10,9177 -0,7461 67,0250 0,7890 23,0000 
22,050 8232,2340 1976,6204 44,8504 242,1169 -11,0311 -0,7475 66,8673 0,7892 23,0000 
22,100 8244,1054 1974,2930 45,0054 241,9614 -11,1446 -0,7490 66,7102 0,7894 23,0000 
22,150 8255,9645 1971,9436 45,1606 241,8072 -11,2581 -0,7505 66,5536 0,7897 23,0000 
22,200 8267,8114 1969,5722 45,3159 241,6542 -11,3716 -0,7519 66,3977 0,7899 23,0000 
22,250 8279,6462 1967,1789 45,4714 241,5025 -11,4851 -0,7534 66,2424 0,7902 23,0000 
22,300 8291,4688 1964,7636 45,6270 241,3520 -11,5987 -0,7549 66,0876 0,7904 23,0000 
22,350 8303,2792 1962,3264 45,7828 241,2028 -11,7123 -0,7564 65,9334 0,7906 23,0000 
22,400 8315,0775 1959,8673 45,9387 241,0548 -11,8259 -0,7578 65,7799 0,7909 23,0000 
22,450 8326,8637 1957,3862 46,0948 240,9081 -11,9395 -0,7593 65,6269 0,7912 23,0000 
22,500 8338,6379 1954,8834 46,2510 240,7626 -12,0532 -0,7608 65,4744 0,7914 23,0000 
22,550 8350,3999 1952,3587 46,4073 240,6184 -12,1668 -0,7623 65,3226 0,7917 23,0000 
22,600 8362,1500 1949,8121 46,5638 240,4753 -12,2805 -0,7637 65,1713 0,7919 23,0000 
22,650 8373,8879 1947,2438 46,7204 240,3335 -12,3942 -0,7652 65,0206 0,7922 23,0000 
22,700 8385,6139 1944,6537 46,8772 240,1930 -12,5079 -0,7667 64,8705 0,7924 23,0000 
22,750 8397,3279 1942,0418 47,0341 240,0536 -12,6217 -0,7682 64,7209 0,7927 23,0000 
22,800 8409,0299 1939,4082 47,1911 239,9154 -12,7354 -0,7696 64,5719 0,7930 23,0000 
22,850 8420,7200 1936,7529 47,3483 239,7785 -12,8492 -0,7711 64,4235 0,7933 23,0000 
22,900 8432,3981 1934,0759 47,5057 239,6427 -12,9630 -0,7726 64,2756 0,7935 23,0000 
22,950 8444,0644 1931,3772 47,6631 239,5082 -13,0767 -0,7741 64,1283 0,7938 23,0000 
23,000 8455,7187 1928,6569 47,8207 239,3748 -13,1905 -0,7755 63,9815 0,7941 23,0000 
23,050 8467,3611 1925,9149 47,9785 239,2427 -13,3043 -0,7770 63,8353 0,7944 23,0000 
23,100 8478,9917 1923,1514 48,1364 239,1117 -13,4181 -0,7785 63,6897 0,7946 23,0000 
23,150 8490,6104 1920,3662 48,2944 238,9819 -13,5319 -0,7800 63,5445 0,7949 23,0000 
23,200 8502,2173 1917,5595 48,4526 238,8533 -13,6458 -0,7815 63,4000 0,7952 23,0000 
23,250 8513,8124 1914,7312 48,6109 238,7259 -13,7596 -0,7829 63,2560 0,7955 23,0000 
23,300 8525,3957 1911,8815 48,7693 238,5996 -13,8734 -0,7844 63,1125 0,7958 23,0000 
23,350 8536,9672 1909,0102 48,9279 238,4745 -13,9872 -0,7859 62,9695 0,7961 23,0000 
23,400 8548,5269 1906,1174 49,0866 238,3506 -14,1011 -0,7874 62,8271 0,7964 23,0000 
23,450 8560,0749 1903,2032 49,2455 238,2278 -14,2149 -0,7889 62,6853 0,7967 23,0000 
23,500 8571,6112 1900,2675 49,4045 238,1062 -14,3287 -0,7903 62,5439 0,7970 23,0000 
23,550 8583,1358 1897,3104 49,5636 237,9857 -14,4425 -0,7918 62,4031 0,7973 23,0000 
23,600 8594,6487 1894,3319 49,7229 237,8664 -14,5564 -0,7933 62,2629 0,7976 23,0000 
23,650 8606,1499 1891,3321 49,8823 237,7482 -14,6702 -0,7948 62,1231 0,7979 23,0000 
23,700 8617,6394 1888,3109 50,0418 237,6312 -14,7840 -0,7963 61,9839 0,7982 23,0000 
23,750 8629,1173 1885,2683 50,2015 237,5153 -14,8978 -0,7978 61,8452 0,7985 23,0000 
23,800 8640,5835 1882,2045 50,3613 237,4005 -15,0116 -0,7992 61,7070 0,7988 23,0000 
23,850 8652,0382 1879,1193 50,5212 237,2869 -15,1254 -0,8007 61,5694 0,7991 23,0000 
23,900 8663,4812 1876,0129 50,6813 237,1743 -15,2392 -0,8022 61,4322 0,7995 23,0000 
23,950 8674,9126 1872,8852 50,8415 237,0629 -15,3530 -0,8037 61,2956 0,7998 23,0000 
24,000 8686,3325 1869,7363 51,0019 236,9527 -15,4667 -0,8052 61,1595 0,8001 23,0000 
24,050 8697,7408 1866,5662 51,1624 236,8435 -15,5805 -0,8067 61,0239 0,8004 23,0000 
24,100 8709,1376 1863,3749 51,3230 236,7354 -15,6942 -0,8081 60,8888 0,8008 23,0000 
24,150 8720,5229 1860,1624 51,4837 236,6285 -15,8080 -0,8096 60,7542 0,8011 23,0000 
24,200 8731,8966 1856,9288 51,6446 236,5226 -15,9217 -0,8111 60,6201 0,8014 23,0000 
24,250 8743,2589 1853,6741 51,8056 236,4178 -16,0354 -0,8126 60,4865 0,8018 23,0000 
24,300 8754,6097 1850,3982 51,9667 236,3141 -16,1490 -0,8141 60,3535 0,8021 23,0000 
24,350 8765,9490 1847,1013 52,1280 236,2116 -16,2627 -0,8156 60,2209 0,8024 23,0000 
24,400 8777,2768 1843,7833 52,2894 236,1101 -16,3764 -0,8171 60,0888 0,8028 23,0000 
24,450 8788,5932 1840,4443 52,4509 236,0096 -16,4900 -0,8185 59,9572 0,8031 23,0000 
24,500 8799,8982 1837,0842 52,6126 235,9103 -16,6036 -0,8200 59,8261 0,8035 23,0000 
24,550 8811,1918 1833,7032 52,7744 235,8120 -16,7172 -0,8215 59,6955 0,8038 23,0000 
24,600 8822,4740 1830,3012 52,9363 235,7148 -16,8307 -0,8230 59,5654 0,8042 23,0000 
24,650 8833,7448 1826,8782 53,0984 235,6186 -16,9443 -0,8245 59,4358 0,8045 23,0000 
24,700 8845,0042 1823,4343 53,2605 235,5236 -17,0578 -0,8260 59,3067 0,8049 23,0000 
24,750 8856,2523 1819,9694 53,4229 235,4295 -17,1713 -0,8275 59,1780 0,8052 23,0000 
24,800 8867,4890 1816,4837 53,5853 235,3366 -17,2847 -0,8290 59,0499 0,8056 23,0000 
24,850 8878,7144 1812,9771 53,7479 235,2446 -17,3982 -0,8304 58,9222 0,8060 23,0000 
24,900 8889,9285 1809,4497 53,9106 235,1538 -17,5116 -0,8319 58,7950 0,8063 23,0000 
24,950 8901,1312 1805,9014 54,0734 235,0639 -17,6250 -0,8334 58,6683 0,8067 23,0000 
25,000 8912,3227 1802,3323 54,2363 234,9751 -17,7383 -0,8349 58,5420 0,8071 23,0000 
25,050 8923,5029 1798,7424 54,3994 234,8873 -17,8516 -0,8364 58,4162 0,8074 23,0000 
25,100 8934,6719 1795,1317 54,5626 234,8006 -17,9649 -0,8379 58,2909 0,8078 23,0000 
25,150 8945,8296 1791,5003 54,7259 234,7149 -18,0782 -0,8394 58,1661 0,8082 23,0000 
25,200 8956,9760 1787,8482 54,8894 234,6302 -18,1914 -0,8409 58,0417 0,8086 23,0000 
25,250 8968,1112 1784,1754 55,0530 234,5465 -18,3046 -0,8424 57,9179 0,8089 23,0000 
25,300 8979,2352 1780,4819 55,2167 234,4639 -18,4177 -0,8439 57,7944 0,8093 23,0000 
25,350 8990,3480 1776,7677 55,3805 234,3822 -18,5308 -0,8454 57,6715 0,8097 23,0000 
25,400 9001,4496 1773,0329 55,5444 234,3016 -18,6439 -0,8469 57,5490 0,8101 23,0000 
25,450 9012,5401 1769,2774 55,7085 234,2219 -18,7569 -0,8483 57,4269 0,8105 23,0000 
25,500 9023,6193 1765,5014 55,8727 234,1433 -18,8699 -0,8498 57,3054 0,8109 23,0000 
25,550 9034,6874 1761,7047 56,0370 234,0656 -18,9829 -0,8513 57,1842 0,8113 23,0000 
25,600 9045,7444 1757,8875 56,2015 233,9890 -19,0958 -0,8528 57,0636 0,8117 23,0000 
25,650 9056,7902 1754,0498 56,3661 233,9133 -19,2087 -0,8543 56,9434 0,8121 23,0000 
25,700 9067,8249 1750,1916 56,5308 233,8386 -19,3215 -0,8558 56,8236 0,8125 23,0000 
25,750 9078,8485 1746,3128 56,6956 233,7649 -19,4343 -0,8573 56,7043 0,8129 23,0000 
25,800 9089,8610 1742,4136 56,8605 233,6922 -19,5470 -0,8588 56,5855 0,8133 23,0000 
25,850 9100,8624 1738,4940 57,0256 233,6204 -19,6597 -0,8603 56,4671 0,8137 23,0000 
25,900 9111,8527 1734,5539 57,1907 233,5496 -19,7724 -0,8618 56,3492 0,8141 23,0000 
25,950 9122,8320 1730,5933 57,3560 233,4798 -19,8850 -0,8633 56,2317 0,8145 23,0000 
26,000 9133,8002 1726,6124 57,5215 233,4110 -19,9975 -0,8648 56,1146 0,8149 23,0000 
26,050 9144,7573 1722,6112 57,6870 233,3430 -20,1100 -0,8663 55,9980 0,8153 23,0000 
26,100 9155,7035 1718,5895 57,8527 233,2761 -20,2225 -0,8678 55,8818 0,8158 23,0000 
26,150 9166,6386 1714,5476 58,0184 233,2101 -20,3349 -0,8693 55,7661 0,8162 23,0000 
26,200 9177,5626 1710,4853 58,1843 233,1450 -20,4472 -0,8708 55,6508 0,8166 23,0000 
26,250 9188,4757 1706,4028 58,3504 233,0809 -20,5595 -0,8723 55,5359 0,8170 23,0000 
26,300 9199,3778 1702,3000 58,5165 233,0177 -20,6718 -0,8738 55,4215 0,8175 23,0000 
26,350 9210,2689 1698,1770 58,6827 232,9554 -20,7840 -0,8753 55,3076 0,8179 23,0000 
26,400 9221,1491 1694,0337 58,8491 232,8941 -20,8961 -0,8768 55,1940 0,8183 23,0000 
26,450 9232,0182 1689,8702 59,0156 232,8337 -21,0082 -0,8783 55,0809 0,8188 23,0000 
26,500 9242,8765 1685,6866 59,1822 232,7742 -21,1202 -0,8798 54,9682 0,8192 23,0000 
26,550 9253,7237 1681,4828 59,3489 232,7157 -21,2322 -0,8813 54,8560 0,8196 23,0000 
26,600 9264,5601 1677,2588 59,5158 232,6580 -21,3441 -0,8828 54,7441 0,8201 23,0000 
26,650 9275,3855 1673,0148 59,6827 232,6013 -21,4559 -0,8843 54,6327 0,8205 23,0000 
26,700 9286,2000 1668,7506 59,8498 232,5455 -21,5677 -0,8858 54,5218 0,8210 23,0000 
26,750 9297,0036 1664,4664 60,0170 232,4906 -21,6794 -0,8873 54,4112 0,8214 23,0000 
26,800 9307,7963 1660,1621 60,1842 232,4365 -21,7911 -0,8888 54,3011 0,8219 23,0000 
26,850 9318,5781 1655,8378 60,3517 232,3834 -21,9027 -0,8903 54,1914 0,8223 23,0000 
26,900 9329,3491 1651,4935 60,5192 232,3312 -22,0142 -0,8918 54,0821 0,8228 23,0000 
26,950 9340,1092 1647,1292 60,6868 232,2798 -22,1257 -0,8933 53,9733 0,8232 23,0000 
27,000 9350,8584 1642,7450 60,8546 232,2294 -22,2371 -0,8948 53,8648 0,8237 23,0000 
27,050 9361,5968 1638,3407 61,0224 232,1798 -22,3484 -0,8963 53,7568 0,8242 23,0000 
27,100 9372,3243 1633,9166 61,1904 232,1311 -22,4597 -0,8978 53,6492 0,8246 23,0000 
27,150 9383,0410 1629,4726 61,3585 232,0832 -22,5709 -0,8994 53,5420 0,8251 23,0000 
27,200 9393,7469 1625,0087 61,5267 232,0363 -22,6820 -0,9009 53,4352 0,8256 23,0000 
27,250 9404,4419 1620,5249 61,6950 231,9902 -22,7931 -0,9024 53,3288 0,8260 23,0000 
27,300 9415,1262 1616,0213 61,8634 231,9449 -22,9041 -0,9039 53,2229 0,8265 23,0000 
27,350 9425,7996 1611,4978 62,0320 231,9005 -23,0150 -0,9054 53,1173 0,8270 23,0000 
27,400 9436,4623 1606,9546 62,2006 231,8570 -23,1258 -0,9069 53,0122 0,8275 23,0000 
27,450 9447,1142 1602,3916 62,3694 231,8143 -23,2366 -0,9084 52,9074 0,8280 23,0000 
27,500 9457,7553 1597,8089 62,5382 231,7725 -23,3473 -0,9099 52,8031 0,8284 23,0000 
27,550 9468,3857 1593,2064 62,7072 231,7315 -23,4579 -0,9114 52,6992 0,8289 23,0000 
27,600 9479,0053 1588,5842 62,8763 231,6913 -23,5685 -0,9129 52,5957 0,8294 23,0000 
27,650 9489,6141 1583,9423 63,0455 231,6520 -23,6790 -0,9144 52,4925 0,8299 23,0000 
27,700 9500,2122 1579,2808 63,2148 231,6135 -23,7894 -0,9159 52,3898 0,8304 23,0000 
27,750 9510,7996 1574,5996 63,3842 231,5758 -23,8997 -0,9175 52,2875 0,8309 23,0000 
27,800 9521,3762 1569,8988 63,5537 231,5390 -24,0099 -0,9190 52,1856 0,8314 23,0000 
27,850 9531,9422 1565,1784 63,7233 231,5030 -24,1201 -0,9205 52,0841 0,8319 23,0000 
27,900 9542,4974 1560,4384 63,8931 231,4678 -24,2302 -0,9220 51,9829 0,8324 23,0000 
27,950 9553,0419 1555,6789 64,0629 231,4334 -24,3402 -0,9235 51,8822 0,8329 23,0000 
28,000 9563,5757 1550,8998 64,2328 231,3998 -24,4501 -0,9250 51,7819 0,8334 23,0000 
28,050 9574,0989 1546,1013 64,4029 231,3670 -24,5600 -0,9265 51,6819 0,8339 23,0000 
28,100 9584,6113 1541,2832 64,5730 231,3350 -24,6697 -0,9280 51,5824 0,8344 23,0000 
28,150 9595,1131 1536,4457 64,7433 231,3038 -24,7794 -0,9296 51,4832 0,8349 23,0000 
28,200 9605,6042 1531,5887 64,9136 231,2734 -24,8890 -0,9311 51,3845 0,8355 23,0000 
28,250 9616,0847 1526,7123 65,0841 231,2438 -24,9985 -0,9326 51,2861 0,8360 23,0000 
28,300 9626,5545 1521,8164 65,2547 231,2150 -25,1079 -0,9341 51,1881 0,8365 23,0000 
28,350 9637,0137 1516,9012 65,4253 231,1870 -25,2173 -0,9356 51,0905 0,8370 23,0000 
28,400 9647,4622 1511,9667 65,5961 231,1597 -25,3265 -0,9371 50,9933 0,8375 23,0000 
28,450 9657,9001 1507,0128 65,7670 231,1332 -25,4357 -0,9386 50,8965 0,8381 23,0000 
28,500 9668,3274 1502,0396 65,9380 231,1075 -25,5447 -0,9402 50,8000 0,8386 23,0000 
28,550 9678,7440 1497,0471 66,1090 231,0825 -25,6537 -0,9417 50,7040 0,8391 23,0000 
28,600 9689,1501 1492,0353 66,2802 231,0583 -25,7626 -0,9432 50,6083 0,8397 23,0000 
28,650 9699,5455 1487,0043 66,4515 231,0349 -25,8714 -0,9447 50,5130 0,8402 23,0000 
28,700 9709,9303 1481,9540 66,6229 231,0122 -25,9801 -0,9462 50,4181 0,8407 23,0000 
28,750 9720,3046 1476,8846 66,7944 230,9903 -26,0887 -0,9477 50,3236 0,8413 23,0000 
28,800 9730,6683 1471,7960 66,9660 230,9691 -26,1973 -0,9493 50,2294 0,8418 23,0000 
28,850 9741,0213 1466,6882 67,1376 230,9487 -26,3057 -0,9508 50,1356 0,8424 23,0000 
28,900 9751,3639 1461,5612 67,3094 230,9290 -26,4141 -0,9523 50,0422 0,8429 23,0000 
28,950 9761,6958 1456,4152 67,4813 230,9100 -26,5223 -0,9538 49,9492 0,8435 23,0000 
29,000 9772,0172 1451,2500 67,6533 230,8918 -26,6304 -0,9553 49,8565 0,8440 23,0000 
29,050 9782,3280 1446,0658 67,8253 230,8743 -26,7385 -0,9569 49,7642 0,8446 23,0000 
29,100 9792,6283 1440,8626 67,9975 230,8575 -26,8465 -0,9584 49,6723 0,8452 23,0000 
29,150 9802,9181 1435,6403 68,1698 230,8415 -26,9543 -0,9599 49,5808 0,8457 23,0000 
29,200 9813,1973 1430,3990 68,3422 230,8261 -27,0621 -0,9614 49,4896 0,8463 23,0000 
29,250 9823,4660 1425,1387 68,5146 230,8115 -27,1698 -0,9629 49,3988 0,8468 23,0000 
29,300 9833,7241 1419,8595 68,6872 230,7976 -27,2773 -0,9645 49,3084 0,8474 23,0000 
29,350 9843,9717 1414,5613 68,8598 230,7844 -27,3848 -0,9660 49,2183 0,8480 23,0000 
29,400 9854,2089 1409,2442 69,0326 230,7719 -27,4922 -0,9675 49,1286 0,8486 23,0000 
29,450 9864,4355 1403,9083 69,2054 230,7601 -27,5994 -0,9690 49,0393 0,8491 23,0000 
29,500 9874,6516 1398,5534 69,3783 230,7490 -27,7066 -0,9706 48,9504 0,8497 23,0000 
29,550 9884,8572 1393,1797 69,5514 230,7385 -27,8137 -0,9721 48,8618 0,8503 23,0000 
29,600 9895,0523 1387,7872 69,7245 230,7288 -27,9206 -0,9736 48,7735 0,8509 23,0000 
29,650 9905,2369 1382,3759 69,8977 230,7197 -28,0275 -0,9751 48,6856 0,8515 23,0000 
29,700 9915,4111 1376,9458 70,0710 230,7114 -28,1342 -0,9766 48,5981 0,8520 23,0000 
29,750 9925,5748 1371,4970 70,2444 230,7037 -28,2409 -0,9782 48,5110 0,8526 23,0000 
29,800 9935,7280 1366,0294 70,4179 230,6966 -28,3474 -0,9797 48,4242 0,8532 23,0000 
29,850 9945,8707 1360,5431 70,5915 230,6903 -28,4539 -0,9812 48,3378 0,8538 23,0000 
29,900 9956,0030 1355,0382 70,7652 230,6846 -28,5602 -0,9827 48,2517 0,8544 23,0000 
29,950 9966,1248 1349,5145 70,9389 230,6795 -28,6664 -0,9843 48,1660 0,8550 23,0000 
30,000 9976,2362 1343,9723 71,1128 230,6752 -28,7725 -0,9858 48,0806 0,8556 23,0000 
30,050 9986,3371 1338,4114 71,2867 230,6714 -28,8786 -0,9873 47,9956 0,8562 23,0000 
30,100 9996,4276 1332,8319 71,4607 230,6684 -28,9845 -0,9889 47,9110 0,8568 23,0000 
30,150 10006,5076 1327,2338 71,6349 230,6659 -29,0903 -0,9904 47,8267 0,8574 23,0000 
30,200 10016,5772 1321,6172 71,8091 230,6641 -29,1959 -0,9919 47,7427 0,8580 23,0000 
30,250 10026,6364 1315,9821 71,9834 230,6630 -29,3015 -0,9934 47,6591 0,8586 23,0000 
30,300 10036,6851 1310,3285 72,1578 230,6625 -29,4070 -0,9950 47,5759 0,8593 23,0000 
30,350 10046,7235 1304,6563 72,3322 230,6626 -29,5123 -0,9965 47,4930 0,8599 23,0000 
30,400 10056,7514 1298,9658 72,5068 230,6633 -29,6176 -0,9980 47,4105 0,8605 23,0000 
30,450 10066,7689 1293,2568 72,6814 230,6647 -29,7227 -0,9995 47,3283 0,8611 23,0000 
30,500 10076,7760 1287,5293 72,8562 230,6667 -29,8277 -1,0011 47,2464 0,8617 23,0000 
30,550 10086,7727 1281,7835 73,0310 230,6693 -29,9326 -1,0026 47,1649 0,8624 23,0000 
30,600 10096,7590 1276,0194 73,2059 230,6725 -30,0374 -1,0041 47,0838 0,8630 23,0000 
30,650 10106,7349 1270,2369 73,3808 230,6763 -30,1421 -1,0057 47,0030 0,8636 23,0000 
30,700 10116,7005 1264,4361 73,5559 230,6807 -30,2467 -1,0072 46,9225 0,8643 23,0000 
30,750 10126,6556 1258,6170 73,7311 230,6858 -30,3511 -1,0087 46,8424 0,8649 23,0000 
30,800 10136,6004 1252,7796 73,9063 230,6914 -30,4555 -1,0102 46,7627 0,8655 23,0000 
30,850 10146,5347 1246,9239 74,0816 230,6976 -30,5597 -1,0118 46,6832 0,8662 23,0000 
30,900 10156,4588 1241,0501 74,2570 230,7044 -30,6638 -1,0133 46,6041 0,8668 23,0000 
30,950 10166,3724 1235,1580 74,4325 230,7118 -30,7678 -1,0148 46,5254 0,8675 23,0000 
31,000 10176,2757 1229,2478 74,6080 230,7198 -30,8716 -1,0164 46,4470 0,8681 23,0000 
31,050 10186,1686 1223,3194 74,7837 230,7283 -30,9754 -1,0179 46,3689 0,8688 23,0000 
31,100 10196,0511 1217,3729 74,9594 230,7375 -31,0790 -1,0194 46,2912 0,8694 23,0000 
31,150 10205,9233 1211,4083 75,1352 230,7472 -31,1825 -1,0210 46,2138 0,8701 23,0000 
31,200 10215,7852 1205,4257 75,3111 230,7574 -31,2859 -1,0225 46,1368 0,8707 23,0000 
31,250 10225,6367 1199,4249 75,4870 230,7682 -31,3892 -1,0240 46,0601 0,8714 23,0000 
31,300 10235,4778 1193,4061 75,6631 230,7796 -31,4923 -1,0255 45,9837 0,8721 23,0000 
31,350 10245,3087 1187,3693 75,8392 230,7916 -31,5954 -1,0271 45,9077 0,8727 23,0000 
31,400 10255,1291 1181,3146 76,0154 230,8041 -31,6983 -1,0286 45,8319 0,8734 23,0000 
31,450 10264,9393 1175,2418 76,1916 230,8171 -31,8011 -1,0301 45,7566 0,8741 23,0000 
31,500 10274,7391 1169,1512 76,3680 230,8307 -31,9037 -1,0317 45,6815 0,8747 23,0000 
31,550 10284,5286 1163,0426 76,5444 230,8449 -32,0063 -1,0332 45,6068 0,8754 23,0000 
31,600 10294,3078 1156,9161 76,7209 230,8595 -32,1087 -1,0347 45,5325 0,8761 23,0000 
31,650 10304,0766 1150,7718 76,8975 230,8747 -32,2110 -1,0363 45,4584 0,8768 23,0000 
31,700 10313,8351 1144,6096 77,0741 230,8905 -32,3132 -1,0378 45,3847 0,8775 23,0000 
31,750 10323,5834 1138,4296 77,2508 230,9067 -32,4152 -1,0393 45,3113 0,8781 23,0000 
31,800 10333,3213 1132,2318 77,4276 230,9235 -32,5172 -1,0409 45,2383 0,8788 23,0000 
31,850 10343,0489 1126,0163 77,6045 230,9408 -32,6190 -1,0424 45,1655 0,8795 23,0000 
31,900 10352,7662 1119,7830 77,7814 230,9586 -32,7207 -1,0439 45,0931 0,8802 23,0000 
31,950 10362,4731 1113,5320 77,9584 230,9770 -32,8222 -1,0455 45,0211 0,8809 23,0000 
32,000 10372,1698 1107,2633 78,1355 230,9958 -32,9236 -1,0470 44,9493 0,8816 23,0000 
32,050 10381,8562 1100,9769 78,3127 231,0152 -33,0249 -1,0485 44,8779 0,8823 23,0000 
32,100 10391,5323 1094,6728 78,4899 231,0350 -33,1261 -1,0501 44,8068 0,8830 23,0000 
32,150 10401,1981 1088,3512 78,6672 231,0554 -33,2272 -1,0516 44,7360 0,8837 23,0000 
32,200 10410,8537 1082,0119 78,8446 231,0762 -33,3281 -1,0531 44,6656 0,8844 23,0000 
32,250 10420,4989 1075,6551 79,0220 231,0975 -33,4289 -1,0547 44,5954 0,8851 23,0000 
32,300 10430,1339 1069,2808 79,1995 231,1194 -33,5296 -1,0562 44,5256 0,8858 23,0000 
32,350 10439,7585 1062,8889 79,3771 231,1417 -33,6301 -1,0577 44,4561 0,8865 23,0000 
32,400 10449,3729 1056,4795 79,5547 231,1644 -33,7305 -1,0593 44,3870 0,8873 23,0000 
32,450 10458,9770 1050,0526 79,7324 231,1877 -33,8308 -1,0608 44,3181 0,8880 23,0000 
32,500 10468,5709 1043,6083 79,9102 231,2114 -33,9309 -1,0623 44,2496 0,8887 23,0000 
32,550 10478,1545 1037,1465 80,0880 231,2356 -34,0310 -1,0638 44,1814 0,8894 23,0000 
32,600 10487,7278 1030,6674 80,2659 231,2603 -34,1309 -1,0654 44,1135 0,8901 23,0000 
32,650 10497,2908 1024,1709 80,4439 231,2854 -34,2306 -1,0669 44,0459 0,8909 23,0000 
32,700 10506,8436 1017,6570 80,6219 231,3110 -34,3303 -1,0684 43,9786 0,8916 23,0000 
32,750 10516,3861 1011,1258 80,8000 231,3370 -34,4298 -1,0700 43,9117 0,8923 23,0000 
32,800 10525,9184 1004,5773 80,9782 231,3635 -34,5291 -1,0715 43,8451 0,8931 23,0000 
32,850 10535,4404 998,0116 81,1564 231,3904 -34,6284 -1,0730 43,7788 0,8938 23,0000 
32,900 10544,9522 991,4286 81,3347 231,4178 -34,7275 -1,0746 43,7128 0,8946 23,0000 
32,950 10554,4537 984,8283 81,5130 231,4456 -34,8265 -1,0761 43,6471 0,8953 23,0000 
33,000 10563,9449 978,2109 81,6914 231,4739 -34,9253 -1,0776 43,5817 0,8960 23,0000 
33,050 10573,4259 971,5763 81,8699 231,5026 -35,0240 -1,0792 43,5166 0,8968 23,0000 
33,100 10582,8967 964,9245 82,0484 231,5317 -35,1226 -1,0807 43,4519 0,8975 23,0000 
33,150 10592,3572 958,2556 82,2270 231,5612 -35,2210 -1,0822 43,3874 0,8983 23,0000 
33,200 10601,8075 951,5696 82,4057 231,5912 -35,3194 -1,0838 43,3233 0,8990 23,0000 
33,250 10611,2475 944,8666 82,5844 231,6216 -35,4175 -1,0853 43,2595 0,8998 23,0000 
33,300 10620,6773 938,1464 82,7631 231,6523 -35,5156 -1,0868 43,1960 0,9006 23,0000 
33,350 10630,0968 931,4093 82,9420 231,6836 -35,6135 -1,0883 43,1328 0,9013 23,0000 
33,400 10639,5062 924,6552 83,1208 231,7152 -35,7113 -1,0899 43,0699 0,9021 23,0000 
33,450 10648,9052 917,8841 83,2998 231,7472 -35,8089 -1,0914 43,0073 0,9029 23,0000 
33,500 10658,2941 911,0960 83,4788 231,7796 -35,9064 -1,0929 42,9450 0,9036 23,0000 
33,550 10667,6727 904,2911 83,6578 231,8124 -36,0038 -1,0945 42,8830 0,9044 23,0000 
33,600 10677,0411 897,4692 83,8369 231,8456 -36,1011 -1,0960 42,8213 0,9052 23,0000 
33,650 10686,3993 890,6305 84,0161 231,8792 -36,1982 -1,0975 42,7599 0,9060 23,0000 
33,700 10695,7473 883,7749 84,1953 231,9132 -36,2951 -1,0990 42,6989 0,9067 23,0000 
33,750 10705,0850 876,9025 84,3745 231,9476 -36,3920 -1,1006 42,6381 0,9075 23,0000 
33,800 10714,4125 870,0133 84,5539 231,9823 -36,4887 -1,1021 42,5776 0,9083 23,0000 
33,850 10723,7298 863,1074 84,7332 232,0174 -36,5852 -1,1036 42,5175 0,9091 23,0000 
33,900 10733,0368 856,1847 84,9126 232,0529 -36,6816 -1,1051 42,4576 0,9099 23,0000 
33,950 10742,3337 849,2453 85,0921 232,0888 -36,7779 -1,1067 42,3980 0,9107 23,0000 
34,000 10751,6203 842,2892 85,2716 232,1250 -36,8741 -1,1082 42,3388 0,9115 23,0000 
34,050 10760,8967 835,3164 85,4512 232,1616 -36,9701 -1,1097 42,2798 0,9123 23,0000 
34,100 10770,1630 828,3270 85,6308 232,1985 -37,0660 -1,1112 42,2211 0,9131 23,0000 
34,150 10779,4190 821,3210 85,8105 232,2358 -37,1617 -1,1127 42,1628 0,9139 23,0000 
34,200 10788,6647 814,2984 85,9902 232,2735 -37,2573 -1,1143 42,1047 0,9147 23,0000 
34,250 10797,9003 807,2593 86,1699 232,3115 -37,3528 -1,1158 42,0469 0,9155 23,0000 
34,300 10807,1257 800,2036 86,3497 232,3498 -37,4481 -1,1173 41,9895 0,9163 23,0000 
34,350 10816,3408 793,1314 86,5296 232,3885 -37,5433 -1,1188 41,9323 0,9171 23,0000 
34,400 10825,5458 786,0428 86,7095 232,4275 -37,6384 -1,1203 41,8754 0,9179 23,0000 
34,450 10834,7406 778,9377 86,8894 232,4669 -37,7333 -1,1219 41,8188 0,9187 23,0000 
34,500 10843,9251 771,8161 87,0694 232,5066 -37,8280 -1,1234 41,7625 0,9195 23,0000 
34,550 10853,0994 764,6782 87,2494 232,5466 -37,9227 -1,1249 41,7065 0,9204 23,0000 
34,600 10862,2636 757,5239 87,4295 232,5869 -38,0172 -1,1264 41,6507 0,9212 23,0000 
34,650 10871,4175 750,3532 87,6096 232,6276 -38,1115 -1,1279 41,5953 0,9220 23,0000 
34,700 10880,5613 743,1663 87,7897 232,6686 -38,2058 -1,1294 41,5402 0,9228 23,0000 
34,750 10889,6948 735,9630 87,9699 232,7098 -38,2998 -1,1310 41,4853 0,9237 23,0000 
34,800 10898,8182 728,7434 88,1501 232,7514 -38,3938 -1,1325 41,4308 0,9245 23,0000 
34,850 10907,9313 721,5077 88,3304 232,7933 -38,4876 -1,1340 41,3765 0,9253 23,0000 
34,900 10917,0343 714,2557 88,5107 232,8355 -38,5812 -1,1355 41,3225 0,9262 23,0000 
34,950 10926,1270 706,9875 88,6911 232,8780 -38,6748 -1,1370 41,2688 0,9270 23,0000 
35,000 10935,2096 699,7032 88,8714 232,9208 -38,7681 -1,1385 41,2154 0,9279 23,0000 
35,050 10944,2820 692,4027 89,0518 232,9639 -38,8614 -1,1400 41,1623 0,9287 23,0000 
35,100 10953,3442 685,0861 89,2323 233,0073 -38,9545 -1,1415 41,1095 0,9296 23,0000 
35,150 10962,3961 677,7535 89,4128 233,0510 -39,0475 -1,1430 41,0569 0,9304 23,0000 
35,200 10971,4379 670,4048 89,5933 233,0949 -39,1403 -1,1445 41,0047 0,9313 23,0000 
35,250 10980,4695 663,0400 89,7739 233,1391 -39,2330 -1,1460 40,9527 0,9321 23,0000 
35,300 10989,4910 655,6593 89,9544 233,1836 -39,3255 -1,1475 40,9010 0,9330 23,0000 
35,350 10998,5022 648,2626 90,1351 233,2284 -39,4179 -1,1490 40,8496 0,9338 23,0000 
35,400 11007,5032 640,8500 90,3157 233,2735 -39,5102 -1,1505 40,7985 0,9347 23,0000 
35,450 11016,4941 633,4214 90,4964 233,3188 -39,6023 -1,1520 40,7476 0,9356 23,0000 
35,500 11025,4747 625,9770 90,6771 233,3643 -39,6943 -1,1535 40,6971 0,9364 23,0000 
35,550 11034,4452 618,5166 90,8579 233,4101 -39,7861 -1,1550 40,6468 0,9373 23,0000 
35,600 11043,4055 611,0405 91,0386 233,4562 -39,8778 -1,1565 40,5968 0,9382 23,0000 
35,650 11052,3556 603,5486 91,2194 233,5026 -39,9694 -1,1580 40,5470 0,9391 23,0000 
35,700 11061,2955 596,0408 91,4002 233,5491 -40,0608 -1,1595 40,4976 0,9399 23,0000 
35,750 11070,2252 588,5173 91,5811 233,5960 -40,1521 -1,1610 40,4484 0,9408 23,0000 
35,800 11079,1447 580,9781 91,7620 233,6430 -40,2432 -1,1624 40,3995 0,9417 23,0000 
35,850 11088,0541 573,4232 91,9429 233,6903 -40,3342 -1,1639 40,3509 0,9426 23,0000 
35,900 11096,9533 565,8527 92,1238 233,7379 -40,4250 -1,1654 40,3026 0,9435 23,0000 
35,950 11105,8422 558,2664 92,3047 233,7856 -40,5158 -1,1669 40,2545 0,9444 23,0000 
36,000 11114,7210 550,6646 92,4857 233,8336 -40,6063 -1,1684 40,2067 0,9453 23,0000 
36,050 11123,5897 543,0472 92,6667 233,8818 -40,6968 -1,1699 40,1592 0,9462 23,0000 
36,100 11132,4481 535,4142 92,8477 233,9303 -40,7870 -1,1713 40,1120 0,9471 23,0000 
36,150 11141,2963 527,7657 93,0287 233,9789 -40,8772 -1,1728 40,0650 0,9480 23,0000 
36,200 11150,1344 520,1017 93,2098 234,0278 -40,9672 -1,1743 40,0183 0,9489 23,0000 
36,250 11158,9623 512,4222 93,3908 234,0769 -41,0571 -1,1757 39,9719 0,9498 23,0000 
36,300 11167,7799 504,7273 93,5719 234,1262 -41,1468 -1,1772 39,9258 0,9507 23,0000 
36,350 11176,5875 497,0170 93,7530 234,1757 -41,2364 -1,1787 39,8799 0,9516 23,0000 
36,400 11185,3848 489,2912 93,9341 234,2254 -41,3258 -1,1801 39,8343 0,9525 23,0000 
36,450 11194,1719 481,5501 94,1152 234,2753 -41,4151 -1,1816 39,7889 0,9534 23,0000 
36,500 11202,9489 473,7937 94,2964 234,3253 -41,5043 -1,1830 39,7439 0,9544 23,0000 
36,550 11211,7156 466,0220 94,4775 234,3756 -41,5933 -1,1845 39,6991 0,9553 23,0000 
36,600 11220,4722 458,2350 94,6587 234,4261 -41,6822 -1,1859 39,6546 0,9562 23,0000 
36,650 11229,2186 450,4327 94,8399 234,4767 -41,7709 -1,1874 39,6103 0,9571 23,0000 
36,700 11237,9548 442,6152 95,0211 234,5276 -41,8595 -1,1888 39,5663 0,9581 23,0000 
36,750 11246,6809 434,7825 95,2023 234,5786 -41,9480 -1,1903 39,5226 0,9590 23,0000 
36,800 11255,3967 426,9347 95,3835 234,6297 -42,0363 -1,1917 39,4791 0,9599 23,0000 
36,850 11264,1024 419,0717 95,5647 234,6811 -42,1245 -1,1932 39,4359 0,9609 23,0000 
36,900 11272,7979 411,1936 95,7459 234,7326 -42,2125 -1,1946 39,3930 0,9618 23,0000 
36,950 11281,4831 403,3005 95,9271 234,7843 -42,3004 -1,1960 39,3503 0,9627 23,0000 
37,000 11290,1582 395,3922 96,1083 234,8361 -42,3881 -1,1975 39,3079 0,9637 23,0000 
37,050 11298,8232 387,4690 96,2896 234,8881 -42,4757 -1,1989 39,2658 0,9646 23,0000 
37,100 11307,4779 379,5308 96,4708 234,9403 -42,5632 -1,2003 39,2239 0,9656 23,0000 
37,150 11316,1224 371,5776 96,6520 234,9926 -42,6505 -1,2017 39,1823 0,9665 23,0000 
37,200 11324,7568 363,6095 96,8333 235,0450 -42,7377 -1,2031 39,1410 0,9675 23,0000 
37,250 11333,3809 355,6264 97,0145 235,0976 -42,8248 -1,2045 39,0999 0,9685 23,0000 
37,300 11341,9949 347,6285 97,1957 235,1503 -42,9117 -1,2059 39,0590 0,9694 23,0000 
37,350 11350,5987 339,6157 97,3769 235,2032 -42,9984 -1,2074 39,0185 0,9704 23,0000 
37,400 11359,1923 331,5882 97,5581 235,2562 -43,0851 -1,2087 38,9782 0,9713 23,0000 
37,450 11367,7757 323,5458 97,7394 235,3093 -43,1716 -1,2101 38,9381 0,9723 23,0000 
37,500 11376,3489 315,4887 97,9206 235,3625 -43,2579 -1,2115 38,8983 0,9733 23,0000 
37,550 11384,9119 307,4168 98,1018 235,4159 -43,3441 -1,2129 38,8588 0,9743 23,0000 
37,600 11393,4647 299,3302 98,2829 235,4694 -43,4302 -1,2143 38,8195 0,9752 23,0000 
37,650 11402,0073 291,2290 98,4641 235,5230 -43,5161 -1,2157 38,7805 0,9762 23,0000 
37,700 11410,5398 283,1131 98,6453 235,5767 -43,6019 -1,2170 38,7418 0,9772 23,0000 
37,750 11419,0620 274,9826 98,8264 235,6305 -43,6875 -1,2184 38,7033 0,9782 23,0000 
37,800 11427,5740 266,8375 99,0076 235,6844 -43,7730 -1,2198 38,6651 0,9792 23,0000 
37,850 11436,0759 258,6779 99,1887 235,7385 -43,8584 -1,2211 38,6271 0,9801 23,0000 
37,900 11444,5675 250,5037 99,3698 235,7926 -43,9436 -1,2225 38,5893 0,9811 23,0000 
37,950 11453,0489 242,3151 99,5509 235,8468 -44,0287 -1,2238 38,5519 0,9821 23,0000 
38,000 11461,5202 234,1119 99,7320 235,9011 -44,1137 -1,2251 38,5147 0,9831 23,0000 
38,050 11469,9812 225,8944 99,9130 235,9555 -44,1985 -1,2265 38,4777 0,9841 23,0000 
38,100 11478,4320 217,6624 100,0940 236,0099 -44,2832 -1,2278 38,4410 0,9851 23,0000 
38,150 11486,8726 209,4160 100,2750 236,0645 -44,3677 -1,2291 38,4046 0,9861 23,0000 
38,200 11495,3030 201,1553 100,4560 236,1191 -44,4521 -1,2304 38,3684 0,9871 23,0000 
38,250 11503,7232 192,8803 100,6370 236,1738 -44,5364 -1,2317 38,3324 0,9881 23,0000 
38,300 11512,1332 184,5910 100,8179 236,2285 -44,6205 -1,2330 38,2968 0,9892 23,0000 
38,350 11520,5330 176,2874 100,9988 236,2833 -44,7045 -1,2343 38,2613 0,9902 23,0000 
38,400 11528,9226 167,9697 101,1796 236,3382 -44,7884 -1,2356 38,2262 0,9912 23,0000 
38,450 11537,3019 159,6377 101,3604 236,3931 -44,8721 -1,2368 38,1913 0,9922 23,0000 
38,500 11545,6710 151,2915 101,5412 236,4480 -44,9557 -1,2381 38,1566 0,9932 23,0000 
38,550 11554,0299 142,9312 101,7220 236,5030 -45,0391 -1,2393 38,1222 0,9943 23,0000 
38,600 11562,3786 134,5568 101,9027 236,5580 -45,1224 -1,2406 38,0881 0,9953 23,0000 
38,650 11570,7171 126,1683 102,0833 236,6131 -45,2056 -1,2418 38,0542 0,9963 23,0000 
38,700 11579,0453 117,7658 102,2640 236,6682 -45,2887 -1,2430 38,0205 0,9973 23,0000 
38,750 11587,3633 109,3493 102,4445 236,7233 -45,3716 -1,2442 37,9872 0,9984 23,0000 
38,800 11595,6710 100,9188 102,6251 236,7784 -45,4543 -1,2454 37,9541 0,9994 23,0000 
38,850 11603,9686 92,4743 102,8055 236,8335 -45,5370 -1,2466 37,9212 1,0005 23,0000 
38,900 11612,2558 84,0159 102,9859 236,8886 -45,6195 -1,2478 37,8886 1,0015 23,0000 
38,950 11620,5329 75,5436 103,1663 236,9437 -45,7019 -1,2489 37,8563 1,0026 23,0000 
39,000 11628,7997 67,0575 103,3466 236,9987 -45,7841 -1,2500 37,8243 1,0036 23,0000 
39,050 11637,0562 58,5575 103,5269 237,0537 -45,8663 -1,2511 37,7925 1,0046 23,0000 
39,100 11645,3025 50,0438 103,7070 237,1087 -45,9483 -1,2522 37,7610 1,0057 23,0000 
39,150 11653,5385 41,5162 103,8871 237,1636 -46,0301 -1,2533 37,7298 1,0068 23,0000 
39,200 11661,7642 32,9750 104,0672 237,2184 -46,1119 -1,2543 37,6989 1,0078 23,0000 
39,250 11669,9797 24,4200 104,2471 237,2731 -46,1935 -1,2553 37,6683 1,0089 23,0000 
39,300 11678,1848 15,8514 104,4270 237,3276 -46,2750 -1,2563 37,6380 1,0099 23,0000 
39,350 11686,3797 7,2692 104,6068 237,3819 -46,3564 -1,2572 37,6081 1,0110 23,0000 
39,3923 11693,3011 0,0000 104,7587 237,4273 -46,4252 -1,2578 37,5833 1,0119 23,0000 
