t(c) x(м) y(м) z(м) Vk(м/с) teta(град) psy(град) omega_x(рад/с) pi(y) m(кг) 
0,000 0,0000 0,0000 0,0000 834,9600 24,2000 0,0000 0,0000 1,0119 23,0000 
0,050 37,9675 17,0512 0,0002 829,8772 24,1696 -0,0005 8,5048 1,0098 23,0000 
0,100 75,7134 33,9788 0,0007 824,8464 24,1389 -0,0012 16,6547 1,0077 23,0000 
0,150 113,2398 50,7837 0,0018 819,8656 24,1080 -0,0020 24,4698 1,0056 23,0000 
0,200 150,5490 67,4672 0,0033 814,9336 24,0769 -0,0028 31,9649 1,0035 23,0000 
0,250 187,6431 84,0303 0,0054 810,0497 24,0455 -0,0037 39,1534 1,0015 23,0000 
0,300 224,5242 100,4740 0,0081 805,2132 24,0139 -0,0046 46,0482 0,9995 23,0000 
0,350 261,1945 116,7995 0,0114 800,4234 23,9822 -0,0056 52,6610 0,9975 23,0000 
0,400 297,6560 133,0077 0,0152 795,6796 23,9502 -0,0066 59,0033 0,9955 23,0000 
0,450 333,9107 149,0998 0,0197 790,9811 23,9179 -0,0076 65,0859 0,9935 23,0000 
0,500 369,9607 165,0766 0,0248 786,3274 23,8855 -0,0086 70,9191 0,9915 23,0000 
0,550 405,8079 180,9393 0,0305 781,7178 23,8529 -0,0097 76,5127 0,9896 23,0000 
0,600 441,4542 196,6888 0,0369 777,1519 23,8200 -0,0108 81,8761 0,9877 23,0000 
0,650 476,9016 212,3260 0,0440 772,6289 23,7869 -0,0120 87,0184 0,9858 23,0000 
0,700 512,1520 227,8521 0,0517 768,1485 23,7537 -0,0131 91,9482 0,9839 23,0000 
0,750 547,2073 243,2678 0,0601 763,7099 23,7202 -0,0143 96,6737 0,9820 23,0000 
0,800 582,0692 258,5741 0,0692 759,3127 23,6865 -0,0155 101,2027 0,9802 23,0000 
0,850 616,7397 273,7720 0,0789 754,9564 23,6525 -0,0167 105,5428 0,9783 23,0000 
0,900 651,2205 288,8624 0,0894 750,6405 23,6184 -0,0180 109,7014 0,9765 23,0000 
0,950 685,5134 303,8462 0,1005 746,3644 23,5840 -0,0193 113,6852 0,9747 23,0000 
1,000 719,6202 318,7243 0,1124 742,1276 23,5495 -0,0205 117,5010 0,9729 23,0000 
1,050 753,5426 333,4976 0,1249 737,9298 23,5147 -0,0218 121,1551 0,9711 23,0000 
1,100 787,2823 348,1668 0,1381 733,7703 23,4797 -0,0232 124,6536 0,9693 23,0000 
1,150 820,8409 362,7330 0,1521 729,6488 23,4445 -0,0245 128,0024 0,9676 23,0000 
1,200 854,2203 377,1970 0,1668 725,5647 23,4091 -0,0259 131,2072 0,9659 23,0000 
1,250 887,4221 391,5595 0,1822 721,5235 23,3734 -0,0272 134,2733 0,9641 23,0000 
1,300 920,4482 405,8216 0,1982 717,5187 23,3376 -0,0286 137,2060 0,9624 23,0000 
1,350 953,3001 419,9841 0,2151 713,5485 23,3015 -0,0300 140,0103 0,9608 23,0000 
1,400 985,9793 434,0477 0,2326 709,6129 23,2652 -0,0314 142,6909 0,9591 23,0000 
1,450 1018,4873 448,0132 0,2508 705,7113 23,2287 -0,0329 145,2525 0,9574 23,0000 
1,500 1050,8257 461,8813 0,2698 701,8437 23,1920 -0,0343 147,6992 0,9558 23,0000 
1,550 1082,9959 475,6529 0,2895 698,0097 23,1550 -0,0358 150,0355 0,9541 23,0000 
1,600 1114,9995 489,3287 0,3099 694,2090 23,1178 -0,0373 152,2653 0,9525 23,0000 
1,650 1146,8378 502,9095 0,3310 690,4413 23,0805 -0,0388 154,3925 0,9509 23,0000 
1,700 1178,5124 516,3959 0,3528 686,7063 23,0429 -0,0403 156,4210 0,9493 23,0000 
1,750 1210,0247 529,7887 0,3754 683,0037 23,0050 -0,0418 158,3542 0,9477 23,0000 
1,800 1241,3762 543,0887 0,3987 679,3333 22,9670 -0,0433 160,1958 0,9462 23,0000 
1,850 1272,5681 556,2966 0,4227 675,6946 22,9287 -0,0449 161,9489 0,9446 23,0000 
1,900 1303,6020 569,4131 0,4474 672,0874 22,8902 -0,0464 163,6169 0,9431 23,0000 
1,950 1334,4792 582,4388 0,4729 668,5114 22,8515 -0,0480 165,2028 0,9415 23,0000 
2,000 1365,2011 595,3745 0,4990 664,9662 22,8126 -0,0496 166,7095 0,9400 23,0000 
2,050 1395,7690 608,2210 0,5259 661,4515 22,7734 -0,0512 168,1401 0,9385 23,0000 
2,100 1426,1843 620,9788 0,5535 657,9670 22,7340 -0,0528 169,4971 0,9370 23,0000 
2,150 1456,4484 633,6486 0,5818 654,5124 22,6944 -0,0544 170,7834 0,9355 23,0000 
2,200 1486,5624 646,2312 0,6108 651,0873 22,6546 -0,0560 172,0013 0,9341 23,0000 
2,250 1516,5278 658,7271 0,6405 647,6915 22,6146 -0,0577 173,1535 0,9326 23,0000 
2,300 1546,3459 671,1370 0,6710 644,3246 22,5743 -0,0593 174,2422 0,9312 23,0000 
2,350 1576,0178 683,4617 0,7021 640,9863 22,5338 -0,0610 175,2697 0,9297 23,0000 
2,400 1605,5448 695,7016 0,7340 637,6763 22,4930 -0,0627 176,2383 0,9283 23,0000 
2,450 1634,9283 707,8576 0,7665 634,3943 22,4521 -0,0643 177,1501 0,9269 23,0000 
2,500 1664,1694 719,9300 0,7998 631,1399 22,4109 -0,0660 178,0070 0,9255 23,0000 
2,550 1693,2693 731,9197 0,8338 627,9129 22,3695 -0,0677 178,8111 0,9241 23,0000 
2,600 1722,2292 743,8272 0,8684 624,7129 22,3278 -0,0695 179,5642 0,9228 23,0000 
2,650 1751,0504 755,6531 0,9038 621,5396 22,2860 -0,0712 180,2683 0,9214 23,0000 
2,700 1779,7340 767,3980 0,9399 618,3928 22,2439 -0,0729 180,9249 0,9200 23,0000 
2,750 1808,2811 779,0625 0,9766 615,2720 22,2015 -0,0747 181,5359 0,9187 23,0000 
2,800 1836,6929 790,6472 1,0141 612,1771 22,1590 -0,0764 182,1029 0,9174 23,0000 
2,850 1864,9706 802,1527 1,0523 609,1077 22,1162 -0,0782 182,6274 0,9161 23,0000 
2,900 1893,1153 813,5795 1,0911 606,0636 22,0732 -0,0800 183,1110 0,9147 23,0000 
2,950 1921,1280 824,9282 1,1306 603,0444 22,0299 -0,0817 183,5551 0,9134 23,0000 
3,000 1949,0098 836,1993 1,1708 600,0498 21,9864 -0,0835 183,9612 0,9122 23,0000 
3,050 1976,7619 847,3934 1,2117 597,0796 21,9427 -0,0853 184,3305 0,9109 23,0000 
3,100 2004,3854 858,5111 1,2533 594,1335 21,8987 -0,0871 184,6645 0,9096 23,0000 
3,150 2031,8811 869,5528 1,2956 591,2112 21,8546 -0,0890 184,9644 0,9083 23,0000 
3,200 2059,2503 880,5192 1,3385 588,3124 21,8101 -0,0908 185,2314 0,9071 23,0000 
3,250 2086,4940 891,4107 1,3821 585,4369 21,7655 -0,0926 185,4666 0,9059 23,0000 
3,300 2113,6131 902,2279 1,4264 582,5843 21,7206 -0,0945 185,6714 0,9046 23,0000 
3,350 2140,6086 912,9712 1,4713 579,7545 21,6755 -0,0963 185,8466 0,9034 23,0000 
3,400 2167,4817 923,6412 1,5170 576,9471 21,6301 -0,0982 185,9934 0,9022 23,0000 
3,450 2194,2331 934,2384 1,5632 574,1619 21,5845 -0,1001 186,1129 0,9010 23,0000 
3,500 2220,8640 944,7633 1,6102 571,3987 21,5387 -0,1019 186,2060 0,8998 23,0000 
3,550 2247,3753 955,2163 1,6578 568,6571 21,4926 -0,1038 186,2736 0,8986 23,0000 
3,600 2273,7679 965,5979 1,7061 565,9370 21,4463 -0,1057 186,3167 0,8975 23,0000 
3,650 2300,0427 975,9087 1,7550 563,2381 21,3997 -0,1076 186,3362 0,8963 23,0000 
3,700 2326,2008 986,1491 1,8046 560,5601 21,3529 -0,1095 186,3329 0,8951 23,0000 
3,750 2352,2429 996,3195 1,8548 557,9028 21,3059 -0,1115 186,3077 0,8940 23,0000 
3,800 2378,1701 1006,4205 1,9056 555,2660 21,2586 -0,1134 186,2613 0,8929 23,0000 
3,850 2403,9831 1016,4524 1,9572 552,6495 21,2111 -0,1153 186,1946 0,8917 23,0000 
3,900 2429,6830 1026,4158 2,0093 550,0529 21,1634 -0,1173 186,1082 0,8906 23,0000 
3,950 2455,2705 1036,3111 2,0621 547,4761 21,1154 -0,1192 186,0030 0,8895 23,0000 
4,000 2480,7465 1046,1386 2,1156 544,9189 21,0671 -0,1212 185,8795 0,8884 23,0000 
4,050 2506,1119 1055,8989 2,1696 542,3810 21,0187 -0,1231 185,7385 0,8873 23,0000 
4,100 2531,3676 1065,5925 2,2243 539,8622 20,9699 -0,1251 185,5807 0,8862 23,0000 
4,150 2556,5143 1075,2196 2,2797 537,3624 20,9210 -0,1271 185,4066 0,8852 23,0000 
4,200 2581,5529 1084,7807 2,3356 534,8812 20,8718 -0,1290 185,2169 0,8841 23,0000 
4,250 2606,4842 1094,2763 2,3922 532,4185 20,8223 -0,1310 185,0121 0,8830 23,0000 
4,300 2631,3090 1103,7068 2,4494 529,9741 20,7726 -0,1330 184,7928 0,8820 23,0000 
4,350 2656,0281 1113,0725 2,5072 527,5477 20,7226 -0,1350 184,5596 0,8810 23,0000 
4,400 2680,6422 1122,3739 2,5657 525,1393 20,6724 -0,1371 184,3130 0,8799 23,0000 
4,450 2705,1523 1131,6113 2,6247 522,7485 20,6220 -0,1391 184,0535 0,8789 23,0000 
4,500 2729,5590 1140,7853 2,6844 520,3752 20,5713 -0,1411 183,7816 0,8779 23,0000 
4,550 2753,8630 1149,8960 2,7447 518,0192 20,5204 -0,1431 183,4978 0,8769 23,0000 
4,600 2778,0653 1158,9441 2,8056 515,6802 20,4692 -0,1452 183,2026 0,8759 23,0000 
4,650 2802,1664 1167,9297 2,8671 513,3583 20,4177 -0,1472 182,8963 0,8749 23,0000 
4,700 2826,1671 1176,8533 2,9292 511,0530 20,3660 -0,1493 182,5794 0,8739 23,0000 
4,750 2850,0682 1185,7153 2,9919 508,7643 20,3141 -0,1513 182,2524 0,8729 23,0000 
4,800 2873,8704 1194,5160 3,0551 506,4920 20,2619 -0,1534 181,9157 0,8719 23,0000 
4,850 2897,5744 1203,2558 3,1190 504,2359 20,2095 -0,1554 181,5696 0,8710 23,0000 
4,900 2921,1809 1211,9351 3,1835 501,9959 20,1568 -0,1575 181,2145 0,8700 23,0000 
4,950 2944,6905 1220,5542 3,2485 499,7717 20,1038 -0,1596 180,8508 0,8691 23,0000 
5,000 2968,1041 1229,1135 3,3142 497,5632 20,0506 -0,1617 180,4788 0,8681 23,0000 
5,050 2991,4221 1237,6133 3,3804 495,3702 19,9972 -0,1638 180,0989 0,8672 23,0000 
5,100 3014,6455 1246,0540 3,4472 493,1926 19,9435 -0,1659 179,7114 0,8663 23,0000 
5,150 3037,7747 1254,4359 3,5146 491,0302 19,8895 -0,1680 179,3167 0,8654 23,0000 
5,200 3060,8104 1262,7593 3,5825 488,8829 19,8353 -0,1701 178,9150 0,8645 23,0000 
5,250 3083,7534 1271,0246 3,6511 486,7505 19,7808 -0,1722 178,5066 0,8636 23,0000 
5,300 3106,6043 1279,2321 3,7202 484,6328 19,7260 -0,1743 178,0919 0,8627 23,0000 
5,350 3129,3636 1287,3822 3,7898 482,5297 19,6711 -0,1764 177,6711 0,8618 23,0000 
5,400 3152,0320 1295,4751 3,8601 480,4411 19,6158 -0,1786 177,2445 0,8609 23,0000 
5,450 3174,6102 1303,5113 3,9309 478,3667 19,5603 -0,1807 176,8123 0,8600 23,0000 
5,500 3197,0988 1311,4909 4,0022 476,3065 19,5045 -0,1829 176,3748 0,8591 23,0000 
5,550 3219,4983 1319,4144 4,0741 474,2603 19,4485 -0,1850 175,9323 0,8583 23,0000 
5,600 3241,8095 1327,2819 4,1466 472,2280 19,3922 -0,1872 175,4849 0,8574 23,0000 
5,650 3264,0328 1335,0940 4,2196 470,2095 19,3357 -0,1893 175,0330 0,8566 23,0000 
5,700 3286,1689 1342,8508 4,2932 468,2045 19,2788 -0,1915 174,5767 0,8557 23,0000 
5,750 3308,2183 1350,5526 4,3673 466,2130 19,2218 -0,1937 174,1162 0,8549 23,0000 
5,800 3330,1817 1358,1998 4,4419 464,2348 19,1644 -0,1958 173,6518 0,8541 23,0000 
5,850 3352,0596 1365,7926 4,5171 462,2699 19,1068 -0,1980 173,1837 0,8532 23,0000 
5,900 3373,8526 1373,3314 4,5929 460,3180 19,0490 -0,2002 172,7120 0,8524 23,0000 
5,950 3395,5613 1380,8164 4,6691 458,3791 18,9908 -0,2024 172,2369 0,8516 23,0000 
6,000 3417,1861 1388,2479 4,7459 456,4529 18,9324 -0,2046 171,7587 0,8508 23,0000 
6,050 3438,7277 1395,6262 4,8233 454,5395 18,8738 -0,2068 171,2775 0,8500 23,0000 
6,100 3460,1867 1402,9516 4,9011 452,6387 18,8148 -0,2090 170,7935 0,8492 23,0000 
6,150 3481,5634 1410,2244 4,9795 450,7503 18,7556 -0,2112 170,3068 0,8484 23,0000 
6,200 3502,8586 1417,4448 5,0584 448,8743 18,6962 -0,2134 169,8176 0,8477 23,0000 
6,250 3524,0726 1424,6131 5,1379 447,0104 18,6364 -0,2156 169,3260 0,8469 23,0000 
6,300 3545,2061 1431,7296 5,2178 445,1576 18,5764 -0,2179 168,8322 0,8461 23,0000 
6,350 3566,2595 1438,7946 5,2983 443,3160 18,5162 -0,2201 168,3364 0,8454 23,0000 
6,400 3587,2332 1445,8082 5,3792 441,4855 18,4556 -0,2223 167,8387 0,8446 23,0000 
6,450 3608,1278 1452,7708 5,4607 439,6662 18,3948 -0,2246 167,3391 0,8439 23,0000 
6,500 3628,9437 1459,6825 5,5427 437,8582 18,3337 -0,2268 166,8380 0,8431 23,0000 
6,550 3649,6814 1466,5437 5,6252 436,0617 18,2724 -0,2291 166,3352 0,8424 23,0000 
6,600 3670,3414 1473,3546 5,7082 434,2766 18,2107 -0,2313 165,8311 0,8417 23,0000 
6,650 3690,9242 1480,1155 5,7917 432,5030 18,1488 -0,2336 165,3257 0,8409 23,0000 
6,700 3711,4303 1486,8266 5,8757 430,7409 18,0867 -0,2358 164,8191 0,8402 23,0000 
6,750 3731,8602 1493,4882 5,9602 428,9904 18,0242 -0,2381 164,3114 0,8395 23,0000 
6,800 3752,2143 1500,1005 6,0452 427,2516 17,9615 -0,2404 163,8027 0,8388 23,0000 
6,850 3772,4933 1506,6637 6,1307 425,5245 17,8985 -0,2426 163,2933 0,8381 23,0000 
6,900 3792,6976 1513,1782 6,2166 423,8090 17,8352 -0,2449 162,7830 0,8374 23,0000 
6,950 3812,8277 1519,6442 6,3031 422,1053 17,7716 -0,2472 162,2722 0,8367 23,0000 
7,000 3832,8841 1526,0620 6,3900 420,4134 17,7078 -0,2495 161,7608 0,8360 23,0000 
7,050 3852,8673 1532,4317 6,4774 418,7333 17,6437 -0,2518 161,2489 0,8354 23,0000 
7,100 3872,7779 1538,7537 6,5653 417,0649 17,5793 -0,2541 160,7366 0,8347 23,0000 
7,150 3892,6163 1545,0282 6,6537 415,4083 17,5146 -0,2564 160,2241 0,8340 23,0000 
7,200 3912,3831 1551,2555 6,7426 413,7636 17,4497 -0,2587 159,7114 0,8334 23,0000 
7,250 3932,0787 1557,4357 6,8319 412,1307 17,3844 -0,2610 159,1986 0,8327 23,0000 
7,300 3951,7037 1563,5692 6,9217 410,5096 17,3189 -0,2633 158,6858 0,8321 23,0000 
7,350 3971,2587 1569,6563 7,0119 408,9003 17,2531 -0,2656 158,1730 0,8314 23,0000 
7,400 3990,7440 1575,6970 7,1026 407,3028 17,1870 -0,2679 157,6603 0,8308 23,0000 
7,450 4010,1603 1581,6918 7,1938 405,7171 17,1207 -0,2703 157,1479 0,8301 23,0000 
7,500 4029,5080 1587,6408 7,2855 404,1432 17,0541 -0,2726 156,6357 0,8295 23,0000 
7,550 4048,7876 1593,5444 7,3776 402,5811 16,9871 -0,2749 156,1238 0,8289 23,0000 
7,600 4067,9997 1599,4026 7,4702 401,0307 16,9200 -0,2772 155,6124 0,8283 23,0000 
7,650 4087,1448 1605,2159 7,5632 399,4921 16,8525 -0,2796 155,1014 0,8277 23,0000 
7,700 4106,2234 1610,9843 7,6567 397,9652 16,7847 -0,2819 154,5910 0,8270 23,0000 
7,750 4125,2359 1616,7082 7,7506 396,4499 16,7167 -0,2843 154,0811 0,8264 23,0000 
7,800 4144,1830 1622,3879 7,8450 394,9463 16,6484 -0,2866 153,5719 0,8258 23,0000 
7,850 4163,0651 1628,0234 7,9398 393,4543 16,5798 -0,2889 153,0634 0,8252 23,0000 
7,900 4181,8826 1633,6151 8,0351 391,9738 16,5109 -0,2913 152,5556 0,8247 23,0000 
7,950 4200,6362 1639,1633 8,1308 390,5049 16,4417 -0,2936 152,0487 0,8241 23,0000 
8,000 4219,3263 1644,6681 8,2270 389,0475 16,3723 -0,2959 151,5426 0,8235 23,0000 
8,050 4237,9534 1650,1297 8,3236 387,6010 16,3025 -0,2983 151,0374 0,8229 23,0000 
8,100 4256,5180 1655,5485 8,4206 386,1659 16,2325 -0,3006 150,5331 0,8224 23,0000 
8,150 4275,0206 1660,9245 8,5181 384,7422 16,1622 -0,3029 150,0299 0,8218 23,0000 
8,200 4293,4616 1666,2582 8,6159 383,3297 16,0917 -0,3053 149,5277 0,8212 23,0000 
8,250 4311,8417 1671,5496 8,7142 381,9282 16,0208 -0,3076 149,0265 0,8207 23,0000 
8,300 4330,1611 1676,7989 8,8130 380,5376 15,9497 -0,3100 148,5265 0,8201 23,0000 
8,350 4348,4205 1682,0065 8,9121 379,1578 15,8783 -0,3123 148,0276 0,8196 23,0000 
8,400 4366,6202 1687,1726 9,0117 377,7887 15,8066 -0,3146 147,5300 0,8190 23,0000 
8,450 4384,7608 1692,2972 9,1117 376,4302 15,7346 -0,3170 147,0335 0,8185 23,0000 
8,500 4402,8426 1697,3807 9,2121 375,0821 15,6623 -0,3193 146,5383 0,8180 23,0000 
8,550 4420,8663 1702,4233 9,3129 373,7444 15,5898 -0,3216 146,0444 0,8174 23,0000 
8,600 4438,8321 1707,4251 9,4141 372,4169 15,5170 -0,3239 145,5518 0,8169 23,0000 
8,650 4456,7405 1712,3864 9,5157 371,0997 15,4439 -0,3262 145,0605 0,8164 23,0000 
8,700 4474,5920 1717,3074 9,6177 369,7926 15,3705 -0,3285 144,5707 0,8159 23,0000 
8,750 4492,3870 1722,1882 9,7201 368,4955 15,2969 -0,3308 144,0822 0,8154 23,0000 
8,800 4510,1260 1727,0291 9,8229 367,2083 15,2229 -0,3331 143,5951 0,8149 23,0000 
8,850 4527,8093 1731,8303 9,9261 365,9312 15,1487 -0,3354 143,1095 0,8144 23,0000 
8,900 4545,4375 1736,5919 10,0296 364,6638 15,0742 -0,3377 142,6253 0,8139 23,0000 
8,950 4563,0108 1741,3141 10,1336 363,4063 14,9994 -0,3400 142,1427 0,8134 23,0000 
9,000 4580,5298 1745,9972 10,2379 362,1585 14,9244 -0,3422 141,6615 0,8129 23,0000 
9,050 4597,9949 1750,6414 10,3425 360,9205 14,8490 -0,3445 141,1819 0,8124 23,0000 
9,100 4615,4065 1755,2467 10,4476 359,6921 14,7734 -0,3467 140,7039 0,8119 23,0000 
9,150 4632,7650 1759,8135 10,5529 358,4734 14,6975 -0,3490 140,2274 0,8115 23,0000 
9,200 4650,0708 1764,3418 10,6587 357,2642 14,6214 -0,3512 139,7525 0,8110 23,0000 
9,250 4667,3243 1768,8320 10,7648 356,0646 14,5449 -0,3534 139,2791 0,8105 23,0000 
9,300 4684,5260 1773,2841 10,8712 354,8745 14,4682 -0,3556 138,8074 0,8101 23,0000 
9,350 4701,6763 1777,6983 10,9780 353,6940 14,3912 -0,3578 138,3374 0,8096 23,0000 
9,400 4718,7755 1782,0749 11,0851 352,5228 14,3139 -0,3600 137,8690 0,8092 23,0000 
9,450 4735,8241 1786,4140 11,1926 351,3611 14,2364 -0,3622 137,4022 0,8087 23,0000 
9,500 4752,8224 1790,7157 11,3003 350,2088 14,1586 -0,3643 136,9371 0,8083 23,0000 
9,550 4769,7710 1794,9804 11,4084 349,0659 14,0805 -0,3664 136,4737 0,8078 23,0000 
9,600 4786,6702 1799,2080 11,5168 347,9323 14,0021 -0,3685 136,0120 0,8074 23,0000 
9,650 4803,5203 1803,3989 11,6255 346,8081 13,9234 -0,3706 135,5520 0,8069 23,0000 
9,700 4820,3219 1807,5532 11,7345 345,6931 13,8445 -0,3727 135,0937 0,8065 23,0000 
9,750 4837,0753 1811,6710 11,8438 344,5874 13,7653 -0,3748 134,6371 0,8061 23,0000 
9,800 4853,7808 1815,7525 11,9534 343,4909 13,6859 -0,3768 134,1823 0,8057 23,0000 
9,850 4870,4390 1819,7980 12,0632 342,4037 13,6061 -0,3789 133,7292 0,8053 23,0000 
9,900 4887,0502 1823,8075 12,1734 341,3257 13,5261 -0,3809 133,2778 0,8048 23,0000 
9,950 4903,6148 1827,7812 12,2838 340,2569 13,4458 -0,3829 132,8282 0,8044 23,0000 
10,000 4920,1332 1831,7194 12,3944 339,2009 13,3653 -0,3848 132,3804 0,8040 23,0000 
10,050 4936,6062 1835,6222 12,5054 338,1611 13,2844 -0,3868 131,9343 0,8036 23,0000 
10,100 4953,0344 1839,4899 12,6165 337,1375 13,2033 -0,3887 131,4901 0,8032 23,0000 
10,150 4969,4187 1843,3228 12,7280 336,1300 13,1220 -0,3906 131,0476 0,8028 23,0000 
10,200 4985,7598 1847,1210 12,8396 335,1384 13,0404 -0,3925 130,6070 0,8024 23,0000 
10,250 5002,0583 1850,8848 12,9516 334,1625 12,9585 -0,3944 130,1682 0,8020 23,0000 
10,300 5018,3150 1854,6145 13,0637 333,2021 12,8764 -0,3962 129,7312 0,8017 23,0000 
10,350 5034,5306 1858,3102 13,1761 332,2570 12,7940 -0,3980 129,2961 0,8013 23,0000 
10,400 5050,7058 1861,9723 13,2887 331,3270 12,7114 -0,3998 128,8629 0,8009 23,0000 
10,450 5066,8413 1865,6008 13,4016 330,4118 12,6285 -0,4016 128,4316 0,8005 23,0000 
10,500 5082,9377 1869,1961 13,5146 329,5111 12,5453 -0,4034 128,0021 0,8002 23,0000 
10,550 5098,9956 1872,7583 13,6279 328,6247 12,4619 -0,4051 127,5745 0,7998 23,0000 
10,600 5115,0158 1876,2876 13,7415 327,7522 12,3783 -0,4069 127,1488 0,7994 23,0000 
10,650 5130,9989 1879,7842 13,8552 326,8934 12,2944 -0,4086 126,7250 0,7991 23,0000 
10,700 5146,9455 1883,2484 13,9692 326,0480 12,2103 -0,4103 126,3032 0,7987 23,0000 
10,750 5162,8561 1886,6802 14,0834 325,2156 12,1260 -0,4121 125,8832 0,7984 23,0000 
10,800 5178,7314 1890,0800 14,1978 324,3960 12,0414 -0,4138 125,4651 0,7980 23,0000 
10,850 5194,5719 1893,4478 14,3124 323,5888 11,9565 -0,4155 125,0490 0,7977 23,0000 
10,900 5210,3782 1896,7838 14,4273 322,7938 11,8715 -0,4172 124,6348 0,7973 23,0000 
10,950 5226,1508 1900,0882 14,5423 322,0106 11,7862 -0,4189 124,2224 0,7970 23,0000 
11,000 5241,8903 1903,3613 14,6576 321,2388 11,7007 -0,4205 123,8120 0,7967 23,0000 
11,050 5257,5971 1906,6030 14,7731 320,4783 11,6149 -0,4222 123,4035 0,7963 23,0000 
11,100 5273,2718 1909,8136 14,8889 319,7287 11,5289 -0,4239 122,9970 0,7960 23,0000 
11,150 5288,9148 1912,9932 15,0048 318,9897 11,4427 -0,4256 122,5923 0,7957 23,0000 
11,200 5304,5266 1916,1420 15,1210 318,2610 11,3563 -0,4272 122,1896 0,7954 23,0000 
11,250 5320,1077 1919,2601 15,2374 317,5422 11,2697 -0,4289 121,7887 0,7950 23,0000 
11,300 5335,6584 1922,3477 15,3541 316,8333 11,1828 -0,4305 121,3898 0,7947 23,0000 
11,350 5351,1793 1925,4049 15,4709 316,1337 11,0957 -0,4321 120,9927 0,7944 23,0000 
11,400 5366,6707 1928,4317 15,5880 315,4433 11,0085 -0,4338 120,5975 0,7941 23,0000 
11,450 5382,1331 1931,4284 15,7052 314,7617 10,9210 -0,4354 120,2043 0,7938 23,0000 
11,500 5397,5667 1934,3951 15,8227 314,0888 10,8332 -0,4370 119,8129 0,7935 23,0000 
11,550 5412,9721 1937,3318 15,9405 313,4242 10,7453 -0,4386 119,4234 0,7932 23,0000 
11,600 5428,3494 1940,2387 16,0584 312,7677 10,6572 -0,4402 119,0357 0,7929 23,0000 
11,650 5443,6992 1943,1159 16,1766 312,1190 10,5688 -0,4419 118,6500 0,7926 23,0000 
11,700 5459,0217 1945,9635 16,2950 311,4779 10,4803 -0,4435 118,2660 0,7923 23,0000 
11,750 5474,3172 1948,7816 16,4135 310,8442 10,3915 -0,4451 117,8840 0,7920 23,0000 
11,800 5489,5861 1951,5704 16,5324 310,2179 10,3026 -0,4466 117,5037 0,7917 23,0000 
11,850 5504,8287 1954,3298 16,6514 309,5987 10,2134 -0,4482 117,1254 0,7915 23,0000 
11,900 5520,0452 1957,0601 16,7707 308,9863 10,1241 -0,4498 116,7488 0,7912 23,0000 
11,950 5535,2360 1959,7612 16,8901 308,3805 10,0345 -0,4514 116,3741 0,7909 23,0000 
12,000 5550,4013 1962,4334 17,0098 307,7810 9,9448 -0,4530 116,0012 0,7906 23,0000 
12,050 5565,5414 1965,0766 17,1297 307,1877 9,8548 -0,4545 115,6300 0,7904 23,0000 
12,100 5580,6566 1967,6910 17,2498 306,6003 9,7647 -0,4561 115,2607 0,7901 23,0000 
12,150 5595,7471 1970,2766 17,3702 306,0187 9,6744 -0,4577 114,8932 0,7898 23,0000 
12,200 5610,8131 1972,8336 17,4907 305,4427 9,5838 -0,4592 114,5274 0,7896 23,0000 
12,250 5625,8548 1975,3620 17,6115 304,8721 9,4931 -0,4608 114,1635 0,7893 23,0000 
12,300 5640,8726 1977,8619 17,7325 304,3067 9,4022 -0,4623 113,8013 0,7891 23,0000 
12,350 5655,8665 1980,3333 17,8537 303,7464 9,3111 -0,4639 113,4408 0,7888 23,0000 
12,400 5670,8368 1982,7764 17,9751 303,1910 9,2198 -0,4654 113,0821 0,7886 23,0000 
12,450 5685,7836 1985,1911 18,0967 302,6404 9,1283 -0,4670 112,7251 0,7883 23,0000 
12,500 5700,7073 1987,5777 18,2185 302,0945 9,0367 -0,4685 112,3698 0,7881 23,0000 
12,550 5715,6079 1989,9360 18,3406 301,5532 8,9448 -0,4700 112,0163 0,7878 23,0000 
12,600 5730,4856 1992,2663 18,4628 301,0163 8,8528 -0,4716 111,6644 0,7876 23,0000 
12,650 5745,3407 1994,5686 18,5853 300,4837 8,7606 -0,4731 111,3143 0,7874 23,0000 
12,700 5760,1732 1996,8429 18,7080 299,9553 8,6681 -0,4746 110,9658 0,7871 23,0000 
12,750 5774,9833 1999,0893 18,8309 299,4310 8,5756 -0,4762 110,6190 0,7869 23,0000 
12,800 5789,7713 2001,3078 18,9540 298,9107 8,4828 -0,4777 110,2739 0,7867 23,0000 
12,850 5804,5371 2003,4986 19,0773 298,3943 8,3898 -0,4792 109,9304 0,7865 23,0000 
12,900 5819,2811 2005,6616 19,2008 297,8818 8,2967 -0,4807 109,5886 0,7863 23,0000 
12,950 5834,0033 2007,7970 19,3245 297,3730 8,2034 -0,4822 109,2485 0,7860 23,0000 
13,000 5848,7039 2009,9048 19,4484 296,8679 8,1099 -0,4837 108,9099 0,7858 23,0000 
13,050 5863,3829 2011,9850 19,5725 296,3664 8,0162 -0,4852 108,5730 0,7856 23,0000 
13,100 5878,0406 2014,0377 19,6969 295,8684 7,9224 -0,4867 108,2377 0,7854 23,0000 
13,150 5892,6771 2016,0630 19,8214 295,3739 7,8283 -0,4883 107,9039 0,7852 23,0000 
13,200 5907,2925 2018,0609 19,9462 294,8828 7,7341 -0,4898 107,5718 0,7850 23,0000 
13,250 5921,8868 2020,0315 20,0711 294,3949 7,6398 -0,4913 107,2412 0,7848 23,0000 
13,300 5936,4604 2021,9747 20,1962 293,9104 7,5452 -0,4927 106,9123 0,7846 23,0000 
13,350 5951,0131 2023,8908 20,3216 293,4291 7,4505 -0,4942 106,5848 0,7844 23,0000 
13,400 5965,5453 2025,7796 20,4471 292,9510 7,3556 -0,4957 106,2590 0,7842 23,0000 
13,450 5980,0569 2027,6413 20,5729 292,4760 7,2605 -0,4972 105,9346 0,7840 23,0000 
13,500 5994,5481 2029,4760 20,6988 292,0040 7,1653 -0,4987 105,6118 0,7838 23,0000 
13,550 6009,0189 2031,2836 20,8250 291,5351 7,0698 -0,5002 105,2905 0,7837 23,0000 
13,600 6023,4696 2033,0642 20,9513 291,0692 6,9742 -0,5017 104,9708 0,7835 23,0000 
13,650 6037,9002 2034,8178 21,0779 290,6062 6,8785 -0,5032 104,6525 0,7833 23,0000 
13,700 6052,3108 2036,5446 21,2046 290,1462 6,7825 -0,5046 104,3357 0,7831 23,0000 
13,750 6066,7015 2038,2445 21,3316 289,6890 6,6864 -0,5061 104,0205 0,7830 23,0000 
13,800 6081,0723 2039,9176 21,4587 289,2347 6,5902 -0,5076 103,7067 0,7828 23,0000 
13,850 6095,4235 2041,5640 21,5860 288,7831 6,4937 -0,5091 103,3943 0,7826 23,0000 
13,900 6109,7551 2043,1836 21,7135 288,3344 6,3971 -0,5105 103,0834 0,7825 23,0000 
13,950 6124,0671 2044,7766 21,8413 287,8884 6,3004 -0,5120 102,7740 0,7823 23,0000 
14,000 6138,3598 2046,3430 21,9692 287,4452 6,2034 -0,5135 102,4660 0,7821 23,0000 
14,050 6152,6331 2047,8827 22,0973 287,0047 6,1063 -0,5150 102,1594 0,7820 23,0000 
14,100 6166,8871 2049,3960 22,2256 286,5668 6,0091 -0,5164 101,8543 0,7818 23,0000 
14,150 6181,1220 2050,8827 22,3541 286,1317 5,9116 -0,5179 101,5506 0,7817 23,0000 
14,200 6195,3378 2052,3430 22,4827 285,6991 5,8140 -0,5194 101,2483 0,7815 23,0000 
14,250 6209,5346 2053,7768 22,6116 285,2692 5,7163 -0,5208 100,9473 0,7814 23,0000 
14,300 6223,7126 2055,1843 22,7407 284,8420 5,6184 -0,5223 100,6478 0,7813 23,0000 
14,350 6237,8717 2056,5655 22,8699 284,4173 5,5203 -0,5237 100,3496 0,7811 23,0000 
14,400 6252,0121 2057,9204 22,9994 283,9951 5,4220 -0,5252 100,0528 0,7810 23,0000 
14,450 6266,1339 2059,2490 23,1290 283,5756 5,3236 -0,5266 99,7574 0,7808 23,0000 
14,500 6280,2371 2060,5515 23,2588 283,1586 5,2251 -0,5281 99,4633 0,7807 23,0000 
14,550 6294,3218 2061,8277 23,3888 282,7441 5,1264 -0,5296 99,1706 0,7806 23,0000 
14,600 6308,3881 2063,0779 23,5190 282,3322 5,0275 -0,5310 98,8792 0,7805 23,0000 
14,650 6322,4361 2064,3019 23,6494 281,9231 4,9285 -0,5325 98,5891 0,7803 23,0000 
14,700 6336,4659 2065,4999 23,7799 281,5163 4,8293 -0,5339 98,3004 0,7802 23,0000 
14,750 6350,4775 2066,6719 23,9107 281,1119 4,7299 -0,5354 98,0130 0,7801 23,0000 
14,800 6364,4711 2067,8180 24,0416 280,7099 4,6304 -0,5368 97,7268 0,7800 23,0000 
14,850 6378,4466 2068,9381 24,1727 280,3102 4,5308 -0,5383 97,4420 0,7799 23,0000 
14,900 6392,4042 2070,0323 24,3040 279,9128 4,4309 -0,5397 97,1585 0,7798 23,0000 
14,950 6406,3439 2071,1006 24,4355 279,5177 4,3310 -0,5412 96,8762 0,7797 23,0000 
15,000 6420,2659 2072,1431 24,5672 279,1248 4,2309 -0,5426 96,5952 0,7795 23,0000 
15,050 6434,1701 2073,1599 24,6991 278,7343 4,1306 -0,5440 96,3155 0,7794 23,0000 
15,100 6448,0566 2074,1509 24,8311 278,3460 4,0302 -0,5455 96,0370 0,7793 23,0000 
15,150 6461,9256 2075,1162 24,9633 277,9599 3,9296 -0,5469 95,7598 0,7792 23,0000 
15,200 6475,7770 2076,0558 25,0957 277,5761 3,8289 -0,5484 95,4839 0,7792 23,0000 
15,250 6489,6110 2076,9697 25,2283 277,1945 3,7280 -0,5498 95,2091 0,7791 23,0000 
15,300 6503,4275 2077,8581 25,3610 276,8151 3,6270 -0,5512 94,9356 0,7790 23,0000 
15,350 6517,2268 2078,7209 25,4940 276,4378 3,5258 -0,5527 94,6633 0,7789 23,0000 
15,400 6531,0087 2079,5582 25,6271 276,0628 3,4245 -0,5541 94,3922 0,7788 23,0000 
15,450 6544,7735 2080,3699 25,7604 275,6899 3,3230 -0,5556 94,1224 0,7787 23,0000 
15,500 6558,5211 2081,1562 25,8939 275,3192 3,2214 -0,5570 93,8537 0,7786 23,0000 
15,550 6572,2516 2081,9171 26,0275 274,9507 3,1197 -0,5584 93,5862 0,7786 23,0000 
15,600 6585,9652 2082,6526 26,1614 274,5842 3,0178 -0,5599 93,3199 0,7785 23,0000 
15,650 6599,6617 2083,3627 26,2954 274,2199 2,9157 -0,5613 93,0548 0,7784 23,0000 
15,700 6613,3414 2084,0475 26,4296 273,8577 2,8136 -0,5627 92,7908 0,7783 23,0000 
15,750 6627,0043 2084,7069 26,5639 273,4976 2,7112 -0,5642 92,5281 0,7783 23,0000 
15,800 6640,6503 2085,3412 26,6985 273,1395 2,6088 -0,5656 92,2664 0,7782 23,0000 
15,850 6654,2797 2085,9502 26,8332 272,7836 2,5062 -0,5670 92,0059 0,7782 23,0000 
15,900 6667,8924 2086,5340 26,9681 272,4297 2,4034 -0,5685 91,7466 0,7781 23,0000 
15,950 6681,4884 2087,0926 27,1032 272,0778 2,3005 -0,5699 91,4884 0,7780 23,0000 
16,000 6695,0680 2087,6261 27,2384 271,7280 2,1975 -0,5713 91,2313 0,7780 23,0000 
16,050 6708,6310 2088,1345 27,3738 271,3803 2,0943 -0,5728 90,9753 0,7779 23,0000 
16,100 6722,1777 2088,6179 27,5094 271,0345 1,9910 -0,5742 90,7205 0,7779 23,0000 
16,150 6735,7079 2089,0762 27,6452 270,6908 1,8876 -0,5756 90,4667 0,7778 23,0000 
16,200 6749,2218 2089,5095 27,7811 270,3491 1,7840 -0,5770 90,2141 0,7778 23,0000 
16,250 6762,7195 2089,9179 27,9172 270,0093 1,6803 -0,5785 89,9626 0,7778 23,0000 
16,300 6776,2009 2090,3013 28,0535 269,6716 1,5765 -0,5799 89,7121 0,7777 23,0000 
16,350 6789,6662 2090,6598 28,1900 269,3358 1,4725 -0,5813 89,4628 0,7777 23,0000 
16,400 6803,1154 2090,9934 28,3266 269,0020 1,3684 -0,5827 89,2145 0,7777 23,0000 
16,450 6816,5486 2091,3021 28,4634 268,6701 1,2641 -0,5842 88,9672 0,7776 23,0000 
16,500 6829,9657 2091,5861 28,6004 268,3401 1,1597 -0,5856 88,7211 0,7776 23,0000 
16,550 6843,3669 2091,8453 28,7375 268,0121 1,0552 -0,5870 88,4760 0,7776 23,0000 
16,600 6856,7522 2092,0797 28,8748 267,6861 0,9506 -0,5884 88,2319 0,7775 23,0000 
16,650 6870,1216 2092,2894 29,0123 267,3619 0,8458 -0,5899 87,9889 0,7775 23,0000 
16,700 6883,4753 2092,4744 29,1499 267,0397 0,7410 -0,5913 87,7470 0,7775 23,0000 
16,750 6896,8132 2092,6347 29,2877 266,7193 0,6359 -0,5927 87,5060 0,7775 23,0000 
16,800 6910,1354 2092,7704 29,4257 266,4008 0,5308 -0,5941 87,2661 0,7775 23,0000 
16,850 6923,4420 2092,8815 29,5639 266,0842 0,4255 -0,5956 87,0273 0,7775 23,0000 
16,900 6936,7329 2092,9681 29,7022 265,7695 0,3201 -0,5970 86,7894 0,7775 23,0000 
16,950 6950,0084 2093,0300 29,8407 265,4567 0,2146 -0,5984 86,5525 0,7774 23,0000 
17,000 6963,2683 2093,0675 29,9794 265,1457 0,1090 -0,5999 86,3167 0,7774 23,0000 
17,050 6976,5127 2093,0805 30,1182 264,8365 0,0032 -0,6013 86,0818 0,7774 23,0000 
17,100 6989,7418 2093,0690 30,2572 264,5292 -0,1027 -0,6028 85,8480 0,7774 23,0000 
17,150 7002,9555 2093,0331 30,3964 264,2237 -0,2087 -0,6042 85,6151 0,7774 23,0000 
17,200 7016,1539 2092,9728 30,5357 263,9200 -0,3148 -0,6057 85,3832 0,7775 23,0000 
17,250 7029,3370 2092,8881 30,6753 263,6182 -0,4211 -0,6071 85,1523 0,7775 23,0000 
17,300 7042,5048 2092,7790 30,8150 263,3181 -0,5274 -0,6086 84,9223 0,7775 23,0000 
17,350 7055,6575 2092,6457 30,9549 263,0199 -0,6339 -0,6100 84,6934 0,7775 23,0000 
17,400 7068,7951 2092,4880 31,0949 262,7234 -0,7405 -0,6115 84,4653 0,7775 23,0000 
17,450 7081,9176 2092,3061 31,2351 262,4287 -0,8472 -0,6129 84,2383 0,7775 23,0000 
17,500 7095,0250 2092,1000 31,3755 262,1358 -0,9541 -0,6144 84,0122 0,7775 23,0000 
17,550 7108,1174 2091,8697 31,5161 261,8447 -1,0610 -0,6158 83,7870 0,7776 23,0000 
17,600 7121,1949 2091,6151 31,6568 261,5553 -1,1681 -0,6173 83,5628 0,7776 23,0000 
17,650 7134,2574 2091,3365 31,7977 261,2676 -1,2752 -0,6187 83,3395 0,7776 23,0000 
17,700 7147,3051 2091,0337 31,9388 260,9818 -1,3825 -0,6202 83,1171 0,7776 23,0000 
17,750 7160,3379 2090,7068 32,0800 260,6976 -1,4899 -0,6216 82,8956 0,7777 23,0000 
17,800 7173,3560 2090,3559 32,2214 260,4152 -1,5974 -0,6231 82,6751 0,7777 23,0000 
17,850 7186,3593 2089,9809 32,3630 260,1345 -1,7050 -0,6246 82,4555 0,7778 23,0000 
17,900 7199,3479 2089,5819 32,5048 259,8555 -1,8128 -0,6260 82,2368 0,7778 23,0000 
17,950 7212,3218 2089,1589 32,6467 259,5782 -1,9206 -0,6275 82,0190 0,7778 23,0000 
18,000 7225,2810 2088,7119 32,7888 259,3026 -2,0285 -0,6289 81,8020 0,7779 23,0000 
18,050 7238,2257 2088,2410 32,9310 259,0287 -2,1366 -0,6304 81,5860 0,7779 23,0000 
18,100 7251,1559 2087,7462 33,0735 258,7566 -2,2447 -0,6318 81,3709 0,7780 23,0000 
18,150 7264,0715 2087,2275 33,2161 258,4860 -2,3530 -0,6333 81,1567 0,7780 23,0000 
18,200 7276,9727 2086,6850 33,3588 258,2172 -2,4613 -0,6347 80,9433 0,7781 23,0000 
18,250 7289,8594 2086,1186 33,5018 257,9500 -2,5698 -0,6362 80,7308 0,7781 23,0000 
18,300 7302,7317 2085,5285 33,6449 257,6845 -2,6783 -0,6376 80,5192 0,7782 23,0000 
18,350 7315,5897 2084,9145 33,7881 257,4207 -2,7870 -0,6391 80,3084 0,7783 23,0000 
18,400 7328,4333 2084,2768 33,9316 257,1584 -2,8957 -0,6406 80,0985 0,7783 23,0000 
18,450 7341,2627 2083,6154 34,0752 256,8979 -3,0046 -0,6420 79,8895 0,7784 23,0000 
18,500 7354,0778 2082,9303 34,2189 256,6390 -3,1135 -0,6435 79,6813 0,7785 23,0000 
18,550 7366,8787 2082,2215 34,3629 256,3816 -3,2226 -0,6449 79,4739 0,7785 23,0000 
18,600 7379,6655 2081,4890 34,5070 256,1260 -3,3317 -0,6464 79,2674 0,7786 23,0000 
18,650 7392,4381 2080,7330 34,6512 255,8719 -3,4410 -0,6478 79,0617 0,7787 23,0000 
18,700 7405,1966 2079,9533 34,7956 255,6194 -3,5503 -0,6493 78,8569 0,7788 23,0000 
18,750 7417,9410 2079,1501 34,9402 255,3686 -3,6597 -0,6508 78,6529 0,7788 23,0000 
18,800 7430,6714 2078,3233 35,0850 255,1193 -3,7693 -0,6522 78,4497 0,7789 23,0000 
18,850 7443,3878 2077,4729 35,2299 254,8717 -3,8789 -0,6537 78,2473 0,7790 23,0000 
18,900 7456,0903 2076,5991 35,3750 254,6256 -3,9886 -0,6551 78,0458 0,7791 23,0000 
18,950 7468,7788 2075,7018 35,5202 254,3811 -4,0984 -0,6566 77,8450 0,7792 23,0000 
19,000 7481,4534 2074,7811 35,6657 254,1382 -4,2082 -0,6580 77,6451 0,7793 23,0000 
19,050 7494,1142 2073,8369 35,8112 253,8969 -4,3182 -0,6595 77,4460 0,7794 23,0000 
19,100 7506,7611 2072,8694 35,9570 253,6571 -4,4283 -0,6610 77,2476 0,7795 23,0000 
19,150 7519,3943 2071,8784 36,1029 253,4188 -4,5384 -0,6624 77,0501 0,7796 23,0000 
19,200 7532,0137 2070,8642 36,2489 253,1822 -4,6486 -0,6639 76,8533 0,7797 23,0000 
19,250 7544,6193 2069,8265 36,3952 252,9470 -4,7589 -0,6653 76,6574 0,7798 23,0000 
19,300 7557,2113 2068,7656 36,5416 252,7134 -4,8693 -0,6668 76,4622 0,7799 23,0000 
19,350 7569,7896 2067,6814 36,6881 252,4814 -4,9798 -0,6683 76,2678 0,7800 23,0000 
19,400 7582,3543 2066,5740 36,8348 252,2508 -5,0903 -0,6697 76,0742 0,7801 23,0000 
19,450 7594,9053 2065,4433 36,9817 252,0218 -5,2010 -0,6712 75,8813 0,7802 23,0000 
19,500 7607,4428 2064,2894 37,1287 251,7943 -5,3117 -0,6726 75,6892 0,7803 23,0000 
19,550 7619,9668 2063,1124 37,2759 251,5684 -5,4225 -0,6741 75,4979 0,7805 23,0000 
19,600 7632,4773 2061,9122 37,4233 251,3439 -5,5333 -0,6756 75,3073 0,7806 23,0000 
19,650 7644,9742 2060,6888 37,5708 251,1209 -5,6443 -0,6770 75,1175 0,7807 23,0000 
19,700 7657,4578 2059,4423 37,7185 250,8994 -5,7553 -0,6785 74,9284 0,7808 23,0000 
19,750 7669,9279 2058,1728 37,8663 250,6795 -5,8664 -0,6799 74,7401 0,7810 23,0000 
19,800 7682,3847 2056,8802 38,0143 250,4610 -5,9776 -0,6814 74,5525 0,7811 23,0000 
19,850 7694,8280 2055,5645 38,1624 250,2440 -6,0888 -0,6829 74,3657 0,7812 23,0000 
19,900 7707,2581 2054,2258 38,3107 250,0284 -6,2001 -0,6843 74,1796 0,7813 23,0000 
19,950 7719,6749 2052,8642 38,4592 249,8143 -6,3115 -0,6858 73,9942 0,7815 23,0000 
20,000 7732,0783 2051,4795 38,6078 249,6017 -6,4230 -0,6872 73,8096 0,7816 23,0000 
20,050 7744,4686 2050,0720 38,7566 249,3906 -6,5345 -0,6887 73,6257 0,7818 23,0000 
20,100 7756,8456 2048,6414 38,9056 249,1809 -6,6461 -0,6902 73,4425 0,7819 23,0000 
20,150 7769,2095 2047,1880 39,0547 248,9727 -6,7577 -0,6916 73,2600 0,7821 23,0000 
20,200 7781,5602 2045,7118 39,2039 248,7659 -6,8694 -0,6931 73,0782 0,7822 23,0000 
20,250 7793,8978 2044,2126 39,3533 248,5605 -6,9812 -0,6946 72,8972 0,7824 23,0000 
20,300 7806,2223 2042,6907 39,5029 248,3566 -7,0931 -0,6960 72,7168 0,7825 23,0000 
20,350 7818,5337 2041,1459 39,6526 248,1541 -7,2050 -0,6975 72,5372 0,7827 23,0000 
20,400 7830,8320 2039,5783 39,8025 247,9530 -7,3170 -0,6990 72,3583 0,7828 23,0000 
20,450 7843,1174 2037,9880 39,9525 247,7534 -7,4290 -0,7004 72,1800 0,7830 23,0000 
20,500 7855,3897 2036,3750 40,1027 247,5551 -7,5411 -0,7019 72,0025 0,7831 23,0000 
20,550 7867,6491 2034,7392 40,2530 247,3583 -7,6532 -0,7033 71,8256 0,7833 23,0000 
20,600 7879,8955 2033,0807 40,4035 247,1629 -7,7654 -0,7048 71,6494 0,7835 23,0000 
20,650 7892,1291 2031,3996 40,5542 246,9689 -7,8777 -0,7063 71,4739 0,7837 23,0000 
20,700 7904,3497 2029,6958 40,7050 246,7763 -7,9900 -0,7077 71,2991 0,7838 23,0000 
20,750 7916,5575 2027,9694 40,8560 246,5850 -8,1024 -0,7092 71,1250 0,7840 23,0000 
20,800 7928,7524 2026,2203 41,0071 246,3952 -8,2148 -0,7107 70,9516 0,7842 23,0000 
20,850 7940,9346 2024,4487 41,1583 246,2067 -8,3273 -0,7121 70,7788 0,7844 23,0000 
20,900 7953,1039 2022,6546 41,3098 246,0197 -8,4399 -0,7136 70,6067 0,7845 23,0000 
20,950 7965,2605 2020,8379 41,4613 245,8339 -8,5525 -0,7151 70,4352 0,7847 23,0000 
21,000 7977,4043 2018,9987 41,6130 245,6496 -8,6651 -0,7165 70,2644 0,7849 23,0000 
21,050 7989,5355 2017,1370 41,7649 245,4666 -8,7778 -0,7180 70,0943 0,7851 23,0000 
21,100 8001,6539 2015,2528 41,9169 245,2850 -8,8905 -0,7195 69,9248 0,7853 23,0000 
21,150 8013,7597 2013,3462 42,0691 245,1047 -9,0033 -0,7209 69,7560 0,7855 23,0000 
21,200 8025,8529 2011,4171 42,2215 244,9258 -9,1161 -0,7224 69,5878 0,7857 23,0000 
21,250 8037,9334 2009,4657 42,3739 244,7482 -9,2290 -0,7239 69,4203 0,7859 23,0000 
21,300 8050,0013 2007,4919 42,5266 244,5720 -9,3419 -0,7253 69,2534 0,7861 23,0000 
21,350 8062,0567 2005,4957 42,6793 244,3971 -9,4548 -0,7268 69,0872 0,7863 23,0000 
21,400 8074,0995 2003,4772 42,8323 244,2235 -9,5678 -0,7283 68,9216 0,7865 23,0000 
21,450 8086,1298 2001,4363 42,9853 244,0513 -9,6809 -0,7297 68,7566 0,7867 23,0000 
21,500 8098,1476 1999,3732 43,1386 243,8804 -9,7940 -0,7312 68,5922 0,7869 23,0000 
21,550 8110,1529 1997,2878 43,2919 243,7108 -9,9071 -0,7327 68,4285 0,7871 23,0000 
21,600 8122,1458 1995,1801 43,4455 243,5425 -10,0202 -0,7342 68,2655 0,7873 23,0000 
21,650 8134,1262 1993,0502 43,5991 243,3755 -10,1334 -0,7356 68,1030 0,7875 23,0000 
21,700 8146,0942 1990,8982 43,7530 243,2098 -10,2467 -0,7371 67,9411 0,7877 23,0000 
21,750 8158,0499 1988,7239 43,9069 243,0455 -10,3599 -0,7386 67,7799 0,7880 23,0000 
21,800 8169,9931 1986,5274 44,0610 242,8824 -10,4732 -0,7400 67,6193 0,7882 23,0000 
21,850 8181,9240 1984,3089 44,2153 242,7206 -10,5865 -0,7415 67,4593 0,7884 23,0000 
21,900 8193,8426 1982,0682 44,3697 242,5601 -10,6999 -0,7430 67,2999 0,7886 23,0000 
21,950 8205,7489 1979,8054 44,5243 242,4009 -10,8133 -0,7445 67,1412 0,7889 23,0000 
22,000 8217,6429 1977,5205 44,6790 242,2430 -10,9267 -0,7459 66,9830 0,7891 23,0000 
22,050 8229,5246 1975,2136 44,8338 242,0863 -11,0402 -0,7474 66,8254 0,7893 23,0000 
22,100 8241,3941 1972,8846 44,9888 241,9309 -11,1536 -0,7489 66,6684 0,7896 23,0000 
22,150 8253,2514 1970,5337 45,1440 241,7768 -11,2671 -0,7503 66,5120 0,7898 23,0000 
22,200 8265,0965 1968,1607 45,2992 241,6239 -11,3807 -0,7518 66,3563 0,7901 23,0000 
22,250 8276,9294 1965,7658 45,4547 241,4723 -11,4942 -0,7533 66,2011 0,7903 23,0000 
22,300 8288,7501 1963,3489 45,6102 241,3220 -11,6078 -0,7548 66,0465 0,7905 23,0000 
22,350 8300,5587 1960,9101 45,7660 241,1729 -11,7214 -0,7562 65,8924 0,7908 23,0000 
22,400 8312,3551 1958,4494 45,9218 241,0250 -11,8350 -0,7577 65,7390 0,7910 23,0000 
22,450 8324,1395 1955,9669 46,0778 240,8784 -11,9487 -0,7592 65,5861 0,7913 23,0000 
22,500 8335,9118 1953,4624 46,2340 240,7330 -12,0623 -0,7607 65,4339 0,7916 23,0000 
22,550 8347,6720 1950,9361 46,3903 240,5889 -12,1760 -0,7621 65,2822 0,7918 23,0000 
22,600 8359,4202 1948,3880 46,5467 240,4460 -12,2897 -0,7636 65,1310 0,7921 23,0000 
22,650 8371,1563 1945,8181 46,7033 240,3043 -12,4034 -0,7651 64,9805 0,7923 23,0000 
22,700 8382,8805 1943,2265 46,8600 240,1638 -12,5171 -0,7666 64,8305 0,7926 23,0000 
22,750 8394,5926 1940,6130 47,0168 240,0245 -12,6309 -0,7680 64,6811 0,7929 23,0000 
22,800 8406,2928 1937,9779 47,1738 239,8865 -12,7446 -0,7695 64,5322 0,7931 23,0000 
22,850 8417,9810 1935,3210 47,3310 239,7496 -12,8584 -0,7710 64,3839 0,7934 23,0000 
22,900 8429,6573 1932,6424 47,4882 239,6140 -12,9722 -0,7725 64,2362 0,7937 23,0000 
22,950 8441,3217 1929,9422 47,6457 239,4796 -13,0860 -0,7739 64,0890 0,7939 23,0000 
23,000 8452,9742 1927,2203 47,8032 239,3463 -13,1998 -0,7754 63,9424 0,7942 23,0000 
23,050 8464,6148 1924,4768 47,9609 239,2143 -13,3136 -0,7769 63,7963 0,7945 23,0000 
23,100 8476,2436 1921,7117 48,1188 239,0834 -13,4274 -0,7784 63,6508 0,7948 23,0000 
23,150 8487,8605 1918,9250 48,2767 238,9537 -13,5412 -0,7799 63,5058 0,7951 23,0000 
23,200 8499,4656 1916,1167 48,4349 238,8252 -13,6550 -0,7813 63,3614 0,7954 23,0000 
23,250 8511,0588 1913,2869 48,5931 238,6979 -13,7689 -0,7828 63,2175 0,7956 23,0000 
23,300 8522,6403 1910,4356 48,7515 238,5717 -13,8827 -0,7843 63,0741 0,7959 23,0000 
23,350 8534,2100 1907,5628 48,9100 238,4467 -13,9965 -0,7858 62,9313 0,7962 23,0000 
23,400 8545,7679 1904,6685 49,0687 238,3229 -14,1104 -0,7873 62,7891 0,7965 23,0000 
23,450 8557,3141 1901,7527 49,2275 238,2002 -14,2242 -0,7887 62,6473 0,7968 23,0000 
23,500 8568,8486 1898,8155 49,3865 238,0787 -14,3380 -0,7902 62,5061 0,7971 23,0000 
23,550 8580,3714 1895,8569 49,5455 237,9584 -14,4519 -0,7917 62,3655 0,7974 23,0000 
23,600 8591,8824 1892,8768 49,7047 237,8391 -14,5657 -0,7932 62,2253 0,7977 23,0000 
23,650 8603,3818 1889,8754 49,8641 237,7211 -14,6795 -0,7947 62,0857 0,7980 23,0000 
23,700 8614,8696 1886,8527 50,0236 237,6041 -14,7934 -0,7961 61,9466 0,7984 23,0000 
23,750 8626,3456 1883,8086 50,1832 237,4883 -14,9072 -0,7976 61,8081 0,7987 23,0000 
23,800 8637,8101 1880,7432 50,3430 237,3737 -15,0210 -0,7991 61,6700 0,7990 23,0000 
23,850 8649,2629 1877,6565 50,5028 237,2601 -15,1348 -0,8006 61,5325 0,7993 23,0000 
23,900 8660,7042 1874,5486 50,6629 237,1477 -15,2486 -0,8021 61,3955 0,7996 23,0000 
23,950 8672,1338 1871,4194 50,8230 237,0364 -15,3624 -0,8036 61,2590 0,7999 23,0000 
24,000 8683,5519 1868,2690 50,9833 236,9262 -15,4761 -0,8050 61,1230 0,8003 23,0000 
24,050 8694,9585 1865,0973 51,1438 236,8172 -15,5899 -0,8065 60,9875 0,8006 23,0000 
24,100 8706,3535 1861,9045 51,3043 236,7092 -15,7037 -0,8080 60,8525 0,8009 23,0000 
24,150 8717,7369 1858,6905 51,4650 236,6023 -15,8174 -0,8095 60,7181 0,8012 23,0000 
24,200 8729,1089 1855,4554 51,6258 236,4966 -15,9311 -0,8110 60,5841 0,8016 23,0000 
24,250 8740,4694 1852,1991 51,7868 236,3919 -16,0448 -0,8125 60,4507 0,8019 23,0000 
24,300 8751,8184 1848,9218 51,9479 236,2883 -16,1585 -0,8139 60,3177 0,8023 23,0000 
24,350 8763,1559 1845,6234 52,1091 236,1858 -16,2722 -0,8154 60,1853 0,8026 23,0000 
24,400 8774,4820 1842,3039 52,2704 236,0844 -16,3858 -0,8169 60,0533 0,8029 23,0000 
24,450 8785,7966 1838,9633 52,4319 235,9841 -16,4995 -0,8184 59,9218 0,8033 23,0000 
24,500 8797,0998 1835,6018 52,5935 235,8848 -16,6131 -0,8199 59,7909 0,8036 23,0000 
24,550 8808,3916 1832,2192 52,7553 235,7867 -16,7267 -0,8214 59,6604 0,8040 23,0000 
24,600 8819,6720 1828,8157 52,9171 235,6896 -16,8402 -0,8229 59,5304 0,8043 23,0000 
24,650 8830,9411 1825,3912 53,0791 235,5935 -16,9538 -0,8244 59,4009 0,8047 23,0000 
24,700 8842,1987 1821,9458 53,2413 235,4985 -17,0673 -0,8258 59,2719 0,8050 23,0000 
24,750 8853,4450 1818,4795 53,4035 235,4046 -17,1808 -0,8273 59,1434 0,8054 23,0000 
24,800 8864,6800 1814,9922 53,5659 235,3117 -17,2943 -0,8288 59,0153 0,8057 23,0000 
24,850 8875,9036 1811,4841 53,7284 235,2199 -17,4077 -0,8303 58,8878 0,8061 23,0000 
24,900 8887,1159 1807,9552 53,8911 235,1291 -17,5211 -0,8318 58,7607 0,8065 23,0000 
24,950 8898,3170 1804,4054 54,0538 235,0394 -17,6345 -0,8333 58,6341 0,8068 23,0000 
25,000 8909,5067 1800,8348 54,2167 234,9507 -17,7479 -0,8348 58,5080 0,8072 23,0000 
25,050 8920,6851 1797,2434 54,3798 234,8630 -17,8612 -0,8363 58,3823 0,8076 23,0000 
25,100 8931,8523 1793,6313 54,5429 234,7763 -17,9745 -0,8378 58,2571 0,8080 23,0000 
25,150 8943,0083 1789,9984 54,7062 234,6907 -18,0877 -0,8393 58,1324 0,8083 23,0000 
25,200 8954,1530 1786,3448 54,8696 234,6061 -18,2009 -0,8407 58,0082 0,8087 23,0000 
25,250 8965,2864 1782,6705 55,0331 234,5226 -18,3141 -0,8422 57,8844 0,8091 23,0000 
25,300 8976,4087 1778,9755 55,1968 234,4400 -18,4273 -0,8437 57,7611 0,8095 23,0000 
25,350 8987,5197 1775,2598 55,3605 234,3584 -18,5404 -0,8452 57,6382 0,8099 23,0000 
25,400 8998,6196 1771,5235 55,5244 234,2779 -18,6535 -0,8467 57,5159 0,8102 23,0000 
25,450 9009,7083 1767,7666 55,6885 234,1983 -18,7665 -0,8482 57,3939 0,8106 23,0000 
25,500 9020,7858 1763,9891 55,8526 234,1198 -18,8795 -0,8497 57,2725 0,8110 23,0000 
25,550 9031,8521 1760,1910 56,0169 234,0422 -18,9925 -0,8512 57,1515 0,8114 23,0000 
25,600 9042,9074 1756,3723 56,1813 233,9657 -19,1054 -0,8527 57,0309 0,8118 23,0000 
25,650 9053,9514 1752,5331 56,3458 233,8901 -19,2183 -0,8542 56,9108 0,8122 23,0000 
25,700 9064,9844 1748,6734 56,5104 233,8155 -19,3311 -0,8557 56,7912 0,8126 23,0000 
25,750 9076,0063 1744,7932 56,6752 233,7419 -19,4439 -0,8572 56,6720 0,8130 23,0000 
25,800 9087,0170 1740,8925 56,8401 233,6692 -19,5567 -0,8587 56,5533 0,8134 23,0000 
25,850 9098,0167 1736,9714 57,0051 233,5976 -19,6694 -0,8602 56,4350 0,8138 23,0000 
25,900 9109,0053 1733,0298 57,1702 233,5269 -19,7820 -0,8617 56,3172 0,8142 23,0000 
25,950 9119,9828 1729,0678 57,3355 233,4571 -19,8946 -0,8632 56,1998 0,8147 23,0000 
26,000 9130,9493 1725,0855 57,5008 233,3884 -20,0072 -0,8647 56,0828 0,8151 23,0000 
26,050 9141,9047 1721,0828 57,6663 233,3205 -20,1197 -0,8662 55,9663 0,8155 23,0000 
26,100 9152,8491 1717,0597 57,8319 233,2537 -20,2321 -0,8677 55,8503 0,8159 23,0000 
26,150 9163,7825 1713,0163 57,9977 233,1878 -20,3445 -0,8692 55,7346 0,8163 23,0000 
26,200 9174,7048 1708,9526 58,1635 233,1228 -20,4569 -0,8707 55,6195 0,8168 23,0000 
26,250 9185,6162 1704,8686 58,3295 233,0587 -20,5692 -0,8722 55,5047 0,8172 23,0000 
26,300 9196,5166 1700,7643 58,4955 232,9956 -20,6814 -0,8737 55,3904 0,8176 23,0000 
26,350 9207,4060 1696,6398 58,6617 232,9335 -20,7936 -0,8752 55,2765 0,8180 23,0000 
26,400 9218,2844 1692,4951 58,8281 232,8722 -20,9058 -0,8767 55,1631 0,8185 23,0000 
26,450 9229,1518 1688,3302 58,9945 232,8119 -21,0179 -0,8782 55,0501 0,8189 23,0000 
26,500 9240,0083 1684,1451 59,1611 232,7526 -21,1299 -0,8797 54,9375 0,8194 23,0000 
26,550 9250,8539 1679,9399 59,3277 232,6941 -21,2418 -0,8812 54,8254 0,8198 23,0000 
26,600 9261,6885 1675,7145 59,4945 232,6365 -21,3538 -0,8827 54,7137 0,8202 23,0000 
26,650 9272,5122 1671,4690 59,6614 232,5799 -21,4656 -0,8842 54,6024 0,8207 23,0000 
26,700 9283,3250 1667,2034 59,8284 232,5241 -21,5774 -0,8857 54,4915 0,8211 23,0000 
26,750 9294,1269 1662,9178 59,9955 232,4693 -21,6891 -0,8872 54,3811 0,8216 23,0000 
26,800 9304,9179 1658,6121 60,1628 232,4154 -21,8008 -0,8887 54,2710 0,8220 23,0000 
26,850 9315,6980 1654,2863 60,3301 232,3623 -21,9124 -0,8902 54,1614 0,8225 23,0000 
26,900 9326,4673 1649,9406 60,4976 232,3102 -22,0239 -0,8917 54,0523 0,8229 23,0000 
26,950 9337,2257 1645,5749 60,6652 232,2589 -22,1354 -0,8932 53,9435 0,8234 23,0000 
27,000 9347,9732 1641,1892 60,8329 232,2085 -22,2468 -0,8947 53,8352 0,8239 23,0000 
27,050 9358,7098 1636,7835 61,0007 232,1590 -22,3581 -0,8962 53,7272 0,8243 23,0000 
27,100 9369,4357 1632,3580 61,1686 232,1104 -22,4694 -0,8977 53,6197 0,8248 23,0000 
27,150 9380,1507 1627,9125 61,3367 232,0626 -22,5806 -0,8992 53,5126 0,8253 23,0000 
27,200 9390,8548 1623,4472 61,5048 232,0158 -22,6917 -0,9007 53,4059 0,8257 23,0000 
27,250 9401,5482 1618,9620 61,6731 231,9697 -22,8028 -0,9022 53,2997 0,8262 23,0000 
27,300 9412,2308 1614,4570 61,8415 231,9246 -22,9138 -0,9037 53,1938 0,8267 23,0000 
27,350 9422,9025 1609,9321 62,0099 231,8803 -23,0247 -0,9052 53,0884 0,8272 23,0000 
27,400 9433,5635 1605,3875 62,1785 231,8368 -23,1356 -0,9068 52,9833 0,8276 23,0000 
27,450 9444,2137 1600,8231 62,3472 231,7942 -23,2463 -0,9083 52,8787 0,8281 23,0000 
27,500 9454,8531 1596,2389 62,5160 231,7525 -23,3570 -0,9098 52,7744 0,8286 23,0000 
27,550 9465,4818 1591,6350 62,6850 231,7116 -23,4677 -0,9113 52,6706 0,8291 23,0000 
27,600 9476,0997 1587,0114 62,8540 231,6715 -23,5782 -0,9128 52,5672 0,8296 23,0000 
27,650 9486,7068 1582,3682 63,0231 231,6322 -23,6887 -0,9143 52,4642 0,8301 23,0000 
27,700 9497,3032 1577,7052 63,1924 231,5938 -23,7991 -0,9158 52,3616 0,8306 23,0000 
27,750 9507,8889 1573,0226 63,3617 231,5563 -23,9094 -0,9173 52,2593 0,8311 23,0000 
27,800 9518,4639 1568,3204 63,5312 231,5195 -24,0197 -0,9188 52,1575 0,8316 23,0000 
27,850 9529,0281 1563,5986 63,7008 231,4835 -24,1298 -0,9203 52,0561 0,8321 23,0000 
27,900 9539,5817 1558,8573 63,8704 231,4484 -24,2399 -0,9219 51,9551 0,8326 23,0000 
27,950 9550,1245 1554,0963 64,0402 231,4141 -24,3499 -0,9234 51,8544 0,8331 23,0000 
28,000 9560,6566 1549,3159 64,2101 231,3806 -24,4598 -0,9249 51,7542 0,8336 23,0000 
28,050 9571,1781 1544,5159 64,3801 231,3479 -24,5697 -0,9264 51,6544 0,8341 23,0000 
28,100 9581,6889 1539,6965 64,5502 231,3160 -24,6794 -0,9279 51,5549 0,8346 23,0000 
28,150 9592,1890 1534,8575 64,7204 231,2849 -24,7891 -0,9294 51,4558 0,8351 23,0000 
28,200 9602,6784 1529,9992 64,8907 231,2546 -24,8987 -0,9309 51,3572 0,8356 23,0000 
28,250 9613,1572 1525,1214 65,0611 231,2250 -25,0082 -0,9324 51,2589 0,8361 23,0000 
28,300 9623,6253 1520,2242 65,2316 231,1963 -25,1176 -0,9340 51,1610 0,8367 23,0000 
28,350 9634,0828 1515,3076 65,4022 231,1683 -25,2270 -0,9355 51,0635 0,8372 23,0000 
28,400 9644,5297 1510,3717 65,5730 231,1411 -25,3362 -0,9370 50,9664 0,8377 23,0000 
28,450 9654,9659 1505,4164 65,7438 231,1147 -25,4454 -0,9385 50,8696 0,8382 23,0000 
28,500 9665,3915 1500,4418 65,9147 231,0891 -25,5545 -0,9400 50,7733 0,8388 23,0000 
28,550 9675,8065 1495,4479 66,0857 231,0642 -25,6634 -0,9415 50,6773 0,8393 23,0000 
28,600 9686,2108 1490,4348 66,2569 231,0401 -25,7723 -0,9431 50,5817 0,8398 23,0000 
28,650 9696,6046 1485,4024 66,4281 231,0167 -25,8811 -0,9446 50,4865 0,8404 23,0000 
28,700 9706,9878 1480,3508 66,5994 230,9941 -25,9899 -0,9461 50,3917 0,8409 23,0000 
28,750 9717,3604 1475,2800 66,7709 230,9723 -26,0985 -0,9476 50,2973 0,8415 23,0000 
28,800 9727,7224 1470,1900 66,9424 230,9512 -26,2070 -0,9491 50,2032 0,8420 23,0000 
28,850 9738,0738 1465,0808 67,1140 230,9308 -26,3154 -0,9506 50,1095 0,8426 23,0000 
28,900 9748,4146 1459,9525 67,2857 230,9112 -26,4238 -0,9522 50,0162 0,8431 23,0000 
28,950 9758,7449 1454,8051 67,4576 230,8923 -26,5320 -0,9537 49,9233 0,8437 23,0000 
29,000 9769,0647 1449,6386 67,6295 230,8742 -26,6402 -0,9552 49,8307 0,8442 23,0000 
29,050 9779,3738 1444,4530 67,8015 230,8567 -26,7482 -0,9567 49,7385 0,8448 23,0000 
29,100 9789,6725 1439,2484 67,9736 230,8400 -26,8562 -0,9582 49,6467 0,8453 23,0000 
29,150 9799,9605 1434,0248 68,1458 230,8240 -26,9640 -0,9598 49,5552 0,8459 23,0000 
29,200 9810,2381 1428,7822 68,3181 230,8088 -27,0718 -0,9613 49,4641 0,8464 23,0000 
29,250 9820,5051 1423,5205 68,4906 230,7942 -27,1795 -0,9628 49,3734 0,8470 23,0000 
29,300 9830,7616 1418,2400 68,6631 230,7804 -27,2870 -0,9643 49,2831 0,8476 23,0000 
29,350 9841,0076 1412,9404 68,8357 230,7672 -27,3945 -0,9658 49,1931 0,8482 23,0000 
29,400 9851,2430 1407,6220 69,0083 230,7548 -27,5019 -0,9674 49,1035 0,8487 23,0000 
29,450 9861,4680 1402,2847 69,1811 230,7431 -27,6091 -0,9689 49,0143 0,8493 23,0000 
29,500 9871,6824 1396,9285 69,3540 230,7320 -27,7163 -0,9704 48,9254 0,8499 23,0000 
29,550 9881,8864 1391,5535 69,5270 230,7217 -27,8234 -0,9719 48,8369 0,8505 23,0000 
29,600 9892,0799 1386,1597 69,7001 230,7120 -27,9303 -0,9735 48,7487 0,8510 23,0000 
29,650 9902,2628 1380,7470 69,8732 230,7030 -28,0372 -0,9750 48,6610 0,8516 23,0000 
29,700 9912,4353 1375,3156 70,0465 230,6947 -28,1439 -0,9765 48,5735 0,8522 23,0000 
29,750 9922,5974 1369,8654 70,2198 230,6871 -28,2506 -0,9780 48,4865 0,8528 23,0000 
29,800 9932,7489 1364,3965 70,3933 230,6801 -28,3571 -0,9796 48,3998 0,8534 23,0000 
29,850 9942,8900 1358,9089 70,5668 230,6738 -28,4636 -0,9811 48,3134 0,8540 23,0000 
29,900 9953,0206 1353,4026 70,7404 230,6682 -28,5699 -0,9826 48,2274 0,8546 23,0000 
29,950 9963,1408 1347,8777 70,9141 230,6632 -28,6761 -0,9841 48,1418 0,8552 23,0000 
30,000 9973,2505 1342,3341 71,0879 230,6589 -28,7822 -0,9857 48,0565 0,8558 23,0000 
30,050 9983,3498 1336,7719 71,2618 230,6553 -28,8883 -0,9872 47,9716 0,8564 23,0000 
30,100 9993,4386 1331,1911 71,4358 230,6523 -28,9942 -0,9887 47,8870 0,8570 23,0000 
30,150 10003,5170 1325,5917 71,6098 230,6499 -29,0999 -0,9902 47,8028 0,8576 23,0000 
30,200 10013,5850 1319,9738 71,7840 230,6482 -29,2056 -0,9918 47,7190 0,8582 23,0000 
30,250 10023,6425 1314,3373 71,9582 230,6471 -29,3112 -0,9933 47,6354 0,8588 23,0000 
30,300 10033,6896 1308,6824 72,1326 230,6466 -29,4167 -0,9948 47,5523 0,8594 23,0000 
30,350 10043,7263 1303,0090 72,3070 230,6468 -29,5220 -0,9963 47,4695 0,8601 23,0000 
30,400 10053,7526 1297,3171 72,4815 230,6476 -29,6273 -0,9979 47,3870 0,8607 23,0000 
30,450 10063,7685 1291,6068 72,6561 230,6491 -29,7324 -0,9994 47,3049 0,8613 23,0000 
30,500 10073,7739 1285,8781 72,8307 230,6511 -29,8374 -1,0009 47,2232 0,8619 23,0000 
30,550 10083,7690 1280,1310 73,0055 230,6538 -29,9423 -1,0024 47,1418 0,8626 23,0000 
30,600 10093,7537 1274,3655 73,1803 230,6571 -30,0471 -1,0040 47,0607 0,8632 23,0000 
30,650 10103,7279 1268,5817 73,3553 230,6609 -30,1518 -1,0055 46,9800 0,8638 23,0000 
30,700 10113,6918 1262,7796 73,5303 230,6654 -30,2563 -1,0070 46,8996 0,8645 23,0000 
30,750 10123,6453 1256,9592 73,7054 230,6705 -30,3608 -1,0086 46,8196 0,8651 23,0000 
30,800 10133,5885 1251,1205 73,8806 230,6762 -30,4651 -1,0101 46,7399 0,8657 23,0000 
30,850 10143,5212 1245,2636 74,0558 230,6825 -30,5693 -1,0116 46,6605 0,8664 23,0000 
30,900 10153,4436 1239,3885 74,2312 230,6893 -30,6734 -1,0132 46,5815 0,8670 23,0000 
30,950 10163,3556 1233,4951 74,4066 230,6968 -30,7774 -1,0147 46,5029 0,8677 23,0000 
31,000 10173,2572 1227,5836 74,5821 230,7048 -30,8813 -1,0162 46,4245 0,8683 23,0000 
31,050 10183,1485 1221,6540 74,7577 230,7134 -30,9850 -1,0177 46,3466 0,8690 23,0000 
31,100 10193,0294 1215,7062 74,9333 230,7226 -31,0886 -1,0193 46,2689 0,8696 23,0000 
31,150 10202,9000 1209,7403 75,1091 230,7324 -31,1921 -1,0208 46,1916 0,8703 23,0000 
31,200 10212,7602 1203,7564 75,2849 230,7427 -31,2955 -1,0223 46,1146 0,8709 23,0000 
31,250 10222,6101 1197,7543 75,4608 230,7536 -31,3988 -1,0239 46,0380 0,8716 23,0000 
31,300 10232,4496 1191,7343 75,6368 230,7651 -31,5019 -1,0254 45,9617 0,8723 23,0000 
31,350 10242,2788 1185,6962 75,8128 230,7771 -31,6050 -1,0269 45,8857 0,8729 23,0000 
31,400 10252,0977 1179,6402 75,9890 230,7896 -31,7079 -1,0285 45,8101 0,8736 23,0000 
31,450 10261,9062 1173,5662 76,1652 230,8027 -31,8107 -1,0300 45,7348 0,8743 23,0000 
31,500 10271,7044 1167,4743 76,3415 230,8164 -31,9133 -1,0315 45,6599 0,8749 23,0000 
31,550 10281,4922 1161,3644 76,5179 230,8306 -32,0159 -1,0331 45,5852 0,8756 23,0000 
31,600 10291,2698 1155,2367 76,6943 230,8453 -32,1183 -1,0346 45,5109 0,8763 23,0000 
31,650 10301,0370 1149,0911 76,8708 230,8606 -32,2206 -1,0361 45,4370 0,8770 23,0000 
31,700 10310,7939 1142,9277 77,0474 230,8764 -32,3228 -1,0376 45,3633 0,8776 23,0000 
31,750 10320,5405 1136,7464 77,2241 230,8927 -32,4248 -1,0392 45,2900 0,8783 23,0000 
31,800 10330,2768 1130,5474 77,4008 230,9095 -32,5267 -1,0407 45,2170 0,8790 23,0000 
31,850 10340,0028 1124,3306 77,5776 230,9269 -32,6285 -1,0422 45,1444 0,8797 23,0000 
31,900 10349,7184 1118,0961 77,7545 230,9448 -32,7302 -1,0438 45,0721 0,8804 23,0000 
31,950 10359,4238 1111,8438 77,9315 230,9632 -32,8318 -1,0453 45,0001 0,8811 23,0000 
32,000 10369,1189 1105,5738 78,1085 230,9821 -32,9332 -1,0468 44,9284 0,8818 23,0000 
32,050 10378,8036 1099,2862 78,2856 231,0015 -33,0345 -1,0484 44,8570 0,8825 23,0000 
32,100 10388,4781 1092,9810 78,4627 231,0214 -33,1357 -1,0499 44,7860 0,8832 23,0000 
32,150 10398,1423 1086,6581 78,6400 231,0418 -33,2367 -1,0514 44,7153 0,8839 23,0000 
32,200 10407,7962 1080,3176 78,8173 231,0627 -33,3376 -1,0530 44,6449 0,8846 23,0000 
32,250 10417,4398 1073,9595 78,9947 231,0841 -33,4384 -1,0545 44,5749 0,8853 23,0000 
32,300 10427,0732 1067,5839 79,1721 231,1059 -33,5391 -1,0560 44,5051 0,8860 23,0000 
32,350 10436,6962 1061,1908 79,3496 231,1283 -33,6396 -1,0576 44,4357 0,8867 23,0000 
32,400 10446,3090 1054,7802 79,5272 231,1511 -33,7400 -1,0591 44,3666 0,8875 23,0000 
32,450 10455,9115 1048,3521 79,7049 231,1744 -33,8403 -1,0606 44,2979 0,8882 23,0000 
32,500 10465,5038 1041,9066 79,8826 231,1982 -33,9404 -1,0622 44,2294 0,8889 23,0000 
32,550 10475,0857 1035,4436 80,0604 231,2225 -34,0405 -1,0637 44,1613 0,8896 23,0000 
32,600 10484,6574 1028,9632 80,2382 231,2472 -34,1403 -1,0652 44,0934 0,8903 23,0000 
32,650 10494,2188 1022,4655 80,4161 231,2723 -34,2401 -1,0668 44,0259 0,8911 23,0000 
32,700 10503,7700 1015,9504 80,5941 231,2980 -34,3397 -1,0683 43,9588 0,8918 23,0000 
32,750 10513,3109 1009,4180 80,7721 231,3241 -34,4392 -1,0698 43,8919 0,8925 23,0000 
32,800 10522,8416 1002,8683 80,9502 231,3506 -34,5386 -1,0714 43,8253 0,8933 23,0000 
32,850 10532,3620 996,3014 81,1284 231,3776 -34,6378 -1,0729 43,7591 0,8940 23,0000 
32,900 10541,8721 989,7171 81,3066 231,4050 -34,7369 -1,0744 43,6931 0,8947 23,0000 
32,950 10551,3720 983,1157 81,4849 231,4329 -34,8359 -1,0759 43,6275 0,8955 23,0000 
33,000 10560,8617 976,4970 81,6633 231,4612 -34,9347 -1,0775 43,5622 0,8962 23,0000 
33,050 10570,3410 969,8612 81,8417 231,4899 -35,0335 -1,0790 43,4972 0,8970 23,0000 
33,100 10579,8102 963,2083 82,0202 231,5191 -35,1320 -1,0805 43,4326 0,8977 23,0000 
33,150 10589,2691 956,5382 82,1987 231,5487 -35,2305 -1,0821 43,3682 0,8985 23,0000 
33,200 10598,7178 949,8510 82,3773 231,5787 -35,3288 -1,0836 43,3041 0,8992 23,0000 
33,250 10608,1562 943,1468 82,5559 231,6091 -35,4270 -1,0851 43,2404 0,9000 23,0000 
33,300 10617,5844 936,4255 82,7346 231,6399 -35,5250 -1,0867 43,1769 0,9008 23,0000 
33,350 10627,0023 929,6871 82,9134 231,6712 -35,6229 -1,0882 43,1138 0,9015 23,0000 
33,400 10636,4100 922,9318 83,0922 231,7029 -35,7207 -1,0897 43,0510 0,9023 23,0000 
33,450 10645,8075 916,1595 83,2711 231,7349 -35,8183 -1,0912 42,9884 0,9031 23,0000 
33,500 10655,1948 909,3703 83,4500 231,7674 -35,9158 -1,0928 42,9262 0,9038 23,0000 
33,550 10664,5718 902,5642 83,6290 231,8002 -36,0132 -1,0943 42,8643 0,9046 23,0000 
33,600 10673,9386 895,7411 83,8081 231,8335 -36,1104 -1,0958 42,8027 0,9054 23,0000 
33,650 10683,2952 888,9012 83,9872 231,8671 -36,2075 -1,0973 42,7414 0,9061 23,0000 
33,700 10692,6415 882,0445 84,1663 231,9012 -36,3045 -1,0989 42,6804 0,9069 23,0000 
33,750 10701,9776 875,1709 84,3455 231,9356 -36,4013 -1,1004 42,6197 0,9077 23,0000 
33,800 10711,3036 868,2806 84,5248 231,9704 -36,4980 -1,1019 42,5593 0,9085 23,0000 
33,850 10720,6192 861,3735 84,7041 232,0055 -36,5946 -1,1034 42,4992 0,9093 23,0000 
33,900 10729,9247 854,4496 84,8834 232,0411 -36,6910 -1,1050 42,4394 0,9101 23,0000 
33,950 10739,2200 847,5090 85,0628 232,0770 -36,7873 -1,1065 42,3799 0,9109 23,0000 
34,000 10748,5050 840,5518 85,2423 232,1132 -36,8834 -1,1080 42,3207 0,9117 23,0000 
34,050 10757,7798 833,5779 85,4218 232,1499 -36,9794 -1,1095 42,2618 0,9125 23,0000 
34,100 10767,0444 826,5873 85,6014 232,1869 -37,0753 -1,1111 42,2032 0,9133 23,0000 
34,150 10776,2988 819,5802 85,7810 232,2242 -37,1710 -1,1126 42,1449 0,9141 23,0000 
34,200 10785,5430 812,5564 85,9606 232,2619 -37,2666 -1,1141 42,0869 0,9149 23,0000 
34,250 10794,7770 805,5162 86,1403 232,2999 -37,3621 -1,1156 42,0292 0,9157 23,0000 
34,300 10804,0008 798,4593 86,3201 232,3383 -37,4574 -1,1171 41,9718 0,9165 23,0000 
34,350 10813,2143 791,3860 86,4999 232,3771 -37,5526 -1,1187 41,9146 0,9173 23,0000 
34,400 10822,4177 784,2962 86,6797 232,4161 -37,6476 -1,1202 41,8578 0,9181 23,0000 
34,450 10831,6108 777,1900 86,8596 232,4555 -37,7425 -1,1217 41,8013 0,9189 23,0000 
34,500 10840,7938 770,0673 87,0395 232,4952 -37,8373 -1,1232 41,7450 0,9197 23,0000 
34,550 10849,9665 762,9282 87,2195 232,5353 -37,9319 -1,1247 41,6891 0,9206 23,0000 
34,600 10859,1291 755,7728 87,3995 232,5757 -38,0264 -1,1262 41,6334 0,9214 23,0000 
34,650 10868,2814 748,6010 87,5795 232,6164 -38,1208 -1,1278 41,5781 0,9222 23,0000 
34,700 10877,4236 741,4129 87,7596 232,6574 -38,2150 -1,1293 41,5230 0,9230 23,0000 
34,750 10886,5555 734,2085 87,9397 232,6987 -38,3090 -1,1308 41,4682 0,9239 23,0000 
34,800 10895,6773 726,9879 88,1199 232,7403 -38,4030 -1,1323 41,4137 0,9247 23,0000 
34,850 10904,7889 719,7510 88,3001 232,7823 -38,4968 -1,1338 41,3595 0,9255 23,0000 
34,900 10913,8902 712,4979 88,4804 232,8245 -38,5904 -1,1353 41,3056 0,9264 23,0000 
34,950 10922,9814 705,2286 88,6606 232,8671 -38,6839 -1,1368 41,2520 0,9272 23,0000 
35,000 10932,0624 697,9431 88,8410 232,9099 -38,7773 -1,1383 41,1986 0,9281 23,0000 
35,050 10941,1331 690,6415 89,0213 232,9530 -38,8706 -1,1398 41,1456 0,9289 23,0000 
35,100 10950,1937 683,3239 89,2017 232,9964 -38,9637 -1,1413 41,0928 0,9298 23,0000 
35,150 10959,2441 675,9901 89,3821 233,0401 -39,0566 -1,1428 41,0403 0,9306 23,0000 
35,200 10968,2843 668,6403 89,5626 233,0841 -39,1494 -1,1443 40,9881 0,9315 23,0000 
35,250 10977,3144 661,2745 89,7431 233,1284 -39,2421 -1,1458 40,9362 0,9323 23,0000 
35,300 10986,3342 653,8926 89,9236 233,1729 -39,3346 -1,1473 40,8846 0,9332 23,0000 
35,350 10995,3438 646,4948 90,1042 233,2177 -39,4270 -1,1488 40,8332 0,9340 23,0000 
35,400 11004,3433 639,0811 90,2848 233,2628 -39,5193 -1,1503 40,7822 0,9349 23,0000 
35,450 11013,3325 631,6514 90,4654 233,3081 -39,6114 -1,1518 40,7314 0,9358 23,0000 
35,500 11022,3116 624,2059 90,6460 233,3537 -39,7034 -1,1533 40,6809 0,9366 23,0000 
35,550 11031,2805 616,7445 90,8267 233,3996 -39,7952 -1,1548 40,6307 0,9375 23,0000 
35,600 11040,2392 609,2673 91,0074 233,4457 -39,8869 -1,1563 40,5807 0,9384 23,0000 
35,650 11049,1877 601,7743 91,1882 233,4921 -39,9784 -1,1578 40,5311 0,9393 23,0000 
35,700 11058,1260 594,2654 91,3689 233,5387 -40,0699 -1,1593 40,4817 0,9402 23,0000 
35,750 11067,0541 586,7409 91,5497 233,5855 -40,1611 -1,1608 40,4326 0,9410 23,0000 
35,800 11075,9721 579,2006 91,7305 233,6326 -40,2522 -1,1623 40,3837 0,9419 23,0000 
35,850 11084,8799 571,6446 91,9114 233,6800 -40,3432 -1,1638 40,3352 0,9428 23,0000 
35,900 11093,7774 564,0730 92,0922 233,7275 -40,4341 -1,1652 40,2869 0,9437 23,0000 
35,950 11102,6648 556,4857 92,2731 233,7753 -40,5248 -1,1667 40,2389 0,9446 23,0000 
36,000 11111,5421 548,8828 92,4540 233,8234 -40,6153 -1,1682 40,1912 0,9455 23,0000 
36,050 11120,4091 541,2643 92,6350 233,8716 -40,7058 -1,1697 40,1437 0,9464 23,0000 
36,100 11129,2659 533,6303 92,8159 233,9201 -40,7961 -1,1711 40,0965 0,9473 23,0000 
36,150 11138,1126 525,9808 92,9969 233,9688 -40,8862 -1,1726 40,0496 0,9482 23,0000 
36,200 11146,9491 518,3157 93,1779 234,0177 -40,9762 -1,1741 40,0030 0,9491 23,0000 
36,250 11155,7754 510,6352 93,3589 234,0668 -41,0661 -1,1756 39,9566 0,9500 23,0000 
36,300 11164,5915 502,9392 93,5399 234,1161 -41,1558 -1,1770 39,9106 0,9509 23,0000 
36,350 11173,3974 495,2278 93,7209 234,1656 -41,2453 -1,1785 39,8647 0,9518 23,0000 
36,400 11182,1931 487,5010 93,9020 234,2154 -41,3348 -1,1799 39,8192 0,9527 23,0000 
36,450 11190,9787 479,7589 94,0830 234,2653 -41,4241 -1,1814 39,7739 0,9536 23,0000 
36,500 11199,7541 472,0014 94,2641 234,3154 -41,5132 -1,1829 39,7289 0,9546 23,0000 
36,550 11208,5193 464,2286 94,4452 234,3657 -41,6022 -1,1843 39,6842 0,9555 23,0000 
36,600 11217,2743 456,4406 94,6263 234,4162 -41,6911 -1,1858 39,6397 0,9564 23,0000 
36,650 11226,0191 448,6373 94,8074 234,4669 -41,7798 -1,1872 39,5955 0,9573 23,0000 
36,700 11234,7537 440,8188 94,9885 234,5177 -41,8684 -1,1887 39,5516 0,9583 23,0000 
36,750 11243,4782 432,9851 95,1697 234,5687 -41,9569 -1,1901 39,5079 0,9592 23,0000 
36,800 11252,1924 425,1362 95,3508 234,6199 -42,0452 -1,1915 39,4645 0,9601 23,0000 
36,850 11260,8965 417,2722 95,5320 234,6713 -42,1333 -1,1930 39,4214 0,9611 23,0000 
36,900 11269,5904 409,3931 95,7131 234,7229 -42,2214 -1,1944 39,3785 0,9620 23,0000 
36,950 11278,2741 401,4989 95,8943 234,7746 -42,3092 -1,1958 39,3359 0,9630 23,0000 
37,000 11286,9476 393,5897 96,0754 234,8264 -42,3970 -1,1973 39,2935 0,9639 23,0000 
37,050 11295,6110 385,6654 96,2566 234,8784 -42,4846 -1,1987 39,2515 0,9649 23,0000 
37,100 11304,2641 377,7262 96,4378 234,9306 -42,5720 -1,2001 39,2096 0,9658 23,0000 
37,150 11312,9071 369,7720 96,6189 234,9829 -42,6594 -1,2015 39,1681 0,9668 23,0000 
37,200 11321,5399 361,8028 96,8001 235,0354 -42,7465 -1,2029 39,1268 0,9677 23,0000 
37,250 11330,1624 353,8188 96,9813 235,0880 -42,8336 -1,2043 39,0858 0,9687 23,0000 
37,300 11338,7748 345,8199 97,1624 235,1408 -42,9205 -1,2057 39,0450 0,9696 23,0000 
37,350 11347,3770 337,8061 97,3436 235,1936 -43,0072 -1,2071 39,0045 0,9706 23,0000 
37,400 11355,9691 329,7776 97,5247 235,2467 -43,0939 -1,2085 38,9642 0,9716 23,0000 
37,450 11364,5509 321,7342 97,7059 235,2998 -43,1803 -1,2099 38,9242 0,9725 23,0000 
37,500 11373,1225 313,6761 97,8870 235,3531 -43,2667 -1,2113 38,8845 0,9735 23,0000 
37,550 11381,6839 305,6032 98,0682 235,4065 -43,3529 -1,2127 38,8450 0,9745 23,0000 
37,600 11390,2352 297,5157 98,2493 235,4600 -43,4389 -1,2141 38,8058 0,9754 23,0000 
37,650 11398,7762 289,4135 98,4304 235,5136 -43,5249 -1,2155 38,7669 0,9764 23,0000 
37,700 11407,3071 281,2966 98,6115 235,5673 -43,6106 -1,2168 38,7282 0,9774 23,0000 
37,750 11415,8277 273,1651 98,7926 235,6211 -43,6963 -1,2182 38,6897 0,9784 23,0000 
37,800 11424,3382 265,0191 98,9737 235,6751 -43,7818 -1,2195 38,6516 0,9794 23,0000 
37,850 11432,8385 256,8585 99,1547 235,7291 -43,8671 -1,2209 38,6136 0,9804 23,0000 
37,900 11441,3285 248,6833 99,3357 235,7833 -43,9524 -1,2222 38,5760 0,9814 23,0000 
37,950 11449,8084 240,4937 99,5168 235,8375 -44,0374 -1,2236 38,5386 0,9824 23,0000 
38,000 11458,2780 232,2896 99,6978 235,8918 -44,1224 -1,2249 38,5014 0,9833 23,0000 
38,050 11466,7375 224,0711 99,8787 235,9462 -44,2072 -1,2262 38,4645 0,9843 23,0000 
38,100 11475,1867 215,8381 100,0597 236,0007 -44,2919 -1,2276 38,4278 0,9854 23,0000 
38,150 11483,6258 207,5908 100,2406 236,0552 -44,3764 -1,2289 38,3915 0,9864 23,0000 
38,200 11492,0546 199,3292 100,4215 236,1099 -44,4608 -1,2302 38,3553 0,9874 23,0000 
38,250 11500,4732 191,0532 100,6024 236,1646 -44,5451 -1,2315 38,3194 0,9884 23,0000 
38,300 11508,8816 182,7629 100,7833 236,2193 -44,6292 -1,2328 38,2838 0,9894 23,0000 
38,350 11517,2798 174,4584 100,9641 236,2741 -44,7132 -1,2341 38,2484 0,9904 23,0000 
38,400 11525,6678 166,1397 101,1449 236,3290 -44,7970 -1,2353 38,2133 0,9914 23,0000 
38,450 11534,0456 157,8068 101,3256 236,3839 -44,8807 -1,2366 38,1785 0,9924 23,0000 
38,500 11542,4131 149,4597 101,5063 236,4389 -44,9643 -1,2379 38,1439 0,9935 23,0000 
38,550 11550,7705 141,0985 101,6870 236,4939 -45,0477 -1,2391 38,1095 0,9945 23,0000 
38,600 11559,1176 132,7231 101,8677 236,5489 -45,1310 -1,2403 38,0754 0,9955 23,0000 
38,650 11567,4544 124,3337 102,0482 236,6040 -45,2142 -1,2416 38,0416 0,9965 23,0000 
38,700 11575,7811 115,9303 102,2288 236,6591 -45,2972 -1,2428 38,0080 0,9976 23,0000 
38,750 11584,0975 107,5128 102,4093 236,7142 -45,3801 -1,2440 37,9747 0,9986 23,0000 
38,800 11592,4037 99,0814 102,5898 236,7693 -45,4629 -1,2452 37,9417 0,9996 23,0000 
38,850 11600,6996 90,6360 102,7702 236,8244 -45,5455 -1,2463 37,9089 1,0007 23,0000 
38,900 11608,9853 82,1767 102,9505 236,8795 -45,6281 -1,2475 37,8764 1,0017 23,0000 
38,950 11617,2608 73,7035 103,1308 236,9346 -45,7104 -1,2486 37,8441 1,0028 23,0000 
39,000 11625,5260 65,2165 103,3110 236,9896 -45,7927 -1,2498 37,8121 1,0038 23,0000 
39,050 11633,7809 56,7156 103,4912 237,0446 -45,8748 -1,2509 37,7804 1,0049 23,0000 
39,100 11642,0256 48,2009 103,6713 237,0996 -45,9568 -1,2519 37,7490 1,0059 23,0000 
39,150 11650,2601 39,6725 103,8513 237,1545 -46,0386 -1,2530 37,7178 1,0070 23,0000 
39,200 11658,4842 31,1304 104,0313 237,2093 -46,1204 -1,2540 37,6870 1,0080 23,0000 
39,250 11666,6981 22,5745 104,2112 237,2640 -46,2020 -1,2550 37,6564 1,0091 23,0000 
39,300 11674,9017 14,0050 104,3909 237,3185 -46,2835 -1,2560 37,6262 1,0102 23,0000 
39,350 11683,0950 5,4219 104,5706 237,3726 -46,3649 -1,2569 37,5964 1,0112 23,0000 
39,3815 11688,2559 0,0000 104,6839 237,4063 -46,4162 -1,2573 37,5780 1,0119 23,0000 
