t(c) x(м) y(м) z(м) Vk(м/с) teta(град) psy(град) omega_x(рад/с) pi(y) m(кг) 
0,000 0,0000 0,0000 0,0000 836,2000 24,2000 0,0000 0,0000 1,0119 23,0000 
0,050 38,0239 17,0766 0,0002 831,1074 24,1696 -0,0005 8,5426 1,0098 23,0000 
0,100 75,8256 34,0292 0,0007 826,0670 24,1390 -0,0012 16,7283 1,0077 23,0000 
0,150 113,4074 50,8591 0,0018 821,0765 24,1081 -0,0020 24,5775 1,0056 23,0000 
0,200 150,7716 67,5673 0,0033 816,1351 24,0770 -0,0028 32,1050 1,0035 23,0000 
0,250 187,9203 84,1549 0,0054 811,2420 24,0457 -0,0037 39,3243 1,0015 23,0000 
0,300 224,8556 100,6230 0,0081 806,3962 24,0142 -0,0046 46,2482 0,9995 23,0000 
0,350 261,5797 116,9726 0,0114 801,5972 23,9825 -0,0056 52,8887 0,9974 23,0000 
0,400 298,0945 133,2048 0,0152 796,8444 23,9505 -0,0066 59,2573 0,9955 23,0000 
0,450 334,4021 149,3206 0,0197 792,1370 23,9184 -0,0076 65,3649 0,9935 23,0000 
0,500 370,5046 165,3211 0,0248 787,4745 23,8860 -0,0086 71,2218 0,9915 23,0000 
0,550 406,4039 181,2072 0,0306 782,8562 23,8534 -0,0097 76,8378 0,9896 23,0000 
0,600 442,1019 196,9800 0,0370 778,2817 23,8206 -0,0108 82,2226 0,9876 23,0000 
0,650 477,6007 212,6403 0,0440 773,7502 23,7876 -0,0120 87,3851 0,9857 23,0000 
0,700 512,9020 228,1892 0,0518 769,2613 23,7543 -0,0131 92,3340 0,9838 23,0000 
0,750 548,0078 243,6277 0,0602 764,8144 23,7209 -0,0143 97,0776 0,9820 23,0000 
0,800 582,9199 258,9566 0,0692 760,4090 23,6872 -0,0155 101,6238 0,9801 23,0000 
0,850 617,6402 274,1769 0,0790 756,0445 23,6533 -0,0167 105,9802 0,9783 23,0000 
0,900 652,1704 289,2896 0,0895 751,7205 23,6193 -0,0180 110,1541 0,9764 23,0000 
0,950 686,5124 304,2954 0,1006 747,4365 23,5850 -0,0192 114,1525 0,9746 23,0000 
1,000 720,6679 319,1954 0,1125 743,1918 23,5504 -0,0205 117,9820 0,9728 23,0000 
1,050 754,6386 333,9904 0,1250 738,9862 23,5157 -0,0218 121,6491 0,9711 23,0000 
1,100 788,4263 348,6813 0,1383 734,8190 23,4808 -0,0232 125,1599 0,9693 23,0000 
1,150 822,0326 363,2689 0,1523 730,6898 23,4456 -0,0245 128,5203 0,9675 23,0000 
1,200 855,4593 377,7541 0,1670 726,5981 23,4102 -0,0258 131,7359 0,9658 23,0000 
1,250 888,7080 392,1379 0,1824 722,5499 23,3746 -0,0272 134,8123 0,9641 23,0000 
1,300 921,7807 406,4210 0,1985 718,5380 23,3388 -0,0286 137,7547 0,9624 23,0000 
1,350 954,6789 420,6043 0,2153 714,5609 23,3028 -0,0300 140,5681 0,9607 23,0000 
1,400 987,4041 434,6886 0,2328 710,6183 23,2666 -0,0314 143,2573 0,9590 23,0000 
1,450 1019,9578 448,6747 0,2511 706,7098 23,2301 -0,0329 145,8268 0,9573 23,0000 
1,500 1052,3416 462,5632 0,2701 702,8353 23,1934 -0,0343 148,2811 0,9557 23,0000 
1,550 1084,5569 476,3551 0,2898 698,9945 23,1565 -0,0358 150,6244 0,9540 23,0000 
1,600 1116,6052 490,0511 0,3102 695,1870 23,1194 -0,0373 152,8608 0,9524 23,0000 
1,650 1148,4880 503,6518 0,3314 691,4125 23,0821 -0,0387 154,9942 0,9508 23,0000 
1,700 1180,2067 517,1581 0,3532 687,6709 23,0446 -0,0403 157,0284 0,9492 23,0000 
1,750 1211,7628 530,5707 0,3758 683,9617 23,0068 -0,0418 158,9669 0,9476 23,0000 
1,800 1243,1578 543,8904 0,3991 680,2846 22,9688 -0,0433 160,8134 0,9461 23,0000 
1,850 1274,3929 557,1177 0,4232 676,6394 22,9306 -0,0449 162,5711 0,9445 23,0000 
1,900 1305,4697 570,2535 0,4479 673,0257 22,8921 -0,0464 164,2433 0,9430 23,0000 
1,950 1336,3896 583,2985 0,4734 669,4432 22,8535 -0,0480 165,8331 0,9414 23,0000 
2,000 1367,1538 596,2533 0,4996 665,8917 22,8146 -0,0496 167,3435 0,9399 23,0000 
2,050 1397,7638 609,1187 0,5265 662,3706 22,7755 -0,0512 168,7773 0,9384 23,0000 
2,100 1428,2208 621,8953 0,5541 658,8799 22,7362 -0,0528 170,1373 0,9369 23,0000 
2,150 1458,5263 634,5839 0,5824 655,4191 22,6966 -0,0544 171,4262 0,9354 23,0000 
2,200 1488,6816 647,1850 0,6115 651,9879 22,6569 -0,0560 172,6466 0,9340 23,0000 
2,250 1518,6879 659,6994 0,6412 648,5860 22,6169 -0,0577 173,8010 0,9325 23,0000 
2,300 1548,5466 672,1277 0,6717 645,2130 22,5766 -0,0593 174,8916 0,9311 23,0000 
2,350 1578,2589 684,4706 0,7029 641,8688 22,5362 -0,0610 175,9208 0,9296 23,0000 
2,400 1607,8260 696,7286 0,7348 638,5528 22,4955 -0,0626 176,8909 0,9282 23,0000 
2,450 1637,2493 708,9025 0,7674 635,2649 22,4546 -0,0643 177,8039 0,9268 23,0000 
2,500 1666,5299 720,9929 0,8007 632,0047 22,4135 -0,0660 178,6619 0,9254 23,0000 
2,550 1695,6691 733,0003 0,8347 628,7720 22,3721 -0,0677 179,4668 0,9240 23,0000 
2,600 1724,6681 744,9254 0,8694 625,5663 22,3305 -0,0694 180,2206 0,9226 23,0000 
2,650 1753,5280 756,7689 0,9048 622,3874 22,2887 -0,0712 180,9252 0,9213 23,0000 
2,700 1782,2501 768,5312 0,9409 619,2350 22,2467 -0,0729 181,5822 0,9199 23,0000 
2,750 1810,8355 780,2130 0,9777 616,1087 22,2044 -0,0746 182,1933 0,9186 23,0000 
2,800 1839,2854 791,8149 1,0152 613,0083 22,1619 -0,0764 182,7603 0,9172 23,0000 
2,850 1867,6008 803,3374 1,0534 609,9336 22,1192 -0,0782 183,2847 0,9159 23,0000 
2,900 1895,7830 814,7812 1,0923 606,8841 22,0762 -0,0799 183,7680 0,9146 23,0000 
2,950 1923,8330 826,1467 1,1319 603,8595 22,0330 -0,0817 184,2117 0,9133 23,0000 
3,000 1951,7519 837,4346 1,1721 600,8597 21,9896 -0,0835 184,6172 0,9120 23,0000 
3,050 1979,5408 848,6454 1,2131 597,8844 21,9459 -0,0853 184,9860 0,9107 23,0000 
3,100 2007,2007 859,7796 1,2547 594,9331 21,9020 -0,0871 185,3192 0,9095 23,0000 
3,150 2034,7329 870,8378 1,2970 592,0057 21,8579 -0,0889 185,6182 0,9082 23,0000 
3,200 2062,1382 881,8205 1,3400 589,1019 21,8136 -0,0908 185,8842 0,9070 23,0000 
3,250 2089,4177 892,7283 1,3836 586,2214 21,7690 -0,0926 186,1184 0,9057 23,0000 
3,300 2116,5724 903,5616 1,4280 583,3639 21,7241 -0,0945 186,3219 0,9045 23,0000 
3,350 2143,6034 914,3210 1,4730 580,5292 21,6791 -0,0963 186,4959 0,9033 23,0000 
3,400 2170,5116 925,0070 1,5186 577,7171 21,6338 -0,0982 186,6414 0,9021 23,0000 
3,450 2197,2981 935,6200 1,5650 574,9271 21,5882 -0,1000 186,7594 0,9008 23,0000 
3,500 2223,9637 946,1606 1,6120 572,1592 21,5425 -0,1019 186,8510 0,8997 23,0000 
3,550 2250,5095 956,6293 1,6596 569,4129 21,4965 -0,1038 186,9171 0,8985 23,0000 
3,600 2276,9365 967,0266 1,7079 566,6882 21,4502 -0,1057 186,9585 0,8973 23,0000 
3,650 2303,2455 977,3528 1,7569 563,9847 21,4037 -0,1076 186,9763 0,8961 23,0000 
3,700 2329,4374 987,6086 1,8065 561,3022 21,3570 -0,1095 186,9712 0,8950 23,0000 
3,750 2355,5133 997,7944 1,8568 558,6405 21,3100 -0,1114 186,9442 0,8938 23,0000 
3,800 2381,4740 1007,9105 1,9077 555,9992 21,2628 -0,1134 186,8959 0,8927 23,0000 
3,850 2407,3203 1017,9576 1,9593 553,3783 21,2154 -0,1153 186,8272 0,8916 23,0000 
3,900 2433,0533 1027,9360 2,0115 550,7774 21,1677 -0,1172 186,7389 0,8905 23,0000 
3,950 2458,6738 1037,8463 2,0644 548,1963 21,1197 -0,1192 186,6316 0,8893 23,0000 
4,000 2484,1825 1047,6887 2,1178 545,6349 21,0716 -0,1211 186,5061 0,8882 23,0000 
4,050 2509,5805 1057,4638 2,1720 543,0928 21,0232 -0,1231 186,3630 0,8872 23,0000 
4,100 2534,8685 1067,1720 2,2267 540,5698 20,9745 -0,1251 186,2030 0,8861 23,0000 
4,150 2560,0474 1076,8138 2,2821 538,0659 20,9256 -0,1270 186,0267 0,8850 23,0000 
4,200 2585,1179 1086,3895 2,3381 535,5806 20,8764 -0,1290 185,8347 0,8839 23,0000 
4,250 2610,0810 1095,8996 2,3948 533,1139 20,8271 -0,1310 185,6277 0,8829 23,0000 
4,300 2634,9374 1105,3444 2,4521 530,6655 20,7774 -0,1330 185,4061 0,8818 23,0000 
4,350 2659,6879 1114,7244 2,5099 528,2352 20,7275 -0,1350 185,1706 0,8808 23,0000 
4,400 2684,3334 1124,0401 2,5684 525,8228 20,6774 -0,1370 184,9216 0,8797 23,0000 
4,450 2708,8745 1133,2917 2,6276 523,4281 20,6270 -0,1390 184,6598 0,8787 23,0000 
4,500 2733,3121 1142,4797 2,6873 521,0510 20,5764 -0,1411 184,3855 0,8777 23,0000 
4,550 2757,6469 1151,6045 2,7476 518,6912 20,5255 -0,1431 184,0993 0,8767 23,0000 
4,600 2781,8796 1160,6664 2,8086 516,3486 20,4744 -0,1451 183,8016 0,8757 23,0000 
4,650 2806,0111 1169,6659 2,8701 514,0229 20,4230 -0,1472 183,4928 0,8747 23,0000 
4,700 2830,0421 1178,6033 2,9323 511,7139 20,3714 -0,1492 183,1735 0,8737 23,0000 
4,750 2853,9733 1187,4790 2,9951 509,4216 20,3195 -0,1513 182,8440 0,8727 23,0000 
4,800 2877,8053 1196,2934 3,0584 507,1457 20,2674 -0,1533 182,5048 0,8718 23,0000 
4,850 2901,5390 1205,0468 3,1223 504,8860 20,2150 -0,1554 182,1561 0,8708 23,0000 
4,900 2925,1751 1213,7395 3,1869 502,6424 20,1624 -0,1575 181,7985 0,8698 23,0000 
4,950 2948,7141 1222,3721 3,2520 500,4147 20,1095 -0,1596 181,4323 0,8689 23,0000 
5,000 2972,1569 1230,9447 3,3177 498,2028 20,0564 -0,1616 181,0578 0,8679 23,0000 
5,050 2995,5041 1239,4578 3,3840 496,0064 20,0030 -0,1637 180,6753 0,8670 23,0000 
5,100 3018,7563 1247,9117 3,4509 493,8254 19,9494 -0,1658 180,2853 0,8661 23,0000 
5,150 3041,9143 1256,3067 3,5183 491,6596 19,8955 -0,1679 179,8880 0,8652 23,0000 
5,200 3064,9787 1264,6433 3,5864 489,5090 19,8413 -0,1700 179,4837 0,8642 23,0000 
5,250 3087,9502 1272,9216 3,6550 487,3732 19,7869 -0,1722 179,0728 0,8633 23,0000 
5,300 3110,8293 1281,1421 3,7241 485,2522 19,7323 -0,1743 178,6555 0,8624 23,0000 
5,350 3133,6168 1289,3051 3,7939 483,1459 19,6773 -0,1764 178,2321 0,8616 23,0000 
5,400 3156,3133 1297,4108 3,8642 481,0541 19,6222 -0,1785 177,8028 0,8607 23,0000 
5,450 3178,9194 1305,4597 3,9350 478,9765 19,5667 -0,1807 177,3681 0,8598 23,0000 
5,500 3201,4357 1313,4521 4,0065 476,9132 19,5110 -0,1828 176,9280 0,8589 23,0000 
5,550 3223,8629 1321,3882 4,0784 474,8639 19,4551 -0,1850 176,4829 0,8581 23,0000 
5,600 3246,2015 1329,2683 4,1510 472,8285 19,3989 -0,1871 176,0329 0,8572 23,0000 
5,650 3268,4521 1337,0929 4,2241 470,8068 19,3424 -0,1893 175,5784 0,8564 23,0000 
5,700 3290,6154 1344,8622 4,2977 468,7988 19,2856 -0,1915 175,1195 0,8555 23,0000 
5,750 3312,6919 1352,5764 4,3719 466,8043 19,2286 -0,1936 174,6565 0,8547 23,0000 
5,800 3334,6822 1360,2359 4,4466 464,8231 19,1714 -0,1958 174,1895 0,8538 23,0000 
5,850 3356,5869 1367,8410 4,5219 462,8552 19,1138 -0,1980 173,7188 0,8530 23,0000 
5,900 3378,4065 1375,3920 4,5977 460,9004 19,0561 -0,2002 173,2445 0,8522 23,0000 
5,950 3400,1417 1382,8892 4,6740 458,9586 18,9980 -0,2024 172,7669 0,8514 23,0000 
6,000 3421,7929 1390,3328 4,7509 457,0296 18,9397 -0,2045 172,2861 0,8506 23,0000 
6,050 3443,3608 1397,7232 4,8283 455,1133 18,8811 -0,2067 171,8024 0,8498 23,0000 
6,100 3464,8458 1405,0606 4,9063 453,2096 18,8222 -0,2090 171,3158 0,8490 23,0000 
6,150 3486,2486 1412,3454 4,9847 451,3184 18,7631 -0,2112 170,8265 0,8482 23,0000 
6,200 3507,5696 1419,5777 5,0637 449,4396 18,7037 -0,2134 170,3348 0,8474 23,0000 
6,250 3528,8094 1426,7578 5,1432 447,5730 18,6441 -0,2156 169,8407 0,8467 23,0000 
6,300 3549,9686 1433,8861 5,2233 445,7179 18,5842 -0,2178 169,3444 0,8459 23,0000 
6,350 3571,0475 1440,9628 5,3038 443,8738 18,5240 -0,2201 168,8461 0,8451 23,0000 
6,400 3592,0466 1447,9881 5,3849 442,0408 18,4635 -0,2223 168,3459 0,8444 23,0000 
6,450 3612,9665 1454,9624 5,4665 440,2190 18,4028 -0,2245 167,8438 0,8436 23,0000 
6,500 3633,8075 1461,8857 5,5485 438,4085 18,3418 -0,2268 167,3402 0,8429 23,0000 
6,550 3654,5703 1468,7585 5,6311 436,6093 18,2805 -0,2290 166,8350 0,8422 23,0000 
6,600 3675,2553 1475,5809 5,7142 434,8216 18,2189 -0,2313 166,3283 0,8414 23,0000 
6,650 3695,8629 1482,3532 5,7978 433,0453 18,1571 -0,2335 165,8205 0,8407 23,0000 
6,700 3716,3938 1489,0757 5,8819 431,2806 18,0950 -0,2358 165,3114 0,8400 23,0000 
6,750 3736,8482 1495,7486 5,9664 429,5274 18,0326 -0,2380 164,8013 0,8393 23,0000 
6,800 3757,2269 1502,3721 6,0515 427,7859 17,9700 -0,2403 164,2902 0,8386 23,0000 
6,850 3777,5302 1508,9467 6,1371 426,0560 17,9071 -0,2426 163,7783 0,8379 23,0000 
6,900 3797,7587 1515,4723 6,2231 424,3378 17,8439 -0,2449 163,2657 0,8372 23,0000 
6,950 3817,9129 1521,9495 6,3097 422,6313 17,7804 -0,2472 162,7524 0,8365 23,0000 
7,000 3837,9933 1528,3783 6,3967 420,9365 17,7166 -0,2494 162,2386 0,8358 23,0000 
7,050 3858,0004 1534,7590 6,4842 419,2535 17,6526 -0,2517 161,7244 0,8351 23,0000 
7,100 3877,9347 1541,0920 6,5722 417,5823 17,5883 -0,2540 161,2097 0,8344 23,0000 
7,150 3897,7967 1547,3774 6,6606 415,9229 17,5237 -0,2563 160,6949 0,8338 23,0000 
7,200 3917,5869 1553,6155 6,7496 414,2753 17,4588 -0,2586 160,1798 0,8331 23,0000 
7,250 3937,3059 1559,8066 6,8390 412,6395 17,3937 -0,2609 159,6647 0,8325 23,0000 
7,300 3956,9541 1565,9509 6,9288 411,0155 17,3282 -0,2632 159,1495 0,8318 23,0000 
7,350 3976,5321 1572,0486 7,0192 409,4033 17,2625 -0,2656 158,6344 0,8312 23,0000 
7,400 3996,0404 1578,1000 7,1100 407,8029 17,1966 -0,2679 158,1194 0,8305 23,0000 
7,450 4015,4795 1584,1054 7,2013 406,2143 17,1303 -0,2702 157,6046 0,8299 23,0000 
7,500 4034,8499 1590,0650 7,2930 404,6375 17,0637 -0,2725 157,0901 0,8293 23,0000 
7,550 4054,1521 1595,9790 7,3852 403,0724 16,9969 -0,2749 156,5760 0,8286 23,0000 
7,600 4073,3866 1601,8477 7,4779 401,5191 16,9298 -0,2772 156,0623 0,8280 23,0000 
7,650 4092,5539 1607,6713 7,5710 399,9775 16,8624 -0,2795 155,5490 0,8274 23,0000 
7,700 4111,6546 1613,4501 7,6646 398,4476 16,7947 -0,2819 155,0363 0,8268 23,0000 
7,750 4130,6892 1619,1843 7,7586 396,9293 16,7268 -0,2842 154,5242 0,8262 23,0000 
7,800 4149,6581 1624,8741 7,8531 395,4228 16,6585 -0,2865 154,0128 0,8256 23,0000 
7,850 4168,5619 1630,5198 7,9480 393,9278 16,5900 -0,2889 153,5020 0,8250 23,0000 
7,900 4187,4011 1636,1217 8,0434 392,4444 16,5212 -0,2912 152,9921 0,8244 23,0000 
7,950 4206,1762 1641,6799 8,1392 390,9725 16,4522 -0,2936 152,4829 0,8238 23,0000 
8,000 4224,8876 1647,1947 8,2355 389,5122 16,3828 -0,2959 151,9746 0,8232 23,0000 
8,050 4243,5359 1652,6663 8,3322 388,0627 16,3132 -0,2982 151,4673 0,8227 23,0000 
8,100 4262,1216 1658,0949 8,4293 386,6246 16,2432 -0,3006 150,9608 0,8221 23,0000 
8,150 4280,6451 1663,4808 8,5268 385,1979 16,1730 -0,3029 150,4554 0,8215 23,0000 
8,200 4299,1069 1668,8243 8,6248 383,7825 16,1026 -0,3053 149,9511 0,8210 23,0000 
8,250 4317,5076 1674,1254 8,7232 382,3782 16,0318 -0,3076 149,4478 0,8204 23,0000 
8,300 4335,8476 1679,3845 8,8221 380,9848 15,9607 -0,3099 148,9457 0,8199 23,0000 
8,350 4354,1274 1684,6017 8,9213 379,6022 15,8894 -0,3123 148,4447 0,8193 23,0000 
8,400 4372,3474 1689,7774 9,0210 378,2303 15,8178 -0,3146 147,9449 0,8188 23,0000 
8,450 4390,5081 1694,9116 9,1211 376,8690 15,7459 -0,3169 147,4463 0,8182 23,0000 
8,500 4408,6100 1700,0046 9,2216 375,5182 15,6737 -0,3193 146,9490 0,8177 23,0000 
8,550 4426,6536 1705,0566 9,3225 374,1778 15,6013 -0,3216 146,4531 0,8172 23,0000 
8,600 4444,6391 1710,0679 9,4238 372,8477 15,5286 -0,3239 145,9584 0,8166 23,0000 
8,650 4462,5673 1715,0385 9,5255 371,5278 15,4555 -0,3262 145,4651 0,8161 23,0000 
8,700 4480,4383 1719,9688 9,6276 370,2180 15,3823 -0,3285 144,9732 0,8156 23,0000 
8,750 4498,2528 1724,8589 9,7301 368,9183 15,3087 -0,3308 144,4827 0,8151 23,0000 
8,800 4516,0110 1729,7090 9,8330 367,6285 15,2348 -0,3331 143,9936 0,8146 23,0000 
8,850 4533,7136 1734,5194 9,9363 366,3487 15,1607 -0,3354 143,5060 0,8141 23,0000 
8,900 4551,3608 1739,2901 10,0400 365,0788 15,0863 -0,3377 143,0198 0,8136 23,0000 
8,950 4568,9531 1744,0215 10,1440 363,8187 15,0116 -0,3400 142,5352 0,8131 23,0000 
9,000 4586,4910 1748,7136 10,2484 362,5683 14,9366 -0,3422 142,0521 0,8126 23,0000 
9,050 4603,9748 1753,3667 10,3532 361,3277 14,8614 -0,3445 141,5705 0,8121 23,0000 
9,100 4621,4050 1757,9811 10,4584 360,0967 14,7859 -0,3468 141,0905 0,8117 23,0000 
9,150 4638,7819 1762,5567 10,5639 358,8754 14,7101 -0,3490 140,6121 0,8112 23,0000 
9,200 4656,1061 1767,0940 10,6697 357,6637 14,6340 -0,3512 140,1352 0,8107 23,0000 
9,250 4673,3779 1771,5929 10,7760 356,4615 14,5576 -0,3535 139,6600 0,8102 23,0000 
9,300 4690,5978 1776,0538 10,8825 355,2689 14,4810 -0,3557 139,1864 0,8098 23,0000 
9,350 4707,7660 1780,4768 10,9894 354,0857 14,4041 -0,3579 138,7145 0,8093 23,0000 
9,400 4724,8832 1784,8621 11,0966 352,9120 14,3269 -0,3600 138,2442 0,8089 23,0000 
9,450 4741,9496 1789,2098 11,2042 351,7478 14,2494 -0,3622 137,7755 0,8084 23,0000 
9,500 4758,9656 1793,5202 11,3121 350,5929 14,1717 -0,3644 137,3086 0,8080 23,0000 
9,550 4775,9317 1797,7934 11,4203 349,4474 14,0937 -0,3665 136,8433 0,8075 23,0000 
9,600 4792,8483 1802,0296 11,5288 348,3112 14,0154 -0,3686 136,3798 0,8071 23,0000 
9,650 4809,7158 1806,2290 11,6377 347,1844 13,9368 -0,3707 135,9180 0,8067 23,0000 
9,700 4826,5346 1810,3917 11,7468 346,0669 13,8580 -0,3728 135,4579 0,8062 23,0000 
9,750 4843,3051 1814,5179 11,8562 344,9586 13,7789 -0,3749 134,9995 0,8058 23,0000 
9,800 4860,0276 1818,6078 11,9659 343,8596 13,6995 -0,3769 134,5428 0,8054 23,0000 
9,850 4876,7027 1822,6616 12,0759 342,7698 13,6199 -0,3790 134,0880 0,8050 23,0000 
9,900 4893,3306 1826,6794 12,1862 341,6892 13,5399 -0,3810 133,6348 0,8045 23,0000 
9,950 4909,9118 1830,6614 12,2968 340,6178 13,4597 -0,3830 133,1835 0,8041 23,0000 
10,000 4926,4467 1834,6077 12,4076 339,5571 13,3793 -0,3850 132,7339 0,8037 23,0000 
10,050 4942,9359 1838,5187 12,5186 338,5122 13,2985 -0,3869 132,2861 0,8033 23,0000 
10,100 4959,3802 1842,3945 12,6300 337,4836 13,2175 -0,3889 131,8401 0,8029 23,0000 
10,150 4975,7803 1846,2353 12,7416 336,4710 13,1363 -0,3908 131,3959 0,8025 23,0000 
10,200 4992,1368 1850,0414 12,8534 335,4744 13,0547 -0,3927 130,9535 0,8021 23,0000 
10,250 5008,4506 1853,8131 12,9654 334,4935 12,9730 -0,3945 130,5130 0,8017 23,0000 
10,300 5024,7224 1857,5506 13,0778 333,5283 12,8909 -0,3964 130,0744 0,8014 23,0000 
10,350 5040,9528 1861,2541 13,1903 332,5783 12,8086 -0,3982 129,6376 0,8010 23,0000 
10,400 5057,1426 1864,9238 13,3031 331,6436 12,7261 -0,4000 129,2026 0,8006 23,0000 
10,450 5073,2925 1868,5599 13,4161 330,7237 12,6432 -0,4018 128,7696 0,8002 23,0000 
10,500 5089,4030 1872,1627 13,5293 329,8184 12,5602 -0,4036 128,3385 0,7999 23,0000 
10,550 5105,4750 1875,7324 13,6428 328,9275 12,4769 -0,4053 127,9092 0,7995 23,0000 
10,600 5121,5089 1879,2691 13,7564 328,0506 12,3933 -0,4071 127,4819 0,7991 23,0000 
10,650 5137,5055 1882,7731 13,8703 327,1875 12,3095 -0,4088 127,0564 0,7988 23,0000 
10,700 5153,4654 1886,2446 13,9844 326,3378 12,2255 -0,4105 126,6329 0,7984 23,0000 
10,750 5169,3892 1889,6837 14,0988 325,5013 12,1412 -0,4123 126,2113 0,7981 23,0000 
10,800 5185,2774 1893,0907 14,2134 324,6776 12,0567 -0,4140 125,7916 0,7977 23,0000 
10,850 5201,1307 1896,4656 14,3281 323,8665 11,9720 -0,4157 125,3738 0,7974 23,0000 
10,900 5216,9495 1899,8088 14,4431 323,0676 11,8870 -0,4174 124,9580 0,7970 23,0000 
10,950 5232,7345 1903,1203 14,5584 322,2806 11,8018 -0,4191 124,5440 0,7967 23,0000 
11,000 5248,4862 1906,4003 14,6738 321,5053 11,7163 -0,4208 124,1320 0,7964 23,0000 
11,050 5264,2051 1909,6490 14,7895 320,7412 11,6306 -0,4225 123,7220 0,7960 23,0000 
11,100 5279,8917 1912,8666 14,9054 319,9881 11,5447 -0,4241 123,3138 0,7957 23,0000 
11,150 5295,5464 1916,0531 15,0215 319,2458 11,4586 -0,4258 122,9076 0,7954 23,0000 
11,200 5311,1698 1919,2087 15,1378 318,5138 11,3723 -0,4275 122,5033 0,7950 23,0000 
11,250 5326,7624 1922,3337 15,2544 317,7919 11,2857 -0,4291 122,1009 0,7947 23,0000 
11,300 5342,3244 1925,4280 15,3712 317,0799 11,1989 -0,4308 121,7004 0,7944 23,0000 
11,350 5357,8564 1928,4919 15,4882 316,3773 11,1119 -0,4324 121,3018 0,7941 23,0000 
11,400 5373,3589 1931,5255 15,6054 315,6840 11,0247 -0,4340 120,9051 0,7938 23,0000 
11,450 5388,8321 1934,5288 15,7228 314,9997 10,9372 -0,4357 120,5103 0,7935 23,0000 
11,500 5404,2765 1937,5021 15,8405 314,3241 10,8496 -0,4373 120,1174 0,7932 23,0000 
11,550 5419,6925 1940,4454 15,9584 313,6569 10,7617 -0,4389 119,7264 0,7929 23,0000 
11,600 5435,0804 1943,3589 16,0764 312,9979 10,6737 -0,4405 119,3373 0,7926 23,0000 
11,650 5450,4406 1946,2427 16,1948 312,3468 10,5854 -0,4421 118,9500 0,7923 23,0000 
11,700 5465,7733 1949,0968 16,3133 311,7033 10,4969 -0,4437 118,5646 0,7920 23,0000 
11,750 5481,0791 1951,9214 16,4320 311,0673 10,4083 -0,4453 118,1811 0,7917 23,0000 
11,800 5496,3580 1954,7166 16,5510 310,4387 10,3194 -0,4469 117,7994 0,7914 23,0000 
11,850 5511,6106 1957,4825 16,6702 309,8173 10,2303 -0,4485 117,4196 0,7911 23,0000 
11,900 5526,8370 1960,2191 16,7896 309,2028 10,1410 -0,4501 117,0416 0,7909 23,0000 
11,950 5542,0376 1962,9267 16,9092 308,5950 10,0515 -0,4517 116,6654 0,7906 23,0000 
12,000 5557,2126 1965,6052 17,0291 307,9936 9,9618 -0,4533 116,2911 0,7903 23,0000 
12,050 5572,3624 1968,2547 17,1491 307,3984 9,8719 -0,4548 115,9186 0,7900 23,0000 
12,100 5587,4871 1970,8755 17,2694 306,8092 9,7819 -0,4564 115,5479 0,7898 23,0000 
12,150 5602,5870 1973,4674 17,3899 306,2259 9,6916 -0,4580 115,1789 0,7895 23,0000 
12,200 5617,6624 1976,0306 17,5106 305,6481 9,6011 -0,4595 114,8118 0,7893 23,0000 
12,250 5632,7135 1978,5653 17,6315 305,0759 9,5105 -0,4611 114,4465 0,7890 23,0000 
12,300 5647,7404 1981,0714 17,7526 304,5089 9,4196 -0,4626 114,0829 0,7887 23,0000 
12,350 5662,7435 1983,5490 17,8740 303,9471 9,3286 -0,4642 113,7211 0,7885 23,0000 
12,400 5677,7229 1985,9983 17,9956 303,3903 9,2374 -0,4657 113,3610 0,7882 23,0000 
12,450 5692,6789 1988,4192 18,1173 302,8383 9,1460 -0,4673 113,0027 0,7880 23,0000 
12,500 5707,6115 1990,8119 18,2393 302,2910 9,0544 -0,4688 112,6461 0,7878 23,0000 
12,550 5722,5210 1993,1764 18,3615 301,7484 8,9626 -0,4704 112,2912 0,7875 23,0000 
12,600 5737,4076 1995,5128 18,4839 301,2102 8,8706 -0,4719 111,9381 0,7873 23,0000 
12,650 5752,2715 1997,8212 18,6065 300,6763 8,7784 -0,4734 111,5866 0,7870 23,0000 
12,700 5767,1128 2000,1016 18,7294 300,1467 8,6861 -0,4749 111,2369 0,7868 23,0000 
12,750 5781,9316 2002,3541 18,8524 299,6212 8,5936 -0,4765 110,8888 0,7866 23,0000 
12,800 5796,7282 2004,5787 18,9757 299,0998 8,5009 -0,4780 110,5424 0,7864 23,0000 
12,850 5811,5027 2006,7755 19,0991 298,5823 8,4080 -0,4795 110,1977 0,7861 23,0000 
12,900 5826,2553 2008,9446 19,2228 298,0687 8,3149 -0,4810 109,8546 0,7859 23,0000 
12,950 5840,9860 2011,0860 19,3466 297,5589 8,2216 -0,4825 109,5132 0,7857 23,0000 
13,000 5855,6950 2013,1998 19,4707 297,0527 8,1282 -0,4841 109,1734 0,7855 23,0000 
13,050 5870,3826 2015,2860 19,5950 296,5502 8,0346 -0,4856 108,8352 0,7853 23,0000 
13,100 5885,0487 2017,3447 19,7195 296,0512 7,9408 -0,4871 108,4987 0,7851 23,0000 
13,150 5899,6935 2019,3760 19,8442 295,5557 7,8468 -0,4886 108,1637 0,7849 23,0000 
13,200 5914,3172 2021,3798 19,9691 295,0637 7,7527 -0,4901 107,8304 0,7847 23,0000 
13,250 5928,9199 2023,3563 20,0942 294,5749 7,6584 -0,4916 107,4986 0,7845 23,0000 
13,300 5943,5016 2025,3055 20,2195 294,0895 7,5639 -0,4931 107,1684 0,7843 23,0000 
13,350 5958,0626 2027,2275 20,3450 293,6073 7,4692 -0,4946 106,8398 0,7841 23,0000 
13,400 5972,6029 2029,1223 20,4707 293,1283 7,3744 -0,4961 106,5128 0,7839 23,0000 
13,450 5987,1227 2030,9899 20,5966 292,6524 7,2794 -0,4976 106,1873 0,7837 23,0000 
13,500 6001,6220 2032,8304 20,7227 292,1797 7,1842 -0,4990 105,8633 0,7835 23,0000 
13,550 6016,1010 2034,6439 20,8490 291,7099 7,0888 -0,5005 105,5409 0,7833 23,0000 
13,600 6030,5597 2036,4304 20,9755 291,2432 6,9933 -0,5020 105,2200 0,7831 23,0000 
13,650 6044,9983 2038,1899 21,1022 290,7794 6,8976 -0,5035 104,9006 0,7830 23,0000 
13,700 6059,4169 2039,9225 21,2291 290,3186 6,8017 -0,5050 104,5827 0,7828 23,0000 
13,750 6073,8155 2041,6283 21,3562 289,8607 6,7057 -0,5065 104,2663 0,7826 23,0000 
13,800 6088,1943 2043,3072 21,4835 289,4056 6,6095 -0,5079 103,9513 0,7824 23,0000 
13,850 6102,5534 2044,9594 21,6110 288,9533 6,5131 -0,5094 103,6379 0,7823 23,0000 
13,900 6116,8929 2046,5848 21,7386 288,5038 6,4166 -0,5109 103,3259 0,7821 23,0000 
13,950 6131,2128 2048,1836 21,8665 288,0571 6,3199 -0,5124 103,0154 0,7820 23,0000 
14,000 6145,5132 2049,7557 21,9946 287,6132 6,2230 -0,5138 102,7063 0,7818 23,0000 
14,050 6159,7943 2051,3013 22,1228 287,1719 6,1259 -0,5153 102,3986 0,7816 23,0000 
14,100 6174,0561 2052,8203 22,2513 286,7334 6,0287 -0,5168 102,0924 0,7815 23,0000 
14,150 6188,2987 2054,3128 22,3799 286,2975 5,9314 -0,5182 101,7876 0,7813 23,0000 
14,200 6202,5223 2055,7788 22,5088 285,8642 5,8338 -0,5197 101,4842 0,7812 23,0000 
14,250 6216,7268 2057,2184 22,6378 285,4336 5,7361 -0,5212 101,1823 0,7810 23,0000 
14,300 6230,9124 2058,6316 22,7670 285,0057 5,6383 -0,5226 100,8817 0,7809 23,0000 
14,350 6245,0791 2060,0185 22,8964 284,5803 5,5402 -0,5241 100,5825 0,7808 23,0000 
14,400 6259,2272 2061,3791 23,0260 284,1575 5,4421 -0,5255 100,2846 0,7806 23,0000 
14,450 6273,3565 2062,7135 23,1558 283,7372 5,3437 -0,5270 99,9882 0,7805 23,0000 
14,500 6287,4673 2064,0216 23,2858 283,3196 5,2452 -0,5285 99,6931 0,7804 23,0000 
14,550 6301,5595 2065,3036 23,4159 282,9044 5,1466 -0,5299 99,3993 0,7802 23,0000 
14,600 6315,6333 2066,5594 23,5463 282,4918 5,0477 -0,5314 99,1069 0,7801 23,0000 
14,650 6329,6888 2067,7891 23,6768 282,0818 4,9488 -0,5328 98,8159 0,7800 23,0000 
14,700 6343,7261 2068,9928 23,8075 281,6744 4,8496 -0,5343 98,5261 0,7799 23,0000 
14,750 6357,7451 2070,1704 23,9384 281,2695 4,7503 -0,5357 98,2377 0,7797 23,0000 
14,800 6371,7461 2071,3221 24,0695 280,8668 4,6509 -0,5372 97,9506 0,7796 23,0000 
14,850 6385,7290 2072,4478 24,2008 280,4665 4,5513 -0,5386 97,6648 0,7795 23,0000 
14,900 6399,6940 2073,5476 24,3323 280,0685 4,4515 -0,5401 97,3803 0,7794 23,0000 
14,950 6413,6411 2074,6216 24,4639 279,6728 4,3516 -0,5415 97,0971 0,7793 23,0000 
15,000 6427,5703 2075,6697 24,5958 279,2794 4,2516 -0,5430 96,8151 0,7792 23,0000 
15,050 6441,4819 2076,6921 24,7278 278,8882 4,1514 -0,5444 96,5345 0,7791 23,0000 
15,100 6455,3757 2077,6887 24,8600 278,4993 4,0510 -0,5459 96,2550 0,7790 23,0000 
15,150 6469,2519 2078,6595 24,9923 278,1127 3,9505 -0,5473 95,9769 0,7789 23,0000 
15,200 6483,1106 2079,6047 25,1249 277,7283 3,8498 -0,5487 95,7000 0,7788 23,0000 
15,250 6496,9518 2080,5243 25,2576 277,3461 3,7490 -0,5502 95,4243 0,7787 23,0000 
15,300 6510,7756 2081,4182 25,3906 276,9661 3,6481 -0,5516 95,1499 0,7786 23,0000 
15,350 6524,5820 2082,2866 25,5236 276,5883 3,5469 -0,5531 94,8767 0,7785 23,0000 
15,400 6538,3711 2083,1294 25,6569 276,2127 3,4457 -0,5545 94,6047 0,7784 23,0000 
15,450 6552,1430 2083,9467 25,7904 275,8393 3,3443 -0,5559 94,3339 0,7784 23,0000 
15,500 6565,8978 2084,7385 25,9240 275,4680 3,2427 -0,5574 94,0643 0,7783 23,0000 
15,550 6579,6355 2085,5049 26,0578 275,0989 3,1410 -0,5588 93,7959 0,7782 23,0000 
15,600 6593,3561 2086,2459 26,1918 274,7319 3,0392 -0,5602 93,5288 0,7781 23,0000 
15,650 6607,0597 2086,9615 26,3260 274,3670 2,9372 -0,5617 93,2628 0,7781 23,0000 
15,700 6620,7465 2087,6518 26,4603 274,0043 2,8351 -0,5631 92,9979 0,7780 23,0000 
15,750 6634,4164 2088,3168 26,5949 273,6436 2,7328 -0,5645 92,7343 0,7779 23,0000 
15,800 6648,0695 2088,9565 26,7296 273,2850 2,6304 -0,5660 92,4717 0,7779 23,0000 
15,850 6661,7058 2089,5710 26,8645 272,9286 2,5278 -0,5674 92,2104 0,7778 23,0000 
15,900 6675,3255 2090,1603 26,9995 272,5741 2,4252 -0,5688 91,9502 0,7777 23,0000 
15,950 6688,9286 2090,7244 27,1347 272,2218 2,3223 -0,5703 91,6911 0,7777 23,0000 
16,000 6702,5151 2091,2633 27,2701 271,8714 2,2193 -0,5717 91,4332 0,7776 23,0000 
16,050 6716,0851 2091,7772 27,4057 271,5231 2,1162 -0,5731 91,1764 0,7776 23,0000 
16,100 6729,6386 2092,2660 27,5415 271,1769 2,0130 -0,5746 90,9207 0,7775 23,0000 
16,150 6743,1758 2092,7298 27,6774 270,8326 1,9096 -0,5760 90,6661 0,7775 23,0000 
16,200 6756,6966 2093,1685 27,8135 270,4904 1,8061 -0,5774 90,4127 0,7774 23,0000 
16,250 6770,2011 2093,5823 27,9497 270,1501 1,7024 -0,5788 90,1603 0,7774 23,0000 
16,300 6783,6895 2093,9711 28,0862 269,8118 1,5986 -0,5803 89,9090 0,7774 23,0000 
16,350 6797,1616 2094,3350 28,2228 269,4755 1,4947 -0,5817 89,6589 0,7773 23,0000 
16,400 6810,6176 2094,6740 28,3596 269,1412 1,3907 -0,5831 89,4098 0,7773 23,0000 
16,450 6824,0576 2094,9882 28,4965 268,8088 1,2865 -0,5846 89,1617 0,7773 23,0000 
16,500 6837,4815 2095,2776 28,6337 268,4784 1,1822 -0,5860 88,9148 0,7772 23,0000 
16,550 6850,8895 2095,5421 28,7710 268,1499 1,0777 -0,5874 88,6689 0,7772 23,0000 
16,600 6864,2815 2095,7819 28,9084 267,8233 0,9731 -0,5888 88,4240 0,7772 23,0000 
16,650 6877,6578 2095,9970 29,0461 267,4987 0,8684 -0,5903 88,1802 0,7772 23,0000 
16,700 6891,0181 2096,1873 29,1839 267,1759 0,7636 -0,5917 87,9375 0,7771 23,0000 
16,750 6904,3628 2096,3530 29,3219 266,8551 0,6586 -0,5931 87,6958 0,7771 23,0000 
16,800 6917,6917 2096,4941 29,4600 266,5361 0,5535 -0,5945 87,4551 0,7771 23,0000 
16,850 6931,0050 2096,6105 29,5983 266,2190 0,4483 -0,5960 87,2155 0,7771 23,0000 
16,900 6944,3026 2096,7024 29,7368 265,9038 0,3430 -0,5974 86,9768 0,7771 23,0000 
16,950 6957,5847 2096,7697 29,8755 265,5905 0,2375 -0,5988 86,7392 0,7771 23,0000 
17,000 6970,8513 2096,8125 30,0143 265,2790 0,1319 -0,6002 86,5026 0,7771 23,0000 
17,050 6984,1024 2096,8308 30,1533 264,9694 0,0262 -0,6017 86,2670 0,7771 23,0000 
17,100 6997,3380 2096,8246 30,2924 264,6616 -0,0796 -0,6031 86,0324 0,7771 23,0000 
17,150 7010,5583 2096,7940 30,4318 264,3556 -0,1856 -0,6046 85,7988 0,7771 23,0000 
17,200 7023,7633 2096,7390 30,5713 264,0515 -0,2917 -0,6061 85,5661 0,7771 23,0000 
17,250 7036,9530 2096,6596 30,7110 263,7492 -0,3979 -0,6075 85,3345 0,7771 23,0000 
17,300 7050,1274 2096,5559 30,8508 263,4486 -0,5042 -0,6090 85,1038 0,7771 23,0000 
17,350 7063,2867 2096,4278 30,9909 263,1499 -0,6106 -0,6104 84,8741 0,7771 23,0000 
17,400 7076,4308 2096,2755 31,1311 262,8530 -0,7172 -0,6119 84,6454 0,7771 23,0000 
17,450 7089,5598 2096,0988 31,2715 262,5579 -0,8238 -0,6133 84,4176 0,7771 23,0000 
17,500 7102,6738 2095,8980 31,4120 262,2645 -0,9306 -0,6148 84,1908 0,7772 23,0000 
17,550 7115,7727 2095,6729 31,5527 261,9729 -1,0375 -0,6162 83,9649 0,7772 23,0000 
17,600 7128,8566 2095,4236 31,6936 261,6830 -1,1445 -0,6177 83,7399 0,7772 23,0000 
17,650 7141,9257 2095,1502 31,8347 261,3949 -1,2516 -0,6191 83,5159 0,7772 23,0000 
17,700 7154,9798 2094,8527 31,9759 261,1086 -1,3589 -0,6206 83,2929 0,7773 23,0000 
17,750 7168,0191 2094,5310 32,1173 260,8240 -1,4662 -0,6220 83,0707 0,7773 23,0000 
17,800 7181,0436 2094,1853 32,2589 260,5411 -1,5736 -0,6235 82,8495 0,7773 23,0000 
17,850 7194,0533 2093,8155 32,4006 260,2600 -1,6812 -0,6249 82,6292 0,7774 23,0000 
17,900 7207,0483 2093,4218 32,5425 259,9805 -1,7889 -0,6264 82,4098 0,7774 23,0000 
17,950 7220,0286 2093,0040 32,6846 259,7028 -1,8967 -0,6279 82,1913 0,7775 23,0000 
18,000 7232,9943 2092,5622 32,8269 259,4268 -2,0045 -0,6293 81,9737 0,7775 23,0000 
18,050 7245,9453 2092,0965 32,9693 259,1525 -2,1125 -0,6308 81,7570 0,7775 23,0000 
18,100 7258,8818 2091,6069 33,1119 258,8799 -2,2206 -0,6322 81,5412 0,7776 23,0000 
18,150 7271,8038 2091,0935 33,2546 258,6089 -2,3288 -0,6337 81,3263 0,7776 23,0000 
18,200 7284,7113 2090,5561 33,3975 258,3396 -2,4371 -0,6351 81,1123 0,7777 23,0000 
18,250 7297,6044 2089,9949 33,5406 258,0720 -2,5455 -0,6366 80,8991 0,7778 23,0000 
18,300 7310,4830 2089,4099 33,6839 257,8061 -2,6540 -0,6380 80,6868 0,7778 23,0000 
18,350 7323,3473 2088,8012 33,8273 257,5418 -2,7627 -0,6395 80,4754 0,7779 23,0000 
18,400 7336,1973 2088,1686 33,9709 257,2792 -2,8714 -0,6409 80,2649 0,7779 23,0000 
18,450 7349,0329 2087,5124 34,1147 257,0182 -2,9802 -0,6424 80,0552 0,7780 23,0000 
18,500 7361,8543 2086,8324 34,2586 256,7588 -3,0891 -0,6439 79,8463 0,7781 23,0000 
18,550 7374,6615 2086,1287 34,4027 256,5011 -3,1981 -0,6453 79,6383 0,7781 23,0000 
18,600 7387,4545 2085,4014 34,5469 256,2450 -3,3072 -0,6468 79,4312 0,7782 23,0000 
18,650 7400,2333 2084,6505 34,6913 255,9905 -3,4164 -0,6482 79,2249 0,7783 23,0000 
18,700 7412,9980 2083,8760 34,8359 255,7376 -3,5256 -0,6497 79,0194 0,7784 23,0000 
18,750 7425,7487 2083,0778 34,9807 255,4863 -3,6350 -0,6511 78,8148 0,7784 23,0000 
18,800 7438,4853 2082,2562 35,1256 255,2367 -3,7445 -0,6526 78,6110 0,7785 23,0000 
18,850 7451,2079 2081,4110 35,2707 254,9886 -3,8541 -0,6541 78,4080 0,7786 23,0000 
18,900 7463,9165 2080,5423 35,4159 254,7421 -3,9637 -0,6555 78,2058 0,7787 23,0000 
18,950 7476,6112 2079,6501 35,5613 254,4972 -4,0735 -0,6570 78,0045 0,7788 23,0000 
19,000 7489,2920 2078,7344 35,7069 254,2539 -4,1833 -0,6584 77,8039 0,7789 23,0000 
19,050 7501,9590 2077,7954 35,8526 254,0121 -4,2932 -0,6599 77,6042 0,7790 23,0000 
19,100 7514,6120 2076,8329 35,9985 253,7719 -4,4032 -0,6614 77,4053 0,7791 23,0000 
19,150 7527,2513 2075,8470 36,1446 253,5333 -4,5133 -0,6628 77,2071 0,7792 23,0000 
19,200 7539,8768 2074,8378 36,2908 253,2962 -4,6235 -0,6643 77,0098 0,7793 23,0000 
19,250 7552,4886 2073,8053 36,4372 253,0607 -4,7337 -0,6657 76,8132 0,7794 23,0000 
19,300 7565,0867 2072,7494 36,5837 252,8267 -4,8441 -0,6672 76,6174 0,7795 23,0000 
19,350 7577,6711 2071,6703 36,7305 252,5942 -4,9545 -0,6687 76,4224 0,7796 23,0000 
19,400 7590,2419 2070,5679 36,8773 252,3633 -5,0650 -0,6701 76,2282 0,7797 23,0000 
19,450 7602,7990 2069,4423 37,0244 252,1339 -5,1756 -0,6716 76,0348 0,7798 23,0000 
19,500 7615,3426 2068,2935 37,1715 251,9060 -5,2863 -0,6730 75,8421 0,7799 23,0000 
19,550 7627,8726 2067,1214 37,3189 251,6796 -5,3970 -0,6745 75,6502 0,7801 23,0000 
19,600 7640,3891 2065,9263 37,4664 251,4547 -5,5079 -0,6760 75,4591 0,7802 23,0000 
19,650 7652,8921 2064,7079 37,6141 251,2314 -5,6188 -0,6774 75,2687 0,7803 23,0000 
19,700 7665,3817 2063,4665 37,7619 251,0095 -5,7297 -0,6789 75,0790 0,7804 23,0000 
19,750 7677,8578 2062,2020 37,9099 250,7891 -5,8408 -0,6803 74,8902 0,7805 23,0000 
19,800 7690,3206 2060,9144 38,0581 250,5703 -5,9519 -0,6818 74,7020 0,7807 23,0000 
19,850 7702,7700 2059,6037 38,2064 250,3528 -6,0631 -0,6833 74,5146 0,7808 23,0000 
19,900 7715,2060 2058,2700 38,3548 250,1369 -6,1744 -0,6847 74,3280 0,7809 23,0000 
19,950 7727,6288 2056,9134 38,5035 249,9225 -6,2857 -0,6862 74,1420 0,7811 23,0000 
20,000 7740,0382 2055,5337 38,6522 249,7095 -6,3971 -0,6876 73,9568 0,7812 23,0000 
20,050 7752,4345 2054,1311 38,8012 249,4979 -6,5086 -0,6891 73,7724 0,7814 23,0000 
20,100 7764,8175 2052,7056 38,9503 249,2879 -6,6201 -0,6906 73,5886 0,7815 23,0000 
20,150 7777,1873 2051,2572 39,0995 249,0792 -6,7318 -0,6920 73,4056 0,7816 23,0000 
20,200 7789,5439 2049,7859 39,2490 248,8721 -6,8434 -0,6935 73,2233 0,7818 23,0000 
20,250 7801,8874 2048,2917 39,3985 248,6663 -6,9552 -0,6950 73,0417 0,7819 23,0000 
20,300 7814,2178 2046,7747 39,5482 248,4620 -7,0670 -0,6964 72,8609 0,7821 23,0000 
20,350 7826,5351 2045,2349 39,6981 248,2592 -7,1789 -0,6979 72,6807 0,7823 23,0000 
20,400 7838,8394 2043,6723 39,8482 248,0577 -7,2908 -0,6994 72,5012 0,7824 23,0000 
20,450 7851,1306 2042,0869 39,9984 247,8577 -7,4028 -0,7008 72,3224 0,7826 23,0000 
20,500 7863,4089 2040,4788 40,1487 247,6591 -7,5148 -0,7023 72,1444 0,7827 23,0000 
20,550 7875,6741 2038,8480 40,2992 247,4619 -7,6270 -0,7037 71,9670 0,7829 23,0000 
20,600 7887,9264 2037,1944 40,4499 247,2661 -7,7391 -0,7052 71,7903 0,7831 23,0000 
20,650 7900,1658 2035,5182 40,6007 247,0717 -7,8513 -0,7067 71,6143 0,7832 23,0000 
20,700 7912,3923 2033,8194 40,7516 246,8787 -7,9636 -0,7081 71,4390 0,7834 23,0000 
20,750 7924,6060 2032,0979 40,9027 246,6871 -8,0760 -0,7096 71,2643 0,7836 23,0000 
20,800 7936,8068 2030,3538 41,0540 246,4969 -8,1884 -0,7111 71,0904 0,7838 23,0000 
20,850 7948,9947 2028,5871 41,2054 246,3081 -8,3008 -0,7125 70,9171 0,7839 23,0000 
20,900 7961,1699 2026,7978 41,3570 246,1206 -8,4133 -0,7140 70,7445 0,7841 23,0000 
20,950 7973,3323 2024,9860 41,5088 245,9346 -8,5259 -0,7155 70,5725 0,7843 23,0000 
21,000 7985,4820 2023,1517 41,6606 245,7499 -8,6384 -0,7169 70,4012 0,7845 23,0000 
21,050 7997,6189 2021,2949 41,8127 245,5665 -8,7511 -0,7184 70,2306 0,7847 23,0000 
21,100 8009,7431 2019,4156 41,9648 245,3845 -8,8638 -0,7199 70,0606 0,7849 23,0000 
21,150 8021,8547 2017,5139 42,1172 245,2039 -8,9765 -0,7213 69,8913 0,7851 23,0000 
21,200 8033,9536 2015,5897 42,2697 245,0246 -9,0893 -0,7228 69,7226 0,7852 23,0000 
21,250 8046,0399 2013,6431 42,4223 244,8467 -9,2022 -0,7243 69,5546 0,7854 23,0000 
21,300 8058,1136 2011,6742 42,5751 244,6701 -9,3150 -0,7258 69,3872 0,7856 23,0000 
21,350 8070,1747 2009,6828 42,7280 244,4948 -9,4280 -0,7272 69,2205 0,7858 23,0000 
21,400 8082,2233 2007,6692 42,8811 244,3209 -9,5409 -0,7287 69,0544 0,7860 23,0000 
21,450 8094,2594 2005,6332 43,0344 244,1483 -9,6539 -0,7302 68,8890 0,7863 23,0000 
21,500 8106,2829 2003,5749 43,1877 243,9771 -9,7670 -0,7316 68,7241 0,7865 23,0000 
21,550 8118,2939 2001,4943 43,3413 243,8071 -9,8800 -0,7331 68,5600 0,7867 23,0000 
21,600 8130,2925 1999,3915 43,4950 243,6385 -9,9932 -0,7346 68,3964 0,7869 23,0000 
21,650 8142,2786 1997,2665 43,6488 243,4711 -10,1063 -0,7360 68,2335 0,7871 23,0000 
21,700 8154,2524 1995,1192 43,8028 243,3051 -10,2195 -0,7375 68,0712 0,7873 23,0000 
21,750 8166,2137 1992,9498 43,9569 243,1404 -10,3327 -0,7390 67,9095 0,7875 23,0000 
21,800 8178,1626 1990,7581 44,1112 242,9770 -10,4460 -0,7404 67,7484 0,7878 23,0000 
21,850 8190,0992 1988,5444 44,2656 242,8148 -10,5593 -0,7419 67,5879 0,7880 23,0000 
21,900 8202,0235 1986,3085 44,4202 242,6540 -10,6726 -0,7434 67,4281 0,7882 23,0000 
21,950 8213,9354 1984,0505 44,5749 242,4944 -10,7860 -0,7449 67,2688 0,7884 23,0000 
22,000 8225,8351 1981,7704 44,7297 242,3362 -10,8994 -0,7463 67,1102 0,7887 23,0000 
22,050 8237,7225 1979,4683 44,8848 242,1792 -11,0128 -0,7478 66,9522 0,7889 23,0000 
22,100 8249,5976 1977,1441 45,0399 242,0234 -11,1262 -0,7493 66,7948 0,7891 23,0000 
22,150 8261,4605 1974,7980 45,1952 241,8690 -11,2397 -0,7508 66,6379 0,7894 23,0000 
22,200 8273,3113 1972,4298 45,3506 241,7158 -11,3532 -0,7522 66,4817 0,7896 23,0000 
22,250 8285,1498 1970,0396 45,5062 241,5638 -11,4667 -0,7537 66,3260 0,7899 23,0000 
22,300 8296,9761 1967,6275 45,6620 241,4131 -11,5803 -0,7552 66,1710 0,7901 23,0000 
22,350 8308,7903 1965,1935 45,8178 241,2637 -11,6938 -0,7566 66,0165 0,7904 23,0000 
22,400 8320,5924 1962,7376 45,9739 241,1155 -11,8074 -0,7581 65,8626 0,7906 23,0000 
22,450 8332,3824 1960,2598 46,1300 240,9686 -11,9210 -0,7596 65,7093 0,7909 23,0000 
22,500 8344,1603 1957,7601 46,2863 240,8228 -12,0347 -0,7611 65,5566 0,7911 23,0000 
22,550 8355,9261 1955,2385 46,4428 240,6784 -12,1483 -0,7625 65,4045 0,7914 23,0000 
22,600 8367,6798 1952,6952 46,5994 240,5351 -12,2620 -0,7640 65,2529 0,7916 23,0000 
22,650 8379,4215 1950,1300 46,7561 240,3931 -12,3756 -0,7655 65,1019 0,7919 23,0000 
22,700 8391,1513 1947,5431 46,9130 240,2523 -12,4893 -0,7670 64,9515 0,7922 23,0000 
22,750 8402,8690 1944,9344 47,0700 240,1127 -12,6031 -0,7685 64,8017 0,7924 23,0000 
22,800 8414,5747 1942,3039 47,2271 239,9743 -12,7168 -0,7699 64,6524 0,7927 23,0000 
22,850 8426,2685 1939,6518 47,3844 239,8371 -12,8305 -0,7714 64,5037 0,7930 23,0000 
22,900 8437,9504 1936,9779 47,5419 239,7012 -12,9443 -0,7729 64,3555 0,7932 23,0000 
22,950 8449,6203 1934,2824 47,6995 239,5664 -13,0580 -0,7744 64,2079 0,7935 23,0000 
23,000 8461,2783 1931,5652 47,8572 239,4328 -13,1718 -0,7758 64,0609 0,7938 23,0000 
23,050 8472,9245 1928,8264 48,0150 239,3005 -13,2856 -0,7773 63,9144 0,7941 23,0000 
23,100 8484,5587 1926,0660 48,1730 239,1693 -13,3994 -0,7788 63,7684 0,7943 23,0000 
23,150 8496,1812 1923,2840 48,3312 239,0393 -13,5132 -0,7803 63,6230 0,7946 23,0000 
23,200 8507,7917 1920,4804 48,4895 238,9104 -13,6270 -0,7818 63,4782 0,7949 23,0000 
23,250 8519,3905 1917,6553 48,6479 238,7828 -13,7408 -0,7832 63,3339 0,7952 23,0000 
23,300 8530,9775 1914,8086 48,8064 238,6563 -13,8546 -0,7847 63,1902 0,7955 23,0000 
23,350 8542,5527 1911,9404 48,9651 238,5310 -13,9684 -0,7862 63,0469 0,7958 23,0000 
23,400 8554,1161 1909,0508 49,1239 238,4069 -14,0822 -0,7877 62,9043 0,7961 23,0000 
23,450 8565,6678 1906,1397 49,2829 238,2839 -14,1960 -0,7892 62,7621 0,7964 23,0000 
23,500 8577,2078 1903,2071 49,4420 238,1620 -14,3098 -0,7906 62,6205 0,7967 23,0000 
23,550 8588,7360 1900,2532 49,6013 238,0414 -14,4236 -0,7921 62,4795 0,7970 23,0000 
23,600 8600,2525 1897,2778 49,7606 237,9218 -14,5374 -0,7936 62,3389 0,7973 23,0000 
23,650 8611,7574 1894,2810 49,9201 237,8034 -14,6512 -0,7951 62,1989 0,7976 23,0000 
23,700 8623,2506 1891,2629 50,0798 237,6862 -14,7650 -0,7966 62,0594 0,7979 23,0000 
23,750 8634,7321 1888,2235 50,2396 237,5701 -14,8788 -0,7980 61,9205 0,7982 23,0000 
23,800 8646,2020 1885,1627 50,3995 237,4551 -14,9926 -0,7995 61,7820 0,7985 23,0000 
23,850 8657,6603 1882,0806 50,5595 237,3412 -15,1064 -0,8010 61,6441 0,7988 23,0000 
23,900 8669,1070 1878,9773 50,7197 237,2285 -15,2202 -0,8025 61,5067 0,7992 23,0000 
23,950 8680,5420 1875,8527 50,8800 237,1169 -15,3339 -0,8040 61,3698 0,7995 23,0000 
24,000 8691,9656 1872,7069 51,0405 237,0064 -15,4477 -0,8055 61,2334 0,7998 23,0000 
24,050 8703,3775 1869,5399 51,2011 236,8970 -15,5614 -0,8069 61,0976 0,8001 23,0000 
24,100 8714,7779 1866,3516 51,3618 236,7888 -15,6751 -0,8084 60,9622 0,8005 23,0000 
24,150 8726,1668 1863,1422 51,5227 236,6816 -15,7889 -0,8099 60,8274 0,8008 23,0000 
24,200 8737,5442 1859,9117 51,6836 236,5755 -15,9026 -0,8114 60,6930 0,8011 23,0000 
24,250 8748,9101 1856,6600 51,8448 236,4705 -16,0162 -0,8129 60,5592 0,8015 23,0000 
24,300 8760,2644 1853,3873 52,0060 236,3667 -16,1299 -0,8144 60,4259 0,8018 23,0000 
24,350 8771,6074 1850,0934 52,1674 236,2639 -16,2436 -0,8159 60,2931 0,8021 23,0000 
24,400 8782,9388 1846,7785 52,3289 236,1622 -16,3572 -0,8173 60,1607 0,8025 23,0000 
24,450 8794,2588 1843,4425 52,4905 236,0615 -16,4708 -0,8188 60,0289 0,8028 23,0000 
24,500 8805,5674 1840,0855 52,6523 235,9620 -16,5844 -0,8203 59,8975 0,8032 23,0000 
24,550 8816,8646 1836,7075 52,8142 235,8635 -16,6980 -0,8218 59,7667 0,8035 23,0000 
24,600 8828,1504 1833,3085 52,9762 235,7661 -16,8115 -0,8233 59,6363 0,8039 23,0000 
24,650 8839,4248 1829,8886 53,1384 235,6698 -16,9250 -0,8248 59,5065 0,8042 23,0000 
24,700 8850,6878 1826,4477 53,3007 235,5745 -17,0385 -0,8263 59,3771 0,8046 23,0000 
24,750 8861,9394 1822,9859 53,4631 235,4803 -17,1520 -0,8278 59,2482 0,8049 23,0000 
24,800 8873,1797 1819,5032 53,6257 235,3871 -17,2655 -0,8293 59,1198 0,8053 23,0000 
24,850 8884,4087 1815,9997 53,7883 235,2950 -17,3789 -0,8307 58,9919 0,8056 23,0000 
24,900 8895,6264 1812,4752 53,9511 235,2039 -17,4923 -0,8322 58,8644 0,8060 23,0000 
24,950 8906,8327 1808,9300 54,1141 235,1138 -17,6056 -0,8337 58,7375 0,8064 23,0000 
25,000 8918,0278 1805,3639 54,2771 235,0249 -17,7190 -0,8352 58,6110 0,8067 23,0000 
25,050 8929,2115 1801,7770 54,4403 234,9369 -17,8323 -0,8367 58,4850 0,8071 23,0000 
25,100 8940,3840 1798,1694 54,6036 234,8500 -17,9456 -0,8382 58,3594 0,8075 23,0000 
25,150 8951,5453 1794,5410 54,7671 234,7640 -18,0588 -0,8397 58,2344 0,8079 23,0000 
25,200 8962,6953 1790,8919 54,9306 234,6792 -18,1720 -0,8412 58,1098 0,8082 23,0000 
25,250 8973,8341 1787,2220 55,0943 234,5953 -18,2852 -0,8427 57,9857 0,8086 23,0000 
25,300 8984,9616 1783,5315 55,2581 234,5124 -18,3983 -0,8442 57,8620 0,8090 23,0000 
25,350 8996,0780 1779,8203 55,4221 234,4306 -18,5114 -0,8457 57,7388 0,8094 23,0000 
25,400 9007,1831 1776,0885 55,5861 234,3498 -18,6245 -0,8472 57,6161 0,8098 23,0000 
25,450 9018,2771 1772,3361 55,7503 234,2699 -18,7375 -0,8486 57,4938 0,8102 23,0000 
25,500 9029,3599 1768,5630 55,9146 234,1911 -18,8505 -0,8501 57,3720 0,8106 23,0000 
25,550 9040,4315 1764,7693 56,0791 234,1133 -18,9634 -0,8516 57,2507 0,8109 23,0000 
25,600 9051,4920 1760,9551 56,2436 234,0364 -19,0764 -0,8531 57,1298 0,8113 23,0000 
25,650 9062,5414 1757,1204 56,4083 233,9606 -19,1892 -0,8546 57,0093 0,8117 23,0000 
25,700 9073,5796 1753,2651 56,5731 233,8857 -19,3020 -0,8561 56,8894 0,8121 23,0000 
25,750 9084,6067 1749,3894 56,7380 233,8118 -19,4148 -0,8576 56,7698 0,8125 23,0000 
25,800 9095,6227 1745,4931 56,9031 233,7389 -19,5275 -0,8591 56,6508 0,8130 23,0000 
25,850 9106,6277 1741,5764 57,0683 233,6669 -19,6402 -0,8606 56,5322 0,8134 23,0000 
25,900 9117,6215 1737,6393 57,2335 233,5960 -19,7529 -0,8621 56,4140 0,8138 23,0000 
25,950 9128,6043 1733,6817 57,3989 233,5259 -19,8655 -0,8636 56,2963 0,8142 23,0000 
26,000 9139,5760 1729,7038 57,5645 233,4569 -19,9780 -0,8651 56,1790 0,8146 23,0000 
26,050 9150,5367 1725,7054 57,7301 233,3888 -20,0905 -0,8666 56,0621 0,8150 23,0000 
26,100 9161,4863 1721,6868 57,8959 233,3217 -20,2029 -0,8681 55,9458 0,8154 23,0000 
26,150 9172,4249 1717,6478 58,0618 233,2555 -20,3153 -0,8696 55,8298 0,8159 23,0000 
26,200 9183,3525 1713,5885 58,2278 233,1902 -20,4277 -0,8711 55,7143 0,8163 23,0000 
26,250 9194,2691 1709,5089 58,3939 233,1259 -20,5400 -0,8726 55,5992 0,8167 23,0000 
26,300 9205,1747 1705,4090 58,5602 233,0625 -20,6522 -0,8741 55,4846 0,8171 23,0000 
26,350 9216,0693 1701,2889 58,7265 233,0001 -20,7644 -0,8756 55,3704 0,8176 23,0000 
26,400 9226,9529 1697,1485 58,8930 232,9386 -20,8765 -0,8771 55,2566 0,8180 23,0000 
26,450 9237,8256 1692,9880 59,0596 232,8780 -20,9886 -0,8786 55,1433 0,8184 23,0000 
26,500 9248,6873 1688,8073 59,2263 232,8184 -21,1006 -0,8801 55,0304 0,8189 23,0000 
26,550 9259,5380 1684,6064 59,3931 232,7596 -21,2126 -0,8816 54,9179 0,8193 23,0000 
26,600 9270,3778 1680,3854 59,5601 232,7018 -21,3245 -0,8831 54,8059 0,8197 23,0000 
26,650 9281,2067 1676,1442 59,7272 232,6449 -21,4363 -0,8846 54,6943 0,8202 23,0000 
26,700 9292,0247 1671,8830 59,8943 232,5889 -21,5481 -0,8861 54,5831 0,8206 23,0000 
26,750 9302,8318 1667,6017 60,0616 232,5338 -21,6598 -0,8876 54,4724 0,8211 23,0000 
26,800 9313,6280 1663,3003 60,2290 232,4796 -21,7714 -0,8891 54,3620 0,8215 23,0000 
26,850 9324,4133 1658,9789 60,3966 232,4263 -21,8830 -0,8906 54,2521 0,8220 23,0000 
26,900 9335,1877 1654,6375 60,5642 232,3739 -21,9946 -0,8921 54,1426 0,8224 23,0000 
26,950 9345,9512 1650,2761 60,7319 232,3224 -22,1060 -0,8936 54,0336 0,8229 23,0000 
27,000 9356,7039 1645,8947 60,8998 232,2717 -22,2174 -0,8951 53,9249 0,8234 23,0000 
27,050 9367,4457 1641,4933 61,0678 232,2220 -22,3288 -0,8966 53,8167 0,8238 23,0000 
27,100 9378,1767 1637,0721 61,2359 232,1731 -22,4400 -0,8982 53,7089 0,8243 23,0000 
27,150 9388,8969 1632,6309 61,4041 232,1251 -22,5512 -0,8997 53,6015 0,8248 23,0000 
27,200 9399,6062 1628,1699 61,5724 232,0779 -22,6623 -0,9012 53,4945 0,8252 23,0000 
27,250 9410,3047 1623,6890 61,7408 232,0317 -22,7734 -0,9027 53,3879 0,8257 23,0000 
27,300 9420,9924 1619,1882 61,9093 231,9863 -22,8844 -0,9042 53,2817 0,8262 23,0000 
27,350 9431,6693 1614,6677 62,0780 231,9417 -22,9953 -0,9057 53,1760 0,8267 23,0000 
27,400 9442,3354 1610,1273 62,2467 231,8980 -23,1061 -0,9072 53,0706 0,8271 23,0000 
27,450 9452,9908 1605,5672 62,4156 231,8551 -23,2169 -0,9087 52,9657 0,8276 23,0000 
27,500 9463,6353 1600,9873 62,5846 231,8131 -23,3276 -0,9102 52,8612 0,8281 23,0000 
27,550 9474,2691 1596,3877 62,7537 231,7720 -23,4382 -0,9117 52,7570 0,8286 23,0000 
27,600 9484,8921 1591,7683 62,9229 231,7317 -23,5488 -0,9132 52,6533 0,8291 23,0000 
27,650 9495,5044 1587,1293 63,0922 231,6922 -23,6593 -0,9147 52,5500 0,8296 23,0000 
27,700 9506,1060 1582,4706 63,2616 231,6535 -23,7697 -0,9163 52,4471 0,8301 23,0000 
27,750 9516,6968 1577,7923 63,4311 231,6157 -23,8800 -0,9178 52,3446 0,8306 23,0000 
27,800 9527,2768 1573,0943 63,6007 231,5787 -23,9902 -0,9193 52,2425 0,8310 23,0000 
27,850 9537,8462 1568,3767 63,7705 231,5425 -24,1004 -0,9208 52,1407 0,8315 23,0000 
27,900 9548,4048 1563,6396 63,9403 231,5071 -24,2105 -0,9223 52,0394 0,8321 23,0000 
27,950 9558,9528 1558,8829 64,1102 231,4726 -24,3205 -0,9238 51,9385 0,8326 23,0000 
28,000 9569,4900 1554,1066 64,2803 231,4388 -24,4304 -0,9253 51,8380 0,8331 23,0000 
28,050 9580,0166 1549,3108 64,4505 231,4059 -24,5402 -0,9268 51,7378 0,8336 23,0000 
28,100 9590,5324 1544,4956 64,6207 231,3737 -24,6500 -0,9284 51,6381 0,8341 23,0000 
28,150 9601,0376 1539,6608 64,7911 231,3424 -24,7597 -0,9299 51,5388 0,8346 23,0000 
28,200 9611,5322 1534,8067 64,9616 231,3118 -24,8693 -0,9314 51,4398 0,8351 23,0000 
28,250 9622,0160 1529,9331 65,1321 231,2821 -24,9788 -0,9329 51,3412 0,8356 23,0000 
28,300 9632,4892 1525,0400 65,3028 231,2531 -25,0882 -0,9344 51,2431 0,8362 23,0000 
28,350 9642,9518 1520,1276 65,4736 231,2249 -25,1975 -0,9359 51,1453 0,8367 23,0000 
28,400 9653,4037 1515,1959 65,6445 231,1975 -25,3068 -0,9374 51,0479 0,8372 23,0000 
28,450 9663,8450 1510,2448 65,8155 231,1708 -25,4159 -0,9390 50,9509 0,8377 23,0000 
28,500 9674,2757 1505,2743 65,9866 231,1449 -25,5250 -0,9405 50,8542 0,8383 23,0000 
28,550 9684,6958 1500,2846 66,1577 231,1198 -25,6340 -0,9420 50,7580 0,8388 23,0000 
28,600 9695,1052 1495,2756 66,3290 231,0955 -25,7429 -0,9435 50,6621 0,8393 23,0000 
28,650 9705,5040 1490,2474 66,5004 231,0719 -25,8517 -0,9450 50,5666 0,8399 23,0000 
28,700 9715,8923 1485,1999 66,6719 231,0491 -25,9604 -0,9465 50,4715 0,8404 23,0000 
28,750 9726,2699 1480,1332 66,8435 231,0270 -26,0690 -0,9481 50,3768 0,8409 23,0000 
28,800 9736,6370 1475,0473 67,0152 231,0057 -26,1776 -0,9496 50,2825 0,8415 23,0000 
28,850 9746,9934 1469,9423 67,1870 230,9851 -26,2860 -0,9511 50,1885 0,8420 23,0000 
28,900 9757,3393 1464,8181 67,3589 230,9652 -26,3943 -0,9526 50,0949 0,8426 23,0000 
28,950 9767,6747 1459,6748 67,5309 230,9461 -26,5026 -0,9541 50,0017 0,8431 23,0000 
29,000 9777,9994 1454,5124 67,7030 230,9277 -26,6107 -0,9557 49,9089 0,8437 23,0000 
29,050 9788,3136 1449,3310 67,8752 230,9101 -26,7188 -0,9572 49,8164 0,8442 23,0000 
29,100 9798,6173 1444,1304 68,0475 230,8932 -26,8268 -0,9587 49,7243 0,8448 23,0000 
29,150 9808,9104 1438,9109 68,2198 230,8769 -26,9346 -0,9602 49,6326 0,8454 23,0000 
29,200 9819,1930 1433,6723 68,3923 230,8615 -27,0424 -0,9617 49,5413 0,8459 23,0000 
29,250 9829,4650 1428,4148 68,5649 230,8467 -27,1501 -0,9633 49,4503 0,8465 23,0000 
29,300 9839,7266 1423,1383 68,7376 230,8326 -27,2576 -0,9648 49,3597 0,8471 23,0000 
29,350 9849,9776 1417,8428 68,9103 230,8193 -27,3651 -0,9663 49,2694 0,8476 23,0000 
29,400 9860,2180 1412,5285 69,0832 230,8066 -27,4725 -0,9678 49,1796 0,8482 23,0000 
29,450 9870,4480 1407,1952 69,2561 230,7947 -27,5797 -0,9693 49,0901 0,8488 23,0000 
29,500 9880,6675 1401,8431 69,4292 230,7834 -27,6869 -0,9709 49,0009 0,8494 23,0000 
29,550 9890,8765 1396,4721 69,6023 230,7728 -27,7940 -0,9724 48,9121 0,8499 23,0000 
29,600 9901,0749 1391,0823 69,7756 230,7630 -27,9009 -0,9739 48,8237 0,8505 23,0000 
29,650 9911,2629 1385,6737 69,9489 230,7538 -28,0078 -0,9754 48,7357 0,8511 23,0000 
29,700 9921,4404 1380,2463 70,1223 230,7452 -28,1146 -0,9770 48,6480 0,8517 23,0000 
29,750 9931,6075 1374,8002 70,2958 230,7374 -28,2212 -0,9785 48,5607 0,8523 23,0000 
29,800 9941,7640 1369,3353 70,4694 230,7302 -28,3278 -0,9800 48,4737 0,8529 23,0000 
29,850 9951,9101 1363,8517 70,6431 230,7237 -28,4342 -0,9815 48,3871 0,8535 23,0000 
29,900 9962,0457 1358,3494 70,8169 230,7179 -28,5405 -0,9831 48,3009 0,8541 23,0000 
29,950 9972,1709 1352,8284 70,9908 230,7127 -28,6468 -0,9846 48,2150 0,8546 23,0000 
30,000 9982,2856 1347,2888 71,1648 230,7082 -28,7529 -0,9861 48,1295 0,8552 23,0000 
30,050 9992,3898 1341,7306 71,3388 230,7043 -28,8589 -0,9876 48,0443 0,8559 23,0000 
30,100 10002,4837 1336,1538 71,5130 230,7011 -28,9648 -0,9892 47,9595 0,8565 23,0000 
30,150 10012,5670 1330,5584 71,6872 230,6986 -29,0706 -0,9907 47,8750 0,8571 23,0000 
30,200 10022,6400 1324,9444 71,8615 230,6966 -29,1763 -0,9922 47,7909 0,8577 23,0000 
30,250 10032,7025 1319,3120 72,0359 230,6954 -29,2819 -0,9938 47,7071 0,8583 23,0000 
30,300 10042,7546 1313,6610 72,2104 230,6947 -29,3874 -0,9953 47,6237 0,8589 23,0000 
30,350 10052,7963 1307,9915 72,3850 230,6947 -29,4927 -0,9968 47,5407 0,8595 23,0000 
30,400 10062,8275 1302,3036 72,5597 230,6953 -29,5980 -0,9983 47,4580 0,8601 23,0000 
30,450 10072,8484 1296,5972 72,7344 230,6965 -29,7031 -0,9999 47,3756 0,8608 23,0000 
30,500 10082,8588 1290,8724 72,9093 230,6984 -29,8081 -1,0014 47,2936 0,8614 23,0000 
30,550 10092,8588 1285,1293 73,0842 230,7008 -29,9131 -1,0029 47,2119 0,8620 23,0000 
30,600 10102,8485 1279,3677 73,2592 230,7039 -30,0179 -1,0044 47,1306 0,8626 23,0000 
30,650 10112,8277 1273,5879 73,4343 230,7076 -30,1225 -1,0060 47,0497 0,8633 23,0000 
30,700 10122,7966 1267,7897 73,6095 230,7119 -30,2271 -1,0075 46,9690 0,8639 23,0000 
30,750 10132,7550 1261,9732 73,7847 230,7168 -30,3316 -1,0090 46,8888 0,8645 23,0000 
30,800 10142,7031 1256,1384 73,9601 230,7223 -30,4359 -1,0106 46,8088 0,8652 23,0000 
30,850 10152,6408 1250,2854 74,1355 230,7284 -30,5401 -1,0121 46,7292 0,8658 23,0000 
30,900 10162,5681 1244,4141 74,3110 230,7351 -30,6442 -1,0136 46,6500 0,8665 23,0000 
30,950 10172,4851 1238,5247 74,4866 230,7423 -30,7482 -1,0152 46,5711 0,8671 23,0000 
31,000 10182,3917 1232,6171 74,6623 230,7502 -30,8521 -1,0167 46,4925 0,8678 23,0000 
31,050 10192,2879 1226,6913 74,8381 230,7586 -30,9559 -1,0182 46,4143 0,8684 23,0000 
31,100 10202,1738 1220,7474 75,0139 230,7676 -31,0595 -1,0197 46,3364 0,8691 23,0000 
31,150 10212,0493 1214,7853 75,1898 230,7772 -31,1630 -1,0213 46,2589 0,8697 23,0000 
31,200 10221,9144 1208,8052 75,3658 230,7873 -31,2664 -1,0228 46,1817 0,8704 23,0000 
31,250 10231,7692 1202,8071 75,5419 230,7980 -31,3697 -1,0243 46,1048 0,8710 23,0000 
31,300 10241,6137 1196,7909 75,7180 230,8093 -31,4729 -1,0259 46,0283 0,8717 23,0000 
31,350 10251,4478 1190,7566 75,8943 230,8211 -31,5759 -1,0274 45,9521 0,8724 23,0000 
31,400 10261,2716 1184,7044 76,0706 230,8335 -31,6788 -1,0289 45,8762 0,8730 23,0000 
31,450 10271,0851 1178,6343 76,2469 230,8464 -31,7816 -1,0305 45,8007 0,8737 23,0000 
31,500 10280,8882 1172,5462 76,4234 230,8599 -31,8843 -1,0320 45,7255 0,8744 23,0000 
31,550 10290,6810 1166,4401 76,5999 230,8739 -31,9868 -1,0335 45,6506 0,8750 23,0000 
31,600 10300,4634 1160,3162 76,7766 230,8885 -32,0893 -1,0351 45,5761 0,8757 23,0000 
31,650 10310,2356 1154,1744 76,9532 230,9035 -32,1916 -1,0366 45,5019 0,8764 23,0000 
31,700 10319,9974 1148,0148 77,1300 230,9192 -32,2938 -1,0381 45,4280 0,8771 23,0000 
31,750 10329,7489 1141,8373 77,3068 230,9353 -32,3958 -1,0397 45,3545 0,8778 23,0000 
31,800 10339,4901 1135,6421 77,4837 230,9520 -32,4978 -1,0412 45,2813 0,8785 23,0000 
31,850 10349,2210 1129,4290 77,6607 230,9692 -32,5996 -1,0427 45,2084 0,8791 23,0000 
31,900 10358,9416 1123,1983 77,8378 230,9869 -32,7013 -1,0443 45,1358 0,8798 23,0000 
31,950 10368,6519 1116,9498 78,0149 231,0051 -32,8028 -1,0458 45,0636 0,8805 23,0000 
32,000 10378,3518 1110,6836 78,1921 231,0238 -32,9043 -1,0473 44,9917 0,8812 23,0000 
32,050 10388,0415 1104,3997 78,3694 231,0431 -33,0056 -1,0489 44,9201 0,8819 23,0000 
32,100 10397,7209 1098,0982 78,5467 231,0628 -33,1068 -1,0504 44,8489 0,8826 23,0000 
32,150 10407,3900 1091,7790 78,7241 231,0830 -33,2078 -1,0519 44,7780 0,8833 23,0000 
32,200 10417,0488 1085,4423 78,9016 231,1038 -33,3088 -1,0535 44,7074 0,8840 23,0000 
32,250 10426,6973 1079,0880 79,0792 231,1250 -33,4096 -1,0550 44,6371 0,8847 23,0000 
32,300 10436,3356 1072,7161 79,2568 231,1467 -33,5103 -1,0565 44,5671 0,8854 23,0000 
32,350 10445,9635 1066,3267 79,4345 231,1689 -33,6108 -1,0581 44,4975 0,8862 23,0000 
32,400 10455,5812 1059,9198 79,6122 231,1916 -33,7112 -1,0596 44,4282 0,8869 23,0000 
32,450 10465,1886 1053,4954 79,7900 231,2147 -33,8115 -1,0611 44,3592 0,8876 23,0000 
32,500 10474,7857 1047,0535 79,9679 231,2383 -33,9117 -1,0627 44,2905 0,8883 23,0000 
32,550 10484,3726 1040,5943 80,1459 231,2624 -34,0117 -1,0642 44,2222 0,8890 23,0000 
32,600 10493,9492 1034,1176 80,3239 231,2870 -34,1116 -1,0657 44,1541 0,8898 23,0000 
32,650 10503,5155 1027,6235 80,5020 231,3120 -34,2114 -1,0673 44,0864 0,8905 23,0000 
32,700 10513,0715 1021,1121 80,6801 231,3375 -34,3111 -1,0688 44,0190 0,8912 23,0000 
32,750 10522,6173 1014,5834 80,8584 231,3634 -34,4106 -1,0703 43,9519 0,8920 23,0000 
32,800 10532,1529 1008,0373 81,0366 231,3898 -34,5100 -1,0718 43,8851 0,8927 23,0000 
32,850 10541,6781 1001,4740 81,2150 231,4166 -34,6092 -1,0734 43,8187 0,8934 23,0000 
32,900 10551,1932 994,8935 81,3934 231,4439 -34,7083 -1,0749 43,7525 0,8942 23,0000 
32,950 10560,6979 988,2956 81,5718 231,4716 -34,8073 -1,0764 43,6867 0,8949 23,0000 
33,000 10570,1924 981,6806 81,7504 231,4997 -34,9062 -1,0780 43,6212 0,8957 23,0000 
33,050 10579,6767 975,0484 81,9290 231,5283 -35,0049 -1,0795 43,5560 0,8964 23,0000 
33,100 10589,1507 968,3991 82,1076 231,5573 -35,1035 -1,0810 43,4911 0,8971 23,0000 
33,150 10598,6145 961,7326 82,2863 231,5868 -35,2019 -1,0826 43,4265 0,8979 23,0000 
33,200 10608,0680 955,0491 82,4651 231,6166 -35,3003 -1,0841 43,3622 0,8987 23,0000 
33,250 10617,5113 948,3484 82,6439 231,6469 -35,3985 -1,0856 43,2982 0,8994 23,0000 
33,300 10626,9444 941,6307 82,8228 231,6776 -35,4965 -1,0872 43,2346 0,9002 23,0000 
33,350 10636,3672 934,8960 83,0017 231,7087 -35,5945 -1,0887 43,1712 0,9009 23,0000 
33,400 10645,7798 928,1442 83,1807 231,7402 -35,6922 -1,0902 43,1082 0,9017 23,0000 
33,450 10655,1821 921,3755 83,3598 231,7721 -35,7899 -1,0917 43,0455 0,9025 23,0000 
33,500 10664,5742 914,5899 83,5389 231,8045 -35,8874 -1,0933 42,9830 0,9032 23,0000 
33,550 10673,9561 907,7873 83,7180 231,8372 -35,9848 -1,0948 42,9209 0,9040 23,0000 
33,600 10683,3278 900,9678 83,8973 231,8703 -36,0821 -1,0963 42,8591 0,9048 23,0000 
33,650 10692,6892 894,1314 84,0765 231,9038 -36,1792 -1,0979 42,7976 0,9056 23,0000 
33,700 10702,0404 887,2782 84,2559 231,9377 -36,2762 -1,0994 42,7364 0,9063 23,0000 
33,750 10711,3814 880,4082 84,4352 231,9720 -36,3730 -1,1009 42,6755 0,9071 23,0000 
33,800 10720,7121 873,5214 84,6147 232,0066 -36,4697 -1,1024 42,6149 0,9079 23,0000 
33,850 10730,0327 866,6178 84,7942 232,0416 -36,5663 -1,1040 42,5546 0,9087 23,0000 
33,900 10739,3430 859,6975 84,9737 232,0770 -36,6627 -1,1055 42,4946 0,9095 23,0000 
33,950 10748,6431 852,7604 85,1533 232,1128 -36,7590 -1,1070 42,4349 0,9103 23,0000 
34,000 10757,9330 845,8067 85,3329 232,1489 -36,8552 -1,1085 42,3755 0,9111 23,0000 
34,050 10767,2126 838,8362 85,5126 232,1854 -36,9512 -1,1101 42,3164 0,9119 23,0000 
34,100 10776,4821 831,8492 85,6923 232,2223 -37,0471 -1,1116 42,2576 0,9127 23,0000 
34,150 10785,7413 824,8455 85,8721 232,2595 -37,1429 -1,1131 42,1991 0,9135 23,0000 
34,200 10794,9903 817,8253 86,0520 232,2971 -37,2385 -1,1146 42,1409 0,9143 23,0000 
34,250 10804,2292 810,7884 86,2318 232,3350 -37,3340 -1,1161 42,0829 0,9151 23,0000 
34,300 10813,4578 803,7351 86,4118 232,3733 -37,4293 -1,1177 42,0253 0,9159 23,0000 
34,350 10822,6762 796,6652 86,5917 232,4119 -37,5245 -1,1192 41,9680 0,9167 23,0000 
34,400 10831,8844 789,5789 86,7717 232,4508 -37,6196 -1,1207 41,9110 0,9175 23,0000 
34,450 10841,0823 782,4760 86,9518 232,4901 -37,7145 -1,1222 41,8543 0,9183 23,0000 
34,500 10850,2701 775,3568 87,1319 232,5297 -37,8093 -1,1237 41,7978 0,9191 23,0000 
34,550 10859,4477 768,2212 87,3120 232,5696 -37,9040 -1,1253 41,7417 0,9200 23,0000 
34,600 10868,6151 761,0691 87,4922 232,6098 -37,9985 -1,1268 41,6858 0,9208 23,0000 
34,650 10877,7723 753,9008 87,6725 232,6504 -38,0928 -1,1283 41,6303 0,9216 23,0000 
34,700 10886,9192 746,7161 87,8527 232,6913 -38,1871 -1,1298 41,5750 0,9224 23,0000 
34,750 10896,0560 739,5151 88,0330 232,7325 -38,2812 -1,1313 41,5200 0,9233 23,0000 
34,800 10905,1826 732,2978 88,2134 232,7740 -38,3751 -1,1328 41,4653 0,9241 23,0000 
34,850 10914,2990 725,0643 88,3938 232,8158 -38,4689 -1,1343 41,4110 0,9249 23,0000 
34,900 10923,4052 717,8146 88,5742 232,8580 -38,5626 -1,1359 41,3568 0,9258 23,0000 
34,950 10932,5012 710,5487 88,7547 232,9004 -38,6562 -1,1374 41,3030 0,9266 23,0000 
35,000 10941,5870 703,2666 88,9352 232,9431 -38,7496 -1,1389 41,2495 0,9275 23,0000 
35,050 10950,6626 695,9684 89,1157 232,9861 -38,8428 -1,1404 41,1962 0,9283 23,0000 
35,100 10959,7280 688,6540 89,2963 233,0294 -38,9359 -1,1419 41,1433 0,9291 23,0000 
35,150 10968,7832 681,3236 89,4769 233,0730 -39,0289 -1,1434 41,0906 0,9300 23,0000 
35,200 10977,8282 673,9771 89,6575 233,1169 -39,1217 -1,1449 41,0382 0,9309 23,0000 
35,250 10986,8630 666,6146 89,8382 233,1610 -39,2144 -1,1464 40,9861 0,9317 23,0000 
35,300 10995,8877 659,2361 90,0189 233,2055 -39,3070 -1,1479 40,9343 0,9326 23,0000 
35,350 11004,9021 651,8417 90,1997 233,2502 -39,3994 -1,1494 40,8828 0,9334 23,0000 
35,400 11013,9064 644,4312 90,3805 233,2951 -39,4917 -1,1509 40,8315 0,9343 23,0000 
35,450 11022,9004 637,0049 90,5613 233,3404 -39,5838 -1,1524 40,7805 0,9352 23,0000 
35,500 11031,8843 629,5626 90,7421 233,3859 -39,6758 -1,1539 40,7298 0,9360 23,0000 
35,550 11040,8580 622,1045 90,9230 233,4316 -39,7677 -1,1554 40,6794 0,9369 23,0000 
35,600 11049,8215 614,6306 91,1039 233,4776 -39,8594 -1,1569 40,6293 0,9378 23,0000 
35,650 11058,7748 607,1408 91,2848 233,5239 -39,9510 -1,1584 40,5795 0,9386 23,0000 
35,700 11067,7179 599,6353 91,4657 233,5704 -40,0424 -1,1599 40,5299 0,9395 23,0000 
35,750 11076,6509 592,1140 91,6467 233,6172 -40,1337 -1,1614 40,4806 0,9404 23,0000 
35,800 11085,5736 584,5769 91,8277 233,6642 -40,2248 -1,1628 40,4316 0,9413 23,0000 
35,850 11094,4862 577,0242 92,0087 233,7114 -40,3159 -1,1643 40,3828 0,9422 23,0000 
35,900 11103,3886 569,4558 92,1898 233,7589 -40,4067 -1,1658 40,3344 0,9431 23,0000 
35,950 11112,2808 561,8718 92,3708 233,8066 -40,4975 -1,1673 40,2862 0,9440 23,0000 
36,000 11121,1628 554,2721 92,5519 233,8545 -40,5880 -1,1688 40,2383 0,9448 23,0000 
36,050 11130,0346 546,6568 92,7330 233,9027 -40,6785 -1,1702 40,1907 0,9457 23,0000 
36,100 11138,8963 539,0260 92,9142 233,9510 -40,7688 -1,1717 40,1433 0,9466 23,0000 
36,150 11147,7477 531,3796 93,0953 233,9996 -40,8590 -1,1732 40,0962 0,9475 23,0000 
36,200 11156,5890 523,7178 93,2765 234,0484 -40,9490 -1,1747 40,0494 0,9484 23,0000 
36,250 11165,4201 516,0404 93,4577 234,0975 -41,0389 -1,1761 40,0029 0,9494 23,0000 
36,300 11174,2410 508,3476 93,6389 234,1467 -41,1286 -1,1776 39,9566 0,9503 23,0000 
36,350 11183,0517 500,6394 93,8201 234,1961 -41,2182 -1,1791 39,9106 0,9512 23,0000 
36,400 11191,8522 492,9158 94,0014 234,2458 -41,3077 -1,1805 39,8649 0,9521 23,0000 
36,450 11200,6426 485,1768 94,1826 234,2956 -41,3970 -1,1820 39,8194 0,9530 23,0000 
36,500 11209,4227 477,4225 94,3639 234,3456 -41,4862 -1,1835 39,7742 0,9539 23,0000 
36,550 11218,1927 469,6528 94,5452 234,3958 -41,5752 -1,1849 39,7293 0,9548 23,0000 
36,600 11226,9525 461,8679 94,7265 234,4462 -41,6641 -1,1864 39,6847 0,9558 23,0000 
36,650 11235,7021 454,0677 94,9078 234,4968 -41,7528 -1,1878 39,6403 0,9567 23,0000 
36,700 11244,4415 446,2524 95,0891 234,5476 -41,8415 -1,1893 39,5962 0,9576 23,0000 
36,750 11253,1708 438,4218 95,2704 234,5986 -41,9299 -1,1907 39,5523 0,9586 23,0000 
36,800 11261,8898 430,5760 95,4518 234,6497 -42,0183 -1,1921 39,5088 0,9595 23,0000 
36,850 11270,5987 422,7151 95,6331 234,7010 -42,1064 -1,1936 39,4655 0,9604 23,0000 
36,900 11279,2974 414,8391 95,8144 234,7524 -42,1945 -1,1950 39,4224 0,9614 23,0000 
36,950 11287,9859 406,9480 95,9958 234,8041 -42,2824 -1,1965 39,3796 0,9623 23,0000 
37,000 11296,6642 399,0418 96,1772 234,8558 -42,3702 -1,1979 39,3371 0,9633 23,0000 
37,050 11305,3323 391,1206 96,3585 234,9078 -42,4578 -1,1993 39,2949 0,9642 23,0000 
37,100 11313,9902 383,1844 96,5399 234,9599 -42,5453 -1,2007 39,2529 0,9651 23,0000 
37,150 11322,6380 375,2333 96,7212 235,0121 -42,6326 -1,2022 39,2111 0,9661 23,0000 
37,200 11331,2755 367,2672 96,9026 235,0645 -42,7198 -1,2036 39,1697 0,9671 23,0000 
37,250 11339,9029 359,2862 97,0840 235,1171 -42,8069 -1,2050 39,1285 0,9680 23,0000 
37,300 11348,5200 351,2903 97,2653 235,1697 -42,8938 -1,2064 39,0875 0,9690 23,0000 
37,350 11357,1270 343,2796 97,4467 235,2226 -42,9806 -1,2078 39,0469 0,9699 23,0000 
37,400 11365,7238 335,2540 97,6280 235,2755 -43,0672 -1,2092 39,0064 0,9709 23,0000 
37,450 11374,3104 327,2136 97,8094 235,3286 -43,1537 -1,2106 38,9663 0,9719 23,0000 
37,500 11382,8868 319,1585 97,9907 235,3818 -43,2401 -1,2120 38,9264 0,9728 23,0000 
37,550 11391,4530 311,0886 98,1720 235,4351 -43,3263 -1,2134 38,8867 0,9738 23,0000 
37,600 11400,0090 303,0041 98,3534 235,4886 -43,4124 -1,2147 38,8474 0,9748 23,0000 
37,650 11408,5549 294,9048 98,5347 235,5421 -43,4984 -1,2161 38,8082 0,9758 23,0000 
37,700 11417,0905 286,7909 98,7160 235,5958 -43,5842 -1,2175 38,7694 0,9767 23,0000 
37,750 11425,6159 278,6624 98,8973 235,6496 -43,6698 -1,2189 38,7308 0,9777 23,0000 
37,800 11434,1311 270,5193 99,0785 235,7035 -43,7554 -1,2202 38,6924 0,9787 23,0000 
37,850 11442,6362 262,3616 99,2598 235,7574 -43,8407 -1,2216 38,6543 0,9797 23,0000 
37,900 11451,1310 254,1894 99,4410 235,8115 -43,9260 -1,2229 38,6165 0,9807 23,0000 
37,950 11459,6156 246,0027 99,6223 235,8657 -44,0111 -1,2243 38,5789 0,9817 23,0000 
38,000 11468,0901 237,8015 99,8035 235,9200 -44,0961 -1,2256 38,5416 0,9827 23,0000 
38,050 11476,5543 229,5859 99,9847 235,9743 -44,1809 -1,2269 38,5045 0,9837 23,0000 
38,100 11485,0083 221,3559 100,1658 236,0287 -44,2656 -1,2283 38,4677 0,9847 23,0000 
38,150 11493,4521 213,1115 100,3470 236,0833 -44,3502 -1,2296 38,4312 0,9857 23,0000 
38,200 11501,8857 204,8527 100,5281 236,1378 -44,4346 -1,2309 38,3949 0,9867 23,0000 
38,250 11510,3091 196,5796 100,7092 236,1925 -44,5189 -1,2322 38,3588 0,9877 23,0000 
38,300 11518,7223 188,2922 100,8902 236,2472 -44,6030 -1,2335 38,3230 0,9887 23,0000 
38,350 11527,1253 179,9906 101,0712 236,3020 -44,6870 -1,2348 38,2875 0,9897 23,0000 
38,400 11535,5180 171,6747 101,2522 236,3568 -44,7709 -1,2361 38,2522 0,9907 23,0000 
38,450 11543,9006 163,3446 101,4332 236,4117 -44,8546 -1,2373 38,2172 0,9918 23,0000 
38,500 11552,2729 155,0003 101,6141 236,4666 -44,9382 -1,2386 38,1824 0,9928 23,0000 
38,550 11560,6350 146,6419 101,7950 236,5216 -45,0217 -1,2399 38,1479 0,9938 23,0000 
38,600 11568,9869 138,2694 101,9759 236,5766 -45,1050 -1,2411 38,1136 0,9948 23,0000 
38,650 11577,3285 129,8828 102,1567 236,6316 -45,1882 -1,2423 38,0796 0,9959 23,0000 
38,700 11585,6599 121,4822 102,3375 236,6867 -45,2713 -1,2436 38,0459 0,9969 23,0000 
38,750 11593,9811 113,0675 102,5182 236,7418 -45,3542 -1,2448 38,0124 0,9979 23,0000 
38,800 11602,2921 104,6388 102,6988 236,7969 -45,4370 -1,2460 37,9792 0,9990 23,0000 
38,850 11610,5928 96,1962 102,8795 236,8520 -45,5196 -1,2471 37,9462 1,0000 23,0000 
38,900 11618,8833 87,7397 103,0600 236,9070 -45,6022 -1,2483 37,9135 1,0010 23,0000 
38,950 11627,1635 79,2693 103,2406 236,9621 -45,6846 -1,2495 37,8811 1,0021 23,0000 
39,000 11635,4335 70,7850 103,4210 237,0172 -45,7668 -1,2506 37,8489 1,0031 23,0000 
39,050 11643,6932 62,2868 103,6014 237,0722 -45,8490 -1,2517 37,8171 1,0042 23,0000 
39,100 11651,9427 53,7749 103,7817 237,1272 -45,9310 -1,2528 37,7854 1,0052 23,0000 
39,150 11660,1819 45,2492 103,9620 237,1821 -46,0128 -1,2539 37,7541 1,0063 23,0000 
39,200 11668,4109 36,7098 104,1422 237,2370 -46,0946 -1,2549 37,7231 1,0074 23,0000 
39,250 11676,6296 28,1566 104,3223 237,2917 -46,1762 -1,2560 37,6923 1,0084 23,0000 
39,300 11684,8379 19,5898 104,5023 237,3463 -46,2578 -1,2569 37,6619 1,0095 23,0000 
39,350 11693,0360 11,0094 104,6823 237,4007 -46,3392 -1,2579 37,6318 1,0105 23,0000 
39,400 11701,2238 2,4153 104,8621 237,4547 -46,4205 -1,2587 37,6022 1,0116 23,0000 
39,414 11703,5184 0,0000 104,9126 237,4695 -46,4433 -1,2589 37,5941 1,0119 23,0000 
