t(c) x(м) y(м) z(м) Vk(м/с) teta(град) psy(град) omega_x(рад/с) pi(y) m(кг) 
0,000 0,0000 0,0000 0,0000 836,2000 24,2000 0,0000 0,0000 1,0119 23,0000 
0,050 38,0203 17,0749 0,0002 830,9497 24,1696 -0,0005 8,5402 1,0098 23,0000 
0,100 75,8112 34,0228 0,0007 825,7538 24,1390 -0,0012 16,7189 1,0077 23,0000 
0,150 113,3753 50,8446 0,0018 820,6101 24,1081 -0,0020 24,5568 1,0056 23,0000 
0,200 150,7147 67,5417 0,0033 815,5173 24,0770 -0,0028 32,0691 1,0035 23,0000 
0,250 187,8318 84,1152 0,0054 810,4747 24,0457 -0,0037 39,2697 1,0015 23,0000 
0,300 224,7287 100,5661 0,0081 805,4814 24,0141 -0,0046 46,1716 0,9995 23,0000 
0,350 261,4077 116,8956 0,0114 800,5366 23,9823 -0,0056 52,7870 0,9975 23,0000 
0,400 297,8708 133,1047 0,0152 795,6397 23,9503 -0,0066 59,1277 0,9955 23,0000 
0,450 334,1202 149,1945 0,0197 790,7899 23,9181 -0,0076 65,2047 0,9935 23,0000 
0,500 370,1580 165,1660 0,0248 785,9866 23,8857 -0,0086 71,0288 0,9915 23,0000 
0,550 405,9861 181,0204 0,0305 781,2292 23,8530 -0,0097 76,6099 0,9896 23,0000 
0,600 441,6067 196,7586 0,0369 776,5169 23,8201 -0,0108 81,9577 0,9877 23,0000 
0,650 477,0217 212,3817 0,0440 771,8493 23,7870 -0,0120 87,0815 0,9858 23,0000 
0,700 512,2332 227,8906 0,0517 767,2256 23,7537 -0,0131 91,9900 0,9839 23,0000 
0,750 547,2429 243,2863 0,0601 762,6453 23,7202 -0,0143 96,6918 0,9820 23,0000 
0,800 582,0529 258,5699 0,0691 758,1079 23,6864 -0,0155 101,1949 0,9802 23,0000 
0,850 616,6650 273,7422 0,0789 753,6128 23,6524 -0,0167 105,5070 0,9783 23,0000 
0,900 651,0812 288,8042 0,0893 749,1594 23,6182 -0,0180 109,6355 0,9765 23,0000 
0,950 685,3032 303,7568 0,1004 744,7472 23,5838 -0,0193 113,5876 0,9747 23,0000 
1,000 719,3328 318,6011 0,1123 740,3757 23,5492 -0,0205 117,3699 0,9729 23,0000 
1,050 753,1719 333,3378 0,1248 736,0444 23,5143 -0,0219 120,9891 0,9711 23,0000 
1,100 786,8222 347,9679 0,1380 731,7527 23,4792 -0,0232 124,4514 0,9694 23,0000 
1,150 820,2855 362,4923 0,1519 727,5002 23,4439 -0,0245 127,7627 0,9676 23,0000 
1,200 853,5635 376,9118 0,1665 723,2864 23,4083 -0,0259 130,9288 0,9659 23,0000 
1,250 886,6579 391,2274 0,1819 719,1108 23,3726 -0,0272 133,9553 0,9642 23,0000 
1,300 919,5704 405,4399 0,1979 714,9730 23,3366 -0,0286 136,8473 0,9625 23,0000 
1,350 952,3026 419,5501 0,2147 710,8724 23,3004 -0,0300 139,6100 0,9608 23,0000 
1,400 984,8563 433,5588 0,2322 706,8087 23,2640 -0,0315 142,2482 0,9591 23,0000 
1,450 1017,2329 447,4670 0,2504 702,7814 23,2273 -0,0329 144,7666 0,9575 23,0000 
1,500 1049,4342 461,2754 0,2693 698,7900 23,1904 -0,0344 147,1698 0,9558 23,0000 
1,550 1081,4616 474,9848 0,2889 694,8342 23,1533 -0,0358 149,4619 0,9542 23,0000 
1,600 1113,3169 488,5960 0,3092 690,9135 23,1160 -0,0373 151,6471 0,9526 23,0000 
1,650 1145,0014 502,1099 0,3302 687,0275 23,0784 -0,0388 153,7295 0,9510 23,0000 
1,700 1176,5168 515,5271 0,3520 683,1758 23,0406 -0,0403 155,7128 0,9494 23,0000 
1,750 1207,8646 528,8485 0,3745 679,3580 23,0026 -0,0418 157,6008 0,9478 23,0000 
1,800 1239,0462 542,0748 0,3977 675,5737 22,9643 -0,0434 159,3968 0,9463 23,0000 
1,850 1270,0631 555,2067 0,4215 671,8226 22,9258 -0,0449 161,1044 0,9447 23,0000 
1,900 1300,9168 568,2451 0,4462 668,1041 22,8871 -0,0465 162,7268 0,9432 23,0000 
1,950 1331,6087 581,1906 0,4715 664,4180 22,8481 -0,0481 164,2672 0,9417 23,0000 
2,000 1362,1402 594,0440 0,4975 660,7639 22,8090 -0,0496 165,7285 0,9402 23,0000 
2,050 1392,5128 606,8060 0,5242 657,1415 22,7696 -0,0512 167,1136 0,9387 23,0000 
2,100 1422,7279 619,4773 0,5517 653,5503 22,7299 -0,0529 168,4254 0,9372 23,0000 
2,150 1452,7867 632,0586 0,5798 649,9900 22,6900 -0,0545 169,6666 0,9357 23,0000 
2,200 1482,6908 644,5506 0,6087 646,4603 22,6499 -0,0561 170,8396 0,9343 23,0000 
2,250 1512,4413 656,9540 0,6383 642,9608 22,6096 -0,0578 171,9471 0,9328 23,0000 
2,300 1542,0397 669,2694 0,6685 639,4912 22,5690 -0,0594 172,9914 0,9314 23,0000 
2,350 1571,4873 681,4976 0,6995 636,0512 22,5282 -0,0611 173,9747 0,9300 23,0000 
2,400 1600,7853 693,6392 0,7311 632,6404 22,4871 -0,0628 174,8995 0,9286 23,0000 
2,450 1629,9351 705,6948 0,7635 629,2584 22,4458 -0,0645 175,7676 0,9272 23,0000 
2,500 1658,9379 717,6651 0,7966 625,9051 22,4043 -0,0662 176,5814 0,9258 23,0000 
2,550 1687,7950 729,5507 0,8303 622,5801 22,3625 -0,0679 177,3426 0,9244 23,0000 
2,600 1716,5076 741,3523 0,8647 619,2830 22,3205 -0,0696 178,0533 0,9230 23,0000 
2,650 1745,0770 753,0705 0,8999 616,0136 22,2782 -0,0713 178,7152 0,9217 23,0000 
2,700 1773,5043 764,7058 0,9357 612,7715 22,2358 -0,0731 179,3302 0,9204 23,0000 
2,750 1801,7908 776,2591 0,9722 609,5565 22,1930 -0,0748 179,8999 0,9190 23,0000 
2,800 1829,9376 787,7307 1,0094 606,3682 22,1501 -0,0766 180,4260 0,9177 23,0000 
2,850 1857,9460 799,1214 1,0472 603,2065 22,1068 -0,0783 180,9101 0,9164 23,0000 
2,900 1885,8170 810,4317 1,0858 600,0709 22,0634 -0,0801 181,3537 0,9151 23,0000 
2,950 1913,5519 821,6622 1,1250 596,9613 22,0197 -0,0819 181,7583 0,9138 23,0000 
3,000 1941,1518 832,8134 1,1649 593,8772 21,9758 -0,0837 182,1253 0,9125 23,0000 
3,050 1968,6178 843,8861 1,2055 590,8186 21,9316 -0,0855 182,4561 0,9113 23,0000 
3,100 1995,9510 854,8806 1,2467 587,7850 21,8871 -0,0873 182,7520 0,9100 23,0000 
3,150 2023,1525 865,7977 1,2886 584,7763 21,8425 -0,0892 183,0143 0,9088 23,0000 
3,200 2050,2235 876,6378 1,3312 581,7921 21,7975 -0,0910 183,2441 0,9075 23,0000 
3,250 2077,1649 887,4014 1,3744 578,8323 21,7524 -0,0929 183,4428 0,9063 23,0000 
3,300 2103,9779 898,0892 1,4183 575,8964 21,7070 -0,0947 183,6115 0,9051 23,0000 
3,350 2130,6634 908,7017 1,4628 572,9844 21,6613 -0,0966 183,7511 0,9039 23,0000 
3,400 2157,2227 919,2393 1,5080 570,0960 21,6154 -0,0984 183,8629 0,9027 23,0000 
3,450 2183,6566 929,7027 1,5538 567,2308 21,5692 -0,1003 183,9478 0,9015 23,0000 
3,500 2209,9662 940,0923 1,6003 564,3887 21,5228 -0,1022 184,0069 0,9003 23,0000 
3,550 2236,1526 950,4087 1,6475 561,5694 21,4761 -0,1041 184,0410 0,8992 23,0000 
3,600 2262,2167 960,6523 1,6953 558,7727 21,4292 -0,1060 184,0512 0,8980 23,0000 
3,650 2288,1594 970,8237 1,7437 555,9983 21,3821 -0,1079 184,0383 0,8969 23,0000 
3,700 2313,9819 980,9234 1,7928 553,2461 21,3347 -0,1098 184,0031 0,8957 23,0000 
3,750 2339,6850 990,9518 1,8425 550,5157 21,2870 -0,1118 183,9465 0,8946 23,0000 
3,800 2365,2697 1000,9095 1,8928 547,8070 21,2391 -0,1137 183,8694 0,8935 23,0000 
3,850 2390,7370 1010,7969 1,9438 545,1198 21,1909 -0,1156 183,7724 0,8924 23,0000 
3,900 2416,0878 1020,6144 1,9954 542,4538 21,1425 -0,1176 183,6563 0,8913 23,0000 
3,950 2441,3231 1030,3627 2,0476 539,8088 21,0938 -0,1195 183,5219 0,8902 23,0000 
4,000 2466,4436 1040,0421 2,1004 537,1846 21,0449 -0,1215 183,3698 0,8891 23,0000 
4,050 2491,4505 1049,6531 2,1539 534,5809 20,9957 -0,1235 183,2007 0,8880 23,0000 
4,100 2516,3445 1059,1961 2,2080 531,9977 20,9462 -0,1255 183,0154 0,8870 23,0000 
4,150 2541,1265 1068,6717 2,2627 529,4346 20,8965 -0,1275 182,8143 0,8859 23,0000 
4,200 2565,7975 1078,0802 2,3180 526,8915 20,8465 -0,1294 182,5981 0,8848 23,0000 
4,250 2590,3583 1087,4221 2,3739 524,3681 20,7963 -0,1314 182,3674 0,8838 23,0000 
4,300 2614,8098 1096,6978 2,4304 521,8643 20,7458 -0,1335 182,1227 0,8828 23,0000 
4,350 2639,1528 1105,9079 2,4876 519,3799 20,6951 -0,1355 181,8647 0,8818 23,0000 
4,400 2663,3882 1115,0526 2,5453 516,9147 20,6441 -0,1375 181,5937 0,8807 23,0000 
4,450 2687,5168 1124,1324 2,6036 514,4684 20,5928 -0,1395 181,3105 0,8797 23,0000 
4,500 2711,5394 1133,1478 2,6625 512,0409 20,5413 -0,1416 181,0153 0,8787 23,0000 
4,550 2735,4569 1142,0992 2,7221 509,6321 20,4895 -0,1436 180,7088 0,8777 23,0000 
4,600 2759,2700 1150,9869 2,7822 507,2417 20,4374 -0,1456 180,3914 0,8768 23,0000 
4,650 2782,9797 1159,8114 2,8429 504,8695 20,3851 -0,1477 180,0634 0,8758 23,0000 
4,700 2806,5866 1168,5731 2,9041 502,5154 20,3326 -0,1498 179,7254 0,8748 23,0000 
4,750 2830,0916 1177,2724 2,9660 500,1791 20,2797 -0,1518 179,3778 0,8738 23,0000 
4,800 2853,4954 1185,9096 3,0284 497,8606 20,2266 -0,1539 179,0210 0,8729 23,0000 
4,850 2876,7989 1194,4852 3,0915 495,5596 20,1732 -0,1560 178,6553 0,8719 23,0000 
4,900 2900,0027 1202,9996 3,1551 493,2760 20,1196 -0,1581 178,2811 0,8710 23,0000 
4,950 2923,1077 1211,4531 3,2192 491,0096 20,0657 -0,1602 177,8988 0,8701 23,0000 
5,000 2946,1145 1219,8461 3,2840 488,7602 20,0115 -0,1623 177,5088 0,8692 23,0000 
5,050 2969,0240 1228,1790 3,3493 486,5276 19,9571 -0,1644 177,1113 0,8682 23,0000 
5,100 2991,8368 1236,4522 3,4151 484,3118 19,9024 -0,1665 176,7068 0,8673 23,0000 
5,150 3014,5538 1244,6660 3,4816 482,1125 19,8474 -0,1686 176,2955 0,8664 23,0000 
5,200 3037,1755 1252,8208 3,5485 479,9296 19,7921 -0,1707 175,8777 0,8655 23,0000 
5,250 3059,7028 1260,9170 3,6161 477,7629 19,7366 -0,1729 175,4537 0,8647 23,0000 
5,300 3082,1363 1268,9549 3,6842 475,6123 19,6808 -0,1750 175,0238 0,8638 23,0000 
5,350 3104,4768 1276,9348 3,7528 473,4776 19,6248 -0,1771 174,5884 0,8629 23,0000 
5,400 3126,7249 1284,8571 3,8220 471,3586 19,5684 -0,1793 174,1476 0,8620 23,0000 
5,450 3148,8812 1292,7223 3,8918 469,2553 19,5118 -0,1814 173,7017 0,8612 23,0000 
5,500 3170,9466 1300,5305 3,9621 467,1674 19,4550 -0,1836 173,2509 0,8603 23,0000 
5,550 3192,9216 1308,2821 4,0329 465,0948 19,3978 -0,1857 172,7956 0,8595 23,0000 
5,600 3214,8070 1315,9776 4,1042 463,0374 19,3404 -0,1879 172,3359 0,8586 23,0000 
5,650 3236,6033 1323,6171 4,1761 460,9950 19,2827 -0,1901 171,8720 0,8578 23,0000 
5,700 3258,3113 1331,2011 4,2486 458,9675 19,2247 -0,1923 171,4043 0,8570 23,0000 
5,750 3279,9315 1338,7298 4,3215 456,9548 19,1665 -0,1945 170,9328 0,8562 23,0000 
5,800 3301,4647 1346,2036 4,3950 454,9567 19,1079 -0,1966 170,4578 0,8554 23,0000 
5,850 3322,9114 1353,6229 4,4691 452,9730 19,0491 -0,1988 169,9795 0,8546 23,0000 
5,900 3344,2723 1360,9878 4,5436 451,0036 18,9901 -0,2010 169,4981 0,8538 23,0000 
5,950 3365,5480 1368,2988 4,6187 449,0485 18,9307 -0,2032 169,0138 0,8530 23,0000 
6,000 3386,7391 1375,5562 4,6942 447,1074 18,8711 -0,2055 168,5267 0,8522 23,0000 
6,050 3407,8463 1382,7602 4,7703 445,1803 18,8112 -0,2077 168,0370 0,8514 23,0000 
6,100 3428,8701 1389,9111 4,8469 443,2669 18,7510 -0,2099 167,5449 0,8506 23,0000 
6,150 3449,8111 1397,0093 4,9241 441,3673 18,6905 -0,2121 167,0505 0,8499 23,0000 
6,200 3470,6699 1404,0551 5,0017 439,4812 18,6297 -0,2143 166,5540 0,8491 23,0000 
6,250 3491,4472 1411,0487 5,0798 437,6085 18,5687 -0,2166 166,0555 0,8484 23,0000 
6,300 3512,1434 1417,9904 5,1585 435,7492 18,5074 -0,2188 165,5553 0,8476 23,0000 
6,350 3532,7592 1424,8806 5,2376 433,9030 18,4458 -0,2211 165,0533 0,8469 23,0000 
6,400 3553,2952 1431,7195 5,3172 432,0699 18,3839 -0,2233 164,5498 0,8461 23,0000 
6,450 3573,7518 1438,5074 5,3974 430,2497 18,3217 -0,2256 164,0449 0,8454 23,0000 
6,500 3594,1297 1445,2446 5,4780 428,4424 18,2593 -0,2278 163,5388 0,8447 23,0000 
6,550 3614,4294 1451,9314 5,5591 426,6477 18,1965 -0,2301 163,0314 0,8440 23,0000 
6,600 3634,6515 1458,5679 5,6407 424,8657 18,1335 -0,2324 162,5230 0,8433 23,0000 
6,650 3654,7964 1465,1546 5,7228 423,0961 18,0702 -0,2346 162,0137 0,8425 23,0000 
6,700 3674,8648 1471,6917 5,8054 421,3389 18,0066 -0,2369 161,5036 0,8418 23,0000 
6,750 3694,8572 1478,1794 5,8884 419,5940 17,9427 -0,2392 160,9927 0,8412 23,0000 
6,800 3714,7741 1484,6181 5,9720 417,8612 17,8786 -0,2415 160,4812 0,8405 23,0000 
6,850 3734,6160 1491,0079 6,0560 416,1405 17,8141 -0,2438 159,9692 0,8398 23,0000 
6,900 3754,3835 1497,3491 6,1405 414,4317 17,7494 -0,2460 159,4568 0,8391 23,0000 
6,950 3774,0770 1503,6421 6,2255 412,7347 17,6843 -0,2483 158,9441 0,8384 23,0000 
7,000 3793,6971 1509,8870 6,3109 411,0494 17,6190 -0,2506 158,4311 0,8378 23,0000 
7,050 3813,2442 1516,0841 6,3968 409,3758 17,5534 -0,2530 157,9179 0,8371 23,0000 
7,100 3832,7189 1522,2336 6,4832 407,7136 17,4875 -0,2553 157,4047 0,8365 23,0000 
7,150 3852,1217 1528,3358 6,5700 406,0629 17,4213 -0,2576 156,8915 0,8358 23,0000 
7,200 3871,4531 1534,3910 6,6573 404,4235 17,3548 -0,2599 156,3784 0,8352 23,0000 
7,250 3890,7134 1540,3994 6,7451 402,7953 17,2881 -0,2622 155,8654 0,8345 23,0000 
7,300 3909,9033 1546,3612 6,8333 401,1782 17,2210 -0,2645 155,3526 0,8339 23,0000 
7,350 3929,0232 1552,2767 6,9220 399,5722 17,1536 -0,2669 154,8402 0,8333 23,0000 
7,400 3948,0736 1558,1461 7,0111 397,9770 17,0860 -0,2692 154,3281 0,8326 23,0000 
7,450 3967,0551 1563,9697 7,1007 396,4038 17,0180 -0,2715 153,8164 0,8320 23,0000 
7,500 3985,9687 1569,7478 7,1907 394,8440 16,9498 -0,2739 153,3053 0,8314 23,0000 
7,550 4004,8147 1575,4808 7,2811 393,2956 16,8813 -0,2762 152,7947 0,8308 23,0000 
7,600 4023,5939 1581,1688 7,3720 391,7587 16,8125 -0,2785 152,2848 0,8302 23,0000 
7,650 4042,3065 1586,8121 7,4634 390,2336 16,7434 -0,2808 151,7756 0,8296 23,0000 
7,700 4060,9532 1592,4109 7,5552 388,7204 16,6740 -0,2832 151,2672 0,8290 23,0000 
7,750 4079,5345 1597,9655 7,6474 387,2192 16,6043 -0,2855 150,7595 0,8284 23,0000 
7,800 4098,0509 1603,4762 7,7400 385,7303 16,5343 -0,2878 150,2527 0,8278 23,0000 
7,850 4116,5030 1608,9431 7,8331 384,2538 16,4640 -0,2902 149,7468 0,8273 23,0000 
7,900 4134,8912 1614,3665 7,9266 382,7900 16,3934 -0,2925 149,2419 0,8267 23,0000 
7,950 4153,2162 1619,7467 8,0205 381,3390 16,3226 -0,2948 148,7380 0,8261 23,0000 
8,000 4171,4785 1625,0839 8,1149 379,9010 16,2514 -0,2972 148,2351 0,8256 23,0000 
8,050 4189,6787 1630,3785 8,2096 378,4762 16,1800 -0,2995 147,7334 0,8250 23,0000 
8,100 4207,8174 1635,6305 8,3048 377,0648 16,1083 -0,3018 147,2327 0,8244 23,0000 
8,150 4225,8952 1640,8403 8,4004 375,6670 16,0363 -0,3041 146,7333 0,8239 23,0000 
8,200 4243,9127 1646,0082 8,4964 374,2830 15,9639 -0,3065 146,2351 0,8234 23,0000 
8,250 4261,8705 1651,1344 8,5928 372,9129 15,8913 -0,3088 145,7382 0,8228 23,0000 
8,300 4279,7692 1656,2192 8,6896 371,5570 15,8185 -0,3111 145,2425 0,8223 23,0000 
8,350 4297,6095 1661,2628 8,7869 370,2155 15,7453 -0,3134 144,7482 0,8218 23,0000 
8,400 4315,3920 1666,2655 8,8845 368,8884 15,6718 -0,3157 144,2553 0,8212 23,0000 
8,450 4333,1174 1671,2275 8,9825 367,5759 15,5981 -0,3180 143,7639 0,8207 23,0000 
8,500 4350,7862 1676,1492 9,0809 366,2783 15,5241 -0,3202 143,2738 0,8202 23,0000 
8,550 4368,3993 1681,0308 9,1797 364,9955 15,4498 -0,3225 142,7853 0,8197 23,0000 
8,600 4385,9573 1685,8726 9,2789 363,7279 15,3752 -0,3248 142,2983 0,8192 23,0000 
8,650 4403,4607 1690,6747 9,3784 362,4754 15,3003 -0,3270 141,8128 0,8187 23,0000 
8,700 4420,9104 1695,4376 9,4784 361,2383 15,2252 -0,3293 141,3289 0,8182 23,0000 
8,750 4438,3070 1700,1614 9,5787 360,0165 15,1497 -0,3315 140,8467 0,8177 23,0000 
8,800 4455,6513 1704,8464 9,6794 358,8103 15,0740 -0,3338 140,3660 0,8172 23,0000 
8,850 4472,9438 1709,4930 9,7805 357,6196 14,9981 -0,3360 139,8870 0,8167 23,0000 
8,900 4490,1853 1714,1012 9,8819 356,4447 14,9218 -0,3382 139,4098 0,8162 23,0000 
8,950 4507,3766 1718,6715 9,9837 355,2854 14,8453 -0,3404 138,9342 0,8157 23,0000 
9,000 4524,5184 1723,2041 10,0859 354,1420 14,7685 -0,3426 138,4604 0,8153 23,0000 
9,050 4541,6112 1727,6992 10,1884 353,0143 14,6915 -0,3448 137,9883 0,8148 23,0000 
9,100 4558,6560 1732,1571 10,2913 351,9026 14,6141 -0,3469 137,5180 0,8143 23,0000 
9,150 4575,6533 1736,5781 10,3946 350,8067 14,5366 -0,3491 137,0496 0,8139 23,0000 
9,200 4592,6040 1740,9624 10,4981 349,7267 14,4587 -0,3512 136,5829 0,8134 23,0000 
9,250 4609,5087 1745,3102 10,6021 348,6626 14,3806 -0,3533 136,1181 0,8130 23,0000 
9,300 4626,3682 1749,6219 10,7064 347,6144 14,3023 -0,3554 135,6551 0,8125 23,0000 
9,350 4643,1831 1753,8977 10,8110 346,5821 14,2236 -0,3575 135,1941 0,8121 23,0000 
9,400 4659,9542 1758,1378 10,9159 345,5656 14,1448 -0,3596 134,7349 0,8116 23,0000 
9,450 4676,6823 1762,3425 11,0212 344,5649 14,0657 -0,3616 134,2776 0,8112 23,0000 
9,500 4693,3680 1766,5120 11,1268 343,5800 13,9863 -0,3637 133,8223 0,8108 23,0000 
9,550 4710,0120 1770,6465 11,2328 342,6108 13,9067 -0,3657 133,3688 0,8103 23,0000 
9,600 4726,6151 1774,7464 11,3390 341,6572 13,8268 -0,3677 132,9174 0,8099 23,0000 
9,650 4743,1780 1778,8118 11,4456 340,7192 13,7467 -0,3697 132,4679 0,8095 23,0000 
9,700 4759,7014 1782,8430 11,5525 339,7967 13,6664 -0,3717 132,0203 0,8091 23,0000 
9,750 4776,1859 1786,8402 11,6597 338,8896 13,5858 -0,3736 131,5748 0,8087 23,0000 
9,800 4792,6324 1790,8036 11,7673 337,9978 13,5050 -0,3756 131,1312 0,8082 23,0000 
9,850 4809,0414 1794,7335 11,8751 337,1212 13,4240 -0,3775 130,6896 0,8078 23,0000 
9,900 4825,4138 1798,6301 11,9832 336,2598 13,3427 -0,3794 130,2501 0,8074 23,0000 
9,950 4841,7500 1802,4936 12,0917 335,4133 13,2612 -0,3813 129,8125 0,8070 23,0000 
10,000 4858,0510 1806,3243 12,2004 334,5816 13,1795 -0,3831 129,3770 0,8066 23,0000 
10,050 4874,3172 1810,1222 12,3094 333,7648 13,0975 -0,3850 128,9435 0,8063 23,0000 
10,100 4890,5494 1813,8878 12,4188 332,9625 13,0154 -0,3868 128,5120 0,8059 23,0000 
10,150 4906,7483 1817,6210 12,5284 332,1747 12,9330 -0,3886 128,0825 0,8055 23,0000 
10,200 4922,9145 1821,3223 12,6383 331,4013 12,8504 -0,3904 127,6551 0,8051 23,0000 
10,250 4939,0486 1824,9916 12,7485 330,6394 12,7676 -0,3922 127,2298 0,8047 23,0000 
10,300 4955,1510 1828,6293 12,8589 329,8861 12,6846 -0,3939 126,8064 0,8043 23,0000 
10,350 4971,2222 1832,2354 12,9697 329,1411 12,6013 -0,3957 126,3851 0,8040 23,0000 
10,400 4987,2624 1835,8101 13,0807 328,4043 12,5179 -0,3974 125,9659 0,8036 23,0000 
10,450 5003,2721 1839,3535 13,1920 327,6754 12,4342 -0,3992 125,5486 0,8032 23,0000 
10,500 5019,2515 1842,8656 13,3035 326,9543 12,3504 -0,4009 125,1334 0,8029 23,0000 
10,550 5035,2010 1846,3467 13,4154 326,2408 12,2663 -0,4026 124,7201 0,8025 23,0000 
10,600 5051,1208 1849,7968 13,5275 325,5347 12,1820 -0,4043 124,3089 0,8022 23,0000 
10,650 5067,0115 1853,2161 13,6399 324,8359 12,0976 -0,4060 123,8997 0,8018 23,0000 
10,700 5082,8731 1856,6047 13,7525 324,1442 12,0129 -0,4077 123,4924 0,8015 23,0000 
10,750 5098,7061 1859,9626 13,8654 323,4594 11,9280 -0,4094 123,0872 0,8011 23,0000 
10,800 5114,5107 1863,2900 13,9786 322,7815 11,8429 -0,4111 122,6839 0,8008 23,0000 
10,850 5130,2872 1866,5871 14,0920 322,1103 11,7576 -0,4128 122,2825 0,8004 23,0000 
10,900 5146,0359 1869,8538 14,2057 321,4456 11,6721 -0,4145 121,8832 0,8001 23,0000 
10,950 5161,7571 1873,0903 14,3197 320,7873 11,5864 -0,4162 121,4857 0,7998 23,0000 
11,000 5177,4510 1876,2967 14,4339 320,1353 11,5005 -0,4178 121,0902 0,7994 23,0000 
11,050 5193,1179 1879,4731 14,5484 319,4894 11,4145 -0,4195 120,6967 0,7991 23,0000 
11,100 5208,7580 1882,6196 14,6631 318,8496 11,3282 -0,4211 120,3050 0,7988 23,0000 
11,150 5224,3717 1885,7362 14,7781 318,2157 11,2417 -0,4228 119,9153 0,7985 23,0000 
11,200 5239,9591 1888,8231 14,8934 317,5876 11,1550 -0,4244 119,5275 0,7982 23,0000 
11,250 5255,5204 1891,8804 15,0089 316,9653 11,0682 -0,4261 119,1416 0,7978 23,0000 
11,300 5271,0560 1894,9082 15,1246 316,3485 10,9811 -0,4277 118,7575 0,7975 23,0000 
11,350 5286,5660 1897,9064 15,2406 315,7372 10,8938 -0,4293 118,3753 0,7972 23,0000 
11,400 5302,0507 1900,8753 15,3569 315,1313 10,8064 -0,4310 117,9950 0,7969 23,0000 
11,450 5317,5103 1903,8149 15,4734 314,5307 10,7188 -0,4326 117,6166 0,7966 23,0000 
11,500 5332,9449 1906,7252 15,5901 313,9353 10,6309 -0,4342 117,2400 0,7963 23,0000 
11,550 5348,3549 1909,6064 15,7071 313,3450 10,5429 -0,4358 116,8652 0,7960 23,0000 
11,600 5363,7404 1912,4586 15,8244 312,7598 10,4547 -0,4374 116,4923 0,7957 23,0000 
11,650 5379,1016 1915,2818 15,9418 312,1794 10,3663 -0,4390 116,1212 0,7954 23,0000 
11,700 5394,4387 1918,0760 16,0596 311,6040 10,2778 -0,4406 115,7519 0,7952 23,0000 
11,750 5409,7519 1920,8414 16,1775 311,0333 10,1890 -0,4422 115,3844 0,7949 23,0000 
11,800 5425,0415 1923,5781 16,2958 310,4673 10,1001 -0,4438 115,0187 0,7946 23,0000 
11,850 5440,3075 1926,2861 16,4142 309,9059 10,0109 -0,4454 114,6548 0,7943 23,0000 
11,900 5455,5501 1928,9654 16,5329 309,3491 9,9216 -0,4469 114,2926 0,7940 23,0000 
11,950 5470,7696 1931,6162 16,6518 308,7967 9,8321 -0,4485 113,9322 0,7938 23,0000 
12,000 5485,9661 1934,2385 16,7710 308,2488 9,7425 -0,4501 113,5735 0,7935 23,0000 
12,050 5501,1398 1936,8324 16,8904 307,7052 9,6526 -0,4516 113,2166 0,7932 23,0000 
12,100 5516,2909 1939,3980 17,0100 307,1658 9,5626 -0,4532 112,8615 0,7930 23,0000 
12,150 5531,4195 1941,9352 17,1299 306,6307 9,4724 -0,4548 112,5080 0,7927 23,0000 
12,200 5546,5258 1944,4443 17,2500 306,0996 9,3820 -0,4563 112,1563 0,7925 23,0000 
12,250 5561,6099 1946,9252 17,3704 305,5727 9,2914 -0,4579 111,8062 0,7922 23,0000 
12,300 5576,6720 1949,3780 17,4909 305,0498 9,2007 -0,4594 111,4579 0,7920 23,0000 
12,350 5591,7123 1951,8027 17,6117 304,5308 9,1098 -0,4610 111,1112 0,7917 23,0000 
12,400 5606,7308 1954,1995 17,7328 304,0158 9,0187 -0,4625 110,7662 0,7915 23,0000 
12,450 5621,7279 1956,5684 17,8540 303,5046 8,9274 -0,4640 110,4229 0,7912 23,0000 
12,500 5636,7035 1958,9094 17,9755 302,9971 8,8359 -0,4656 110,0812 0,7910 23,0000 
12,550 5651,6579 1961,2226 18,0973 302,4935 8,7443 -0,4671 109,7412 0,7908 23,0000 
12,600 5666,5911 1963,5081 18,2192 301,9935 8,6525 -0,4687 109,4028 0,7905 23,0000 
12,650 5681,5033 1965,7658 18,3414 301,4971 8,5606 -0,4702 109,0660 0,7903 23,0000 
12,700 5696,3948 1967,9960 18,4638 301,0044 8,4684 -0,4717 108,7309 0,7901 23,0000 
12,750 5711,2654 1970,1986 18,5864 300,5152 8,3761 -0,4732 108,3973 0,7898 23,0000 
12,800 5726,1156 1972,3736 18,7093 300,0294 8,2836 -0,4747 108,0654 0,7896 23,0000 
12,850 5740,9452 1974,5212 18,8323 299,5472 8,1910 -0,4763 107,7350 0,7894 23,0000 
12,900 5755,7545 1976,6414 18,9556 299,0683 8,0982 -0,4778 107,4062 0,7892 23,0000 
12,950 5770,5436 1978,7342 19,0792 298,5928 8,0052 -0,4793 107,0790 0,7890 23,0000 
13,000 5785,3127 1980,7997 19,2029 298,1206 7,9121 -0,4808 106,7533 0,7888 23,0000 
13,050 5800,0617 1982,8380 19,3269 297,6517 7,8187 -0,4823 106,4292 0,7886 23,0000 
13,100 5814,7909 1984,8490 19,4510 297,1861 7,7253 -0,4838 106,1066 0,7884 23,0000 
13,150 5829,5004 1986,8328 19,5754 296,7236 7,6316 -0,4853 105,7856 0,7882 23,0000 
13,200 5844,1903 1988,7896 19,7001 296,2643 7,5378 -0,4868 105,4661 0,7880 23,0000 
13,250 5858,8606 1990,7193 19,8249 295,8081 7,4438 -0,4883 105,1480 0,7878 23,0000 
13,300 5873,5116 1992,6219 19,9500 295,3550 7,3497 -0,4898 104,8315 0,7876 23,0000 
13,350 5888,1433 1994,4976 20,0752 294,9050 7,2554 -0,4913 104,5165 0,7874 23,0000 
13,400 5902,7558 1996,3464 20,2007 294,4580 7,1609 -0,4928 104,2030 0,7872 23,0000 
13,450 5917,3492 1998,1682 20,3264 294,0140 7,0663 -0,4943 103,8909 0,7870 23,0000 
13,500 5931,9237 1999,9633 20,4524 293,5729 6,9715 -0,4958 103,5804 0,7868 23,0000 
13,550 5946,4792 2001,7315 20,5785 293,1347 6,8766 -0,4972 103,2712 0,7867 23,0000 
13,600 5961,0161 2003,4730 20,7049 292,6994 6,7815 -0,4987 102,9635 0,7865 23,0000 
13,650 5975,5342 2005,1878 20,8314 292,2670 6,6862 -0,5002 102,6573 0,7863 23,0000 
13,700 5990,0338 2006,8760 20,9582 291,8374 6,5908 -0,5017 102,3525 0,7861 23,0000 
13,750 6004,5149 2008,5375 21,0852 291,4106 6,4953 -0,5032 102,0491 0,7860 23,0000 
13,800 6018,9776 2010,1725 21,2124 290,9865 6,3995 -0,5046 101,7472 0,7858 23,0000 
13,850 6033,4220 2011,7809 21,3398 290,5652 6,3036 -0,5061 101,4466 0,7856 23,0000 
13,900 6047,8482 2013,3628 21,4674 290,1466 6,2076 -0,5076 101,1474 0,7855 23,0000 
13,950 6062,2563 2014,9183 21,5952 289,7307 6,1114 -0,5091 100,8497 0,7853 23,0000 
14,000 6076,6464 2016,4474 21,7233 289,3174 6,0151 -0,5105 100,5533 0,7852 23,0000 
14,050 6091,0185 2017,9501 21,8515 288,9067 5,9186 -0,5120 100,2582 0,7850 23,0000 
14,100 6105,3728 2019,4264 21,9800 288,4987 5,8219 -0,5135 99,9646 0,7849 23,0000 
14,150 6119,7094 2020,8765 22,1087 288,0932 5,7251 -0,5149 99,6723 0,7847 23,0000 
14,200 6134,0282 2022,3004 22,2375 287,6903 5,6282 -0,5164 99,3813 0,7846 23,0000 
14,250 6148,3295 2023,6980 22,3666 287,2899 5,5311 -0,5179 99,0917 0,7844 23,0000 
14,300 6162,6132 2025,0694 22,4959 286,8920 5,4338 -0,5193 98,8034 0,7843 23,0000 
14,350 6176,8796 2026,4147 22,6254 286,4966 5,3364 -0,5208 98,5165 0,7842 23,0000 
14,400 6191,1285 2027,7340 22,7551 286,1036 5,2389 -0,5222 98,2308 0,7840 23,0000 
14,450 6205,3602 2029,0271 22,8850 285,7131 5,1412 -0,5237 97,9465 0,7839 23,0000 
14,500 6219,5747 2030,2943 23,0151 285,3250 5,0433 -0,5251 97,6634 0,7838 23,0000 
14,550 6233,7720 2031,5354 23,1454 284,9393 4,9454 -0,5266 97,3817 0,7836 23,0000 
14,600 6247,9523 2032,7506 23,2759 284,5559 4,8472 -0,5280 97,1012 0,7835 23,0000 
14,650 6262,1156 2033,9399 23,4066 284,1749 4,7489 -0,5295 96,8220 0,7834 23,0000 
14,700 6276,2620 2035,1033 23,5375 283,7963 4,6505 -0,5309 96,5441 0,7833 23,0000 
14,750 6290,3916 2036,2409 23,6686 283,4199 4,5520 -0,5324 96,2674 0,7832 23,0000 
14,800 6304,5044 2037,3526 23,8000 283,0458 4,4532 -0,5338 95,9920 0,7830 23,0000 
14,850 6318,6005 2038,4386 23,9315 282,6740 4,3544 -0,5353 95,7179 0,7829 23,0000 
14,900 6332,6800 2039,4988 24,0632 282,3045 4,2554 -0,5367 95,4449 0,7828 23,0000 
14,950 6346,7429 2040,5334 24,1951 281,9372 4,1563 -0,5382 95,1732 0,7827 23,0000 
15,000 6360,7893 2041,5423 24,3272 281,5721 4,0570 -0,5396 94,9028 0,7826 23,0000 
15,050 6374,8193 2042,5255 24,4596 281,2092 3,9576 -0,5411 94,6335 0,7825 23,0000 
15,100 6388,8329 2043,4831 24,5921 280,8485 3,8581 -0,5425 94,3654 0,7824 23,0000 
15,150 6402,8303 2044,4152 24,7248 280,4899 3,7584 -0,5439 94,0986 0,7823 23,0000 
15,200 6416,8114 2045,3217 24,8577 280,1335 3,6585 -0,5454 93,8329 0,7822 23,0000 
15,250 6430,7763 2046,2027 24,9908 279,7792 3,5586 -0,5468 93,5685 0,7822 23,0000 
15,300 6444,7252 2047,0583 25,1241 279,4271 3,4585 -0,5483 93,3052 0,7821 23,0000 
15,350 6458,6579 2047,8884 25,2576 279,0770 3,3583 -0,5497 93,0431 0,7820 23,0000 
15,400 6472,5747 2048,6931 25,3913 278,7290 3,2579 -0,5511 92,7821 0,7819 23,0000 
15,450 6486,4756 2049,4724 25,5252 278,3831 3,1574 -0,5526 92,5223 0,7818 23,0000 
15,500 6500,3606 2050,2264 25,6593 278,0393 3,0568 -0,5540 92,2637 0,7818 23,0000 
15,550 6514,2297 2050,9551 25,7935 277,6974 2,9560 -0,5554 92,0062 0,7817 23,0000 
15,600 6528,0831 2051,6585 25,9280 277,3577 2,8551 -0,5569 91,7498 0,7816 23,0000 
15,650 6541,9209 2052,3367 26,0627 277,0199 2,7541 -0,5583 91,4946 0,7815 23,0000 
15,700 6555,7429 2052,9896 26,1975 276,6841 2,6529 -0,5597 91,2405 0,7815 23,0000 
15,750 6569,5494 2053,6173 26,3326 276,3503 2,5517 -0,5612 90,9875 0,7814 23,0000 
15,800 6583,3404 2054,2199 26,4678 276,0185 2,4502 -0,5626 90,7357 0,7813 23,0000 
15,850 6597,1158 2054,7974 26,6033 275,6886 2,3487 -0,5640 90,4849 0,7813 23,0000 
15,900 6610,8759 2055,3497 26,7389 275,3607 2,2470 -0,5654 90,2352 0,7812 23,0000 
15,950 6624,6205 2055,8770 26,8747 275,0347 2,1452 -0,5669 89,9867 0,7812 23,0000 
16,000 6638,3499 2056,3793 27,0107 274,7106 2,0433 -0,5683 89,7392 0,7811 23,0000 
16,050 6652,0639 2056,8565 27,1469 274,3884 1,9413 -0,5697 89,4928 0,7811 23,0000 
16,100 6665,7628 2057,3088 27,2833 274,0681 1,8391 -0,5711 89,2474 0,7810 23,0000 
16,150 6679,4464 2057,7361 27,4199 273,7497 1,7368 -0,5726 89,0032 0,7810 23,0000 
16,200 6693,1150 2058,1385 27,5567 273,4332 1,6344 -0,5740 88,7600 0,7810 23,0000 
16,250 6706,7684 2058,5160 27,6936 273,1185 1,5319 -0,5754 88,5178 0,7809 23,0000 
16,300 6720,4069 2058,8686 27,8308 272,8057 1,4292 -0,5768 88,2767 0,7809 23,0000 
16,350 6734,0303 2059,1964 27,9681 272,4947 1,3264 -0,5783 88,0366 0,7808 23,0000 
16,400 6747,6389 2059,4994 28,1056 272,1856 1,2235 -0,5797 87,7976 0,7808 23,0000 
16,450 6761,2325 2059,7776 28,2433 271,8782 1,1205 -0,5811 87,5596 0,7808 23,0000 
16,500 6774,8113 2060,0311 28,3812 271,5727 1,0174 -0,5825 87,3226 0,7808 23,0000 
16,550 6788,3753 2060,2598 28,5193 271,2689 0,9141 -0,5839 87,0867 0,7807 23,0000 
16,600 6801,9246 2060,4639 28,6575 270,9669 0,8108 -0,5854 86,8517 0,7807 23,0000 
16,650 6815,4592 2060,6432 28,7960 270,6667 0,7073 -0,5868 86,6178 0,7807 23,0000 
16,700 6828,9791 2060,7980 28,9346 270,3683 0,6037 -0,5882 86,3849 0,7807 23,0000 
16,750 6842,4844 2060,9281 29,0734 270,0716 0,4999 -0,5896 86,1529 0,7807 23,0000 
16,800 6855,9751 2061,0336 29,2125 269,7767 0,3961 -0,5910 85,9220 0,7807 23,0000 
16,850 6869,4512 2061,1146 29,3516 269,4835 0,2922 -0,5925 85,6920 0,7807 23,0000 
16,900 6882,9129 2061,1711 29,4910 269,1920 0,1881 -0,5939 85,4630 0,7806 23,0000 
16,950 6896,3601 2061,2030 29,6306 268,9023 0,0840 -0,5953 85,2350 0,7806 23,0000 
17,000 6909,7930 2061,2105 29,7703 268,6142 -0,0203 -0,5967 85,0080 0,7806 23,0000 
17,050 6923,2114 2061,1935 29,9102 268,3278 -0,1247 -0,5981 84,7819 0,7806 23,0000 
17,100 6936,6156 2061,1521 30,0503 268,0432 -0,2292 -0,5995 84,5568 0,7807 23,0000 
17,150 6950,0054 2061,0863 30,1906 267,7602 -0,3338 -0,6010 84,3326 0,7807 23,0000 
17,200 6963,3810 2060,9961 30,3311 267,4788 -0,4385 -0,6024 84,1094 0,7807 23,0000 
17,250 6976,7424 2060,8816 30,4717 267,1992 -0,5433 -0,6038 83,8871 0,7807 23,0000 
17,300 6990,0896 2060,7427 30,6125 266,9212 -0,6483 -0,6052 83,6657 0,7807 23,0000 
17,350 7003,4227 2060,5796 30,7535 266,6448 -0,7533 -0,6066 83,4453 0,7807 23,0000 
17,400 7016,7417 2060,3922 30,8947 266,3701 -0,8584 -0,6080 83,2258 0,7807 23,0000 
17,450 7030,0466 2060,1805 31,0361 266,0970 -0,9637 -0,6095 83,0072 0,7807 23,0000 
17,500 7043,3375 2059,9446 31,1776 265,8255 -1,0690 -0,6109 82,7896 0,7808 23,0000 
17,550 7056,6145 2059,6846 31,3194 265,5557 -1,1745 -0,6123 82,5728 0,7808 23,0000 
17,600 7069,8773 2059,4003 31,4613 265,2790 -1,2800 -0,6137 82,3570 0,7808 23,0000 
17,650 7083,1257 2059,0920 31,6033 265,0021 -1,3857 -0,6152 82,1420 0,7809 23,0000 
17,700 7096,3597 2058,7595 31,7456 264,7267 -1,4914 -0,6166 81,9279 0,7809 23,0000 
17,750 7109,5793 2058,4030 31,8880 264,4529 -1,5973 -0,6180 81,7147 0,7809 23,0000 
17,800 7122,7846 2058,0224 32,0307 264,1805 -1,7033 -0,6195 81,5024 0,7810 23,0000 
17,850 7135,9756 2057,6177 32,1735 263,9096 -1,8093 -0,6209 81,2910 0,7810 23,0000 
17,900 7149,1524 2057,1891 32,3164 263,6402 -1,9155 -0,6224 81,0804 0,7811 23,0000 
17,950 7162,3149 2056,7365 32,4596 263,3723 -2,0217 -0,6238 80,8707 0,7811 23,0000 
18,000 7175,4631 2056,2600 32,6029 263,1059 -2,1281 -0,6253 80,6618 0,7811 23,0000 
18,050 7188,5973 2055,7595 32,7464 262,8410 -2,2346 -0,6267 80,4538 0,7812 23,0000 
18,100 7201,7172 2055,2352 32,8901 262,5775 -2,3411 -0,6282 80,2467 0,7812 23,0000 
18,150 7214,8231 2054,6869 33,0340 262,3155 -2,4478 -0,6296 80,0403 0,7813 23,0000 
18,200 7227,9148 2054,1148 33,1780 262,0549 -2,5545 -0,6310 79,8349 0,7814 23,0000 
18,250 7240,9925 2053,5189 33,3222 261,7959 -2,6614 -0,6325 79,6302 0,7814 23,0000 
18,300 7254,0562 2052,8992 33,4666 261,5383 -2,7683 -0,6339 79,4264 0,7815 23,0000 
18,350 7267,1058 2052,2558 33,6111 261,2821 -2,8754 -0,6354 79,2234 0,7815 23,0000 
18,400 7280,1415 2051,5886 33,7559 261,0274 -2,9825 -0,6368 79,0213 0,7816 23,0000 
18,450 7293,1632 2050,8976 33,9008 260,7741 -3,0897 -0,6383 78,8199 0,7817 23,0000 
18,500 7306,1710 2050,1830 34,0458 260,5223 -3,1970 -0,6397 78,6194 0,7818 23,0000 
18,550 7319,1649 2049,4447 34,1911 260,2720 -3,3044 -0,6412 78,4196 0,7818 23,0000 
18,600 7332,1449 2048,6828 34,3365 260,0230 -3,4119 -0,6426 78,2207 0,7819 23,0000 
18,650 7345,1111 2047,8972 34,4821 259,7755 -3,5195 -0,6441 78,0226 0,7820 23,0000 
18,700 7358,0635 2047,0880 34,6279 259,5295 -3,6272 -0,6455 77,8252 0,7821 23,0000 
18,750 7371,0021 2046,2553 34,7738 259,2848 -3,7350 -0,6469 77,6287 0,7822 23,0000 
18,800 7383,9270 2045,3990 34,9199 259,0416 -3,8428 -0,6484 77,4329 0,7822 23,0000 
18,850 7396,8381 2044,5193 35,0662 258,7998 -3,9507 -0,6498 77,2380 0,7823 23,0000 
18,900 7409,7355 2043,6160 35,2126 258,5594 -4,0588 -0,6513 77,0438 0,7824 23,0000 
18,950 7422,6193 2042,6892 35,3593 258,3204 -4,1669 -0,6527 76,8503 0,7825 23,0000 
19,000 7435,4894 2041,7390 35,5060 258,0828 -4,2750 -0,6542 76,6577 0,7826 23,0000 
19,050 7448,3459 2040,7653 35,6530 257,8467 -4,3833 -0,6556 76,4658 0,7827 23,0000 
19,100 7461,1887 2039,7683 35,8001 257,6119 -4,4917 -0,6571 76,2747 0,7828 23,0000 
19,150 7474,0180 2038,7479 35,9474 257,3785 -4,6001 -0,6585 76,0843 0,7829 23,0000 
19,200 7486,8338 2037,7041 36,0949 257,1466 -4,7086 -0,6600 75,8947 0,7830 23,0000 
19,250 7499,6360 2036,6370 36,2425 256,9160 -4,8172 -0,6614 75,7058 0,7831 23,0000 
19,300 7512,4247 2035,5466 36,3903 256,6868 -4,9258 -0,6629 75,5177 0,7832 23,0000 
19,350 7525,2000 2034,4330 36,5383 256,4590 -5,0346 -0,6643 75,3303 0,7833 23,0000 
19,400 7537,9618 2033,2960 36,6864 256,2325 -5,1434 -0,6658 75,1437 0,7835 23,0000 
19,450 7550,7102 2032,1359 36,8347 256,0075 -5,2523 -0,6672 74,9578 0,7836 23,0000 
19,500 7563,4452 2030,9525 36,9832 255,7838 -5,3613 -0,6687 74,7727 0,7837 23,0000 
19,550 7576,1669 2029,7460 37,1319 255,5615 -5,4703 -0,6701 74,5882 0,7838 23,0000 
19,600 7588,8752 2028,5162 37,2807 255,3405 -5,5794 -0,6716 74,4045 0,7839 23,0000 
19,650 7601,5701 2027,2634 37,4296 255,1209 -5,6886 -0,6730 74,2215 0,7841 23,0000 
19,700 7614,2518 2025,9874 37,5788 254,9027 -5,7979 -0,6745 74,0392 0,7842 23,0000 
19,750 7626,9202 2024,6884 37,7280 254,6858 -5,9072 -0,6759 73,8577 0,7843 23,0000 
19,800 7639,5753 2023,3663 37,8775 254,4703 -6,0166 -0,6774 73,6768 0,7845 23,0000 
19,850 7652,2173 2022,0211 38,0271 254,2561 -6,1261 -0,6788 73,4967 0,7846 23,0000 
19,900 7664,8460 2020,6529 38,1769 254,0433 -6,2356 -0,6803 73,3173 0,7847 23,0000 
19,950 7677,4615 2019,2618 38,3269 253,8318 -6,3452 -0,6817 73,1385 0,7849 23,0000 
20,000 7690,0639 2017,8476 38,4770 253,6217 -6,4549 -0,6832 72,9605 0,7850 23,0000 
20,050 7702,6531 2016,4105 38,6273 253,4128 -6,5647 -0,6846 72,7831 0,7852 23,0000 
20,100 7715,2293 2014,9505 38,7777 253,2053 -6,6745 -0,6861 72,6065 0,7853 23,0000 
20,150 7727,7923 2013,4676 38,9283 252,9992 -6,7843 -0,6875 72,4305 0,7855 23,0000 
20,200 7740,3423 2011,9618 39,0791 252,7944 -6,8942 -0,6890 72,2552 0,7856 23,0000 
20,250 7752,8792 2010,4331 39,2300 252,5908 -7,0042 -0,6904 72,0806 0,7858 23,0000 
20,300 7765,4031 2008,8816 39,3811 252,3887 -7,1143 -0,6919 71,9066 0,7859 23,0000 
20,350 7777,9141 2007,3073 39,5323 252,1878 -7,2244 -0,6933 71,7334 0,7861 23,0000 
20,400 7790,4120 2005,7102 39,6837 251,9882 -7,3346 -0,6948 71,5608 0,7862 23,0000 
20,450 7802,8970 2004,0904 39,8353 251,7899 -7,4448 -0,6963 71,3889 0,7864 23,0000 
20,500 7815,3691 2002,4478 39,9870 251,5930 -7,5551 -0,6977 71,2176 0,7866 23,0000 
20,550 7827,8282 2000,7824 40,1389 251,3973 -7,6654 -0,6992 71,0470 0,7867 23,0000 
20,600 7840,2745 1999,0944 40,2909 251,2030 -7,7758 -0,7006 70,8771 0,7869 23,0000 
20,650 7852,7079 1997,3837 40,4431 251,0099 -7,8863 -0,7021 70,7078 0,7871 23,0000 
20,700 7865,1284 1995,6504 40,5955 250,8181 -7,9968 -0,7035 70,5391 0,7873 23,0000 
20,750 7877,5361 1993,8944 40,7480 250,6276 -8,1073 -0,7050 70,3711 0,7874 23,0000 
20,800 7889,9311 1992,1159 40,9007 250,4384 -8,2179 -0,7064 70,2038 0,7876 23,0000 
20,850 7902,3132 1990,3147 41,0535 250,2505 -8,3286 -0,7079 70,0371 0,7878 23,0000 
20,900 7914,6826 1988,4910 41,2065 250,0638 -8,4393 -0,7093 69,8710 0,7880 23,0000 
20,950 7927,0392 1986,6447 41,3597 249,8785 -8,5501 -0,7108 69,7056 0,7882 23,0000 
21,000 7939,3831 1984,7760 41,5130 249,6944 -8,6609 -0,7123 69,5408 0,7884 23,0000 
21,050 7951,7143 1982,8847 41,6664 249,5115 -8,7717 -0,7137 69,3766 0,7886 23,0000 
21,100 7964,0329 1980,9710 41,8200 249,3299 -8,8826 -0,7152 69,2131 0,7888 23,0000 
21,150 7976,3387 1979,0348 41,9738 249,1496 -8,9936 -0,7166 69,0502 0,7890 23,0000 
21,200 7988,6320 1977,0762 42,1277 248,9706 -9,1045 -0,7181 68,8879 0,7892 23,0000 
21,250 8000,9126 1975,0952 42,2818 248,7928 -9,2156 -0,7195 68,7262 0,7894 23,0000 
21,300 8013,1806 1973,0918 42,4360 248,6162 -9,3267 -0,7210 68,5651 0,7896 23,0000 
21,350 8025,4360 1971,0661 42,5904 248,4409 -9,4378 -0,7225 68,4047 0,7898 23,0000 
21,400 8037,6789 1969,0180 42,7450 248,2668 -9,5489 -0,7239 68,2448 0,7900 23,0000 
21,450 8049,9092 1966,9476 42,8996 248,0940 -9,6601 -0,7254 68,0856 0,7902 23,0000 
21,500 8062,1270 1964,8549 43,0545 247,9224 -9,7714 -0,7268 67,9270 0,7904 23,0000 
21,550 8074,3323 1962,7399 43,2095 247,7521 -9,8826 -0,7283 67,7690 0,7906 23,0000 
21,600 8086,5251 1960,6027 43,3646 247,5829 -9,9939 -0,7298 67,6115 0,7908 23,0000 
21,650 8098,7054 1958,4433 43,5199 247,4151 -10,1053 -0,7312 67,4547 0,7910 23,0000 
21,700 8110,8733 1956,2616 43,6754 247,2484 -10,2167 -0,7327 67,2985 0,7913 23,0000 
21,750 8123,0287 1954,0578 43,8310 247,0829 -10,3281 -0,7341 67,1428 0,7915 23,0000 
21,800 8135,1718 1951,8318 43,9867 246,9187 -10,4395 -0,7356 66,9878 0,7917 23,0000 
21,850 8147,3025 1949,5837 44,1426 246,7557 -10,5510 -0,7371 66,8333 0,7919 23,0000 
21,900 8159,4207 1947,3135 44,2987 246,5939 -10,6625 -0,7385 66,6794 0,7922 23,0000 
21,950 8171,5267 1945,0211 44,4549 246,4332 -10,7741 -0,7400 66,5261 0,7924 23,0000 
22,000 8183,6202 1942,7067 44,6112 246,2738 -10,8856 -0,7414 66,3734 0,7926 23,0000 
22,050 8195,7015 1940,3703 44,7677 246,1156 -10,9972 -0,7429 66,2213 0,7929 23,0000 
22,100 8207,7705 1938,0118 44,9244 245,9586 -11,1089 -0,7444 66,0697 0,7931 23,0000 
22,150 8219,8271 1935,6313 45,0812 245,8028 -11,2205 -0,7458 65,9187 0,7934 23,0000 
22,200 8231,8716 1933,2288 45,2381 245,6482 -11,3322 -0,7473 65,7683 0,7936 23,0000 
22,250 8243,9037 1930,8044 45,3952 245,4948 -11,4439 -0,7487 65,6184 0,7939 23,0000 
22,300 8255,9236 1928,3580 45,5525 245,3425 -11,5556 -0,7502 65,4691 0,7941 23,0000 
22,350 8267,9313 1925,8897 45,7099 245,1914 -11,6674 -0,7517 65,3204 0,7944 23,0000 
22,400 8279,9269 1923,3995 45,8674 245,0416 -11,7792 -0,7531 65,1722 0,7946 23,0000 
22,450 8291,9102 1920,8874 46,0251 244,8928 -11,8910 -0,7546 65,0246 0,7949 23,0000 
22,500 8303,8813 1918,3535 46,1829 244,7453 -12,0028 -0,7561 64,8775 0,7951 23,0000 
22,550 8315,8403 1915,7977 46,3409 244,5989 -12,1146 -0,7575 64,7310 0,7954 23,0000 
22,600 8327,7872 1913,2202 46,4990 244,4537 -12,2265 -0,7590 64,5850 0,7957 23,0000 
22,650 8339,7220 1910,6208 46,6573 244,3096 -12,3383 -0,7605 64,4396 0,7959 23,0000 
22,700 8351,6447 1907,9997 46,8157 244,1667 -12,4502 -0,7619 64,2947 0,7962 23,0000 
22,750 8363,5552 1905,3568 46,9742 244,0250 -12,5621 -0,7634 64,1504 0,7965 23,0000 
22,800 8375,4537 1902,6922 47,1329 243,8844 -12,6740 -0,7649 64,0066 0,7967 23,0000 
22,850 8387,3402 1900,0059 47,2917 243,7449 -12,7859 -0,7663 63,8634 0,7970 23,0000 
22,900 8399,2146 1897,2979 47,4507 243,6066 -12,8979 -0,7678 63,7207 0,7973 23,0000 
22,950 8411,0770 1894,5683 47,6098 243,4695 -13,0098 -0,7693 63,5785 0,7976 23,0000 
23,000 8422,9274 1891,8170 47,7691 243,3334 -13,1218 -0,7707 63,4369 0,7978 23,0000 
23,050 8434,7659 1889,0441 47,9285 243,1986 -13,2338 -0,7722 63,2957 0,7981 23,0000 
23,100 8446,5923 1886,2496 48,0881 243,0648 -13,3458 -0,7737 63,1552 0,7984 23,0000 
23,150 8458,4068 1883,4335 48,2478 242,9322 -13,4577 -0,7751 63,0151 0,7987 23,0000 
23,200 8470,2093 1880,5959 48,4076 242,8006 -13,5697 -0,7766 62,8756 0,7990 23,0000 
23,250 8482,0000 1877,7367 48,5676 242,6703 -13,6817 -0,7781 62,7365 0,7993 23,0000 
23,300 8493,7787 1874,8560 48,7277 242,5410 -13,7937 -0,7795 62,5981 0,7996 23,0000 
23,350 8505,5455 1871,9539 48,8879 242,4128 -13,9057 -0,7810 62,4601 0,7999 23,0000 
23,400 8517,3004 1869,0302 49,0483 242,2858 -14,0178 -0,7825 62,3226 0,8002 23,0000 
23,450 8529,0435 1866,0852 49,2088 242,1598 -14,1298 -0,7839 62,1857 0,8005 23,0000 
23,500 8540,7747 1863,1187 49,3695 242,0350 -14,2418 -0,7854 62,0492 0,8008 23,0000 
23,550 8552,4940 1860,1308 49,5303 241,9113 -14,3538 -0,7869 61,9133 0,8011 23,0000 
23,600 8564,2016 1857,1215 49,6913 241,7886 -14,4658 -0,7884 61,7779 0,8014 23,0000 
23,650 8575,8973 1854,0908 49,8524 241,6671 -14,5778 -0,7898 61,6430 0,8017 23,0000 
23,700 8587,5813 1851,0388 50,0136 241,5466 -14,6898 -0,7913 61,5086 0,8020 23,0000 
23,750 8599,2534 1847,9655 50,1749 241,4273 -14,8019 -0,7928 61,3747 0,8023 23,0000 
23,800 8610,9138 1844,8709 50,3364 241,3090 -14,9139 -0,7942 61,2413 0,8027 23,0000 
23,850 8622,5625 1841,7551 50,4981 241,1918 -15,0259 -0,7957 61,1084 0,8030 23,0000 
23,900 8634,1994 1838,6179 50,6599 241,0757 -15,1378 -0,7972 60,9759 0,8033 23,0000 
23,950 8645,8245 1835,4596 50,8218 240,9606 -15,2498 -0,7987 60,8440 0,8036 23,0000 
24,000 8657,4380 1832,2800 50,9838 240,8466 -15,3618 -0,8001 60,7126 0,8040 23,0000 
24,050 8669,0398 1829,0792 51,1460 240,7337 -15,4738 -0,8016 60,5817 0,8043 23,0000 
24,100 8680,6299 1825,8573 51,3083 240,6219 -15,5857 -0,8031 60,4512 0,8046 23,0000 
24,150 8692,2083 1822,6142 51,4707 240,5111 -15,6977 -0,8046 60,3213 0,8050 23,0000 
24,200 8703,7750 1819,3500 51,6333 240,4014 -15,8096 -0,8060 60,1918 0,8053 23,0000 
24,250 8715,3301 1816,0647 51,7960 240,2927 -15,9215 -0,8075 60,0628 0,8056 23,0000 
24,300 8726,8736 1812,7583 51,9589 240,1851 -16,0334 -0,8090 59,9343 0,8060 23,0000 
24,350 8738,4055 1809,4308 52,1219 240,0785 -16,1453 -0,8105 59,8063 0,8063 23,0000 
24,400 8749,9257 1806,0823 52,2850 239,9729 -16,2572 -0,8119 59,6787 0,8067 23,0000 
24,450 8761,4344 1802,7128 52,4482 239,8684 -16,3691 -0,8134 59,5516 0,8070 23,0000 
24,500 8772,9315 1799,3223 52,6116 239,7650 -16,4809 -0,8149 59,4250 0,8074 23,0000 
24,550 8784,4170 1795,9108 52,7751 239,6626 -16,5927 -0,8164 59,2989 0,8077 23,0000 
24,600 8795,8910 1792,4783 52,9388 239,5612 -16,7045 -0,8178 59,1733 0,8081 23,0000 
24,650 8807,3534 1789,0249 53,1025 239,4608 -16,8163 -0,8193 59,0481 0,8084 23,0000 
24,700 8818,8043 1785,5506 53,2664 239,3615 -16,9281 -0,8208 58,9233 0,8088 23,0000 
24,750 8830,2436 1782,0554 53,4305 239,2632 -17,0398 -0,8223 58,7991 0,8092 23,0000 
24,800 8841,6715 1778,5393 53,5946 239,1659 -17,1515 -0,8237 58,6753 0,8095 23,0000 
24,850 8853,0879 1775,0024 53,7589 239,0696 -17,2632 -0,8252 58,5520 0,8099 23,0000 
24,900 8864,4928 1771,4447 53,9233 238,9743 -17,3749 -0,8267 58,4291 0,8103 23,0000 
24,950 8875,8862 1767,8661 54,0879 238,8800 -17,4865 -0,8282 58,3067 0,8106 23,0000 
25,000 8887,2681 1764,2668 54,2526 238,7867 -17,5982 -0,8297 58,1848 0,8110 23,0000 
25,050 8898,6386 1760,6467 54,4174 238,6945 -17,7098 -0,8311 58,0633 0,8114 23,0000 
25,100 8909,9977 1757,0058 54,5823 238,6032 -17,8213 -0,8326 57,9423 0,8118 23,0000 
25,150 8921,3454 1753,3442 54,7474 238,5129 -17,9329 -0,8341 57,8217 0,8121 23,0000 
25,200 8932,6816 1749,6619 54,9126 238,4236 -18,0444 -0,8356 57,7016 0,8125 23,0000 
25,250 8944,0065 1745,9590 55,0779 238,3353 -18,1558 -0,8371 57,5819 0,8129 23,0000 
25,300 8955,3199 1742,2354 55,2433 238,2480 -18,2673 -0,8386 57,4626 0,8133 23,0000 
25,350 8966,6220 1738,4911 55,4089 238,1617 -18,3787 -0,8400 57,3439 0,8137 23,0000 
25,400 8977,9127 1734,7262 55,5746 238,0763 -18,4901 -0,8415 57,2255 0,8141 23,0000 
25,450 8989,1921 1730,9408 55,7404 237,9919 -18,6014 -0,8430 57,1076 0,8145 23,0000 
25,500 9000,4601 1727,1347 55,9064 237,9085 -18,7127 -0,8445 56,9902 0,8149 23,0000 
25,550 9011,7168 1723,3081 56,0724 237,8261 -18,8240 -0,8460 56,8732 0,8153 23,0000 
25,600 9022,9622 1719,4610 56,2386 237,7446 -18,9352 -0,8475 56,7566 0,8157 23,0000 
25,650 9034,1962 1715,5934 56,4049 237,6640 -19,0464 -0,8489 56,6405 0,8161 23,0000 
25,700 9045,4189 1711,7052 56,5714 237,5845 -19,1575 -0,8504 56,5248 0,8165 23,0000 
25,750 9056,6304 1707,7966 56,7379 237,5058 -19,2687 -0,8519 56,4096 0,8169 23,0000 
25,800 9067,8306 1703,8676 56,9046 237,4282 -19,3797 -0,8534 56,2947 0,8173 23,0000 
25,850 9079,0195 1699,9181 57,0714 237,3514 -19,4908 -0,8549 56,1803 0,8177 23,0000 
25,900 9090,1971 1695,9482 57,2384 237,2756 -19,6018 -0,8564 56,0664 0,8181 23,0000 
25,950 9101,3635 1691,9580 57,4054 237,2008 -19,7127 -0,8578 55,9529 0,8185 23,0000 
26,000 9112,5187 1687,9474 57,5726 237,1269 -19,8236 -0,8593 55,8398 0,8190 23,0000 
26,050 9123,6626 1683,9164 57,7399 237,0539 -19,9345 -0,8608 55,7271 0,8194 23,0000 
26,100 9134,7953 1679,8651 57,9073 236,9819 -20,0453 -0,8623 55,6149 0,8198 23,0000 
26,150 9145,9168 1675,7936 58,0749 236,9107 -20,1560 -0,8638 55,5030 0,8202 23,0000 
26,200 9157,0271 1671,7017 58,2425 236,8405 -20,2668 -0,8653 55,3916 0,8207 23,0000 
26,250 9168,1262 1667,5896 58,4103 236,7712 -20,3774 -0,8668 55,2807 0,8211 23,0000 
26,300 9179,2142 1663,4573 58,5782 236,7029 -20,4881 -0,8683 55,1701 0,8215 23,0000 
26,350 9190,2909 1659,3047 58,7462 236,6354 -20,5986 -0,8698 55,0600 0,8220 23,0000 
26,400 9201,3565 1655,1320 58,9143 236,5689 -20,7092 -0,8712 54,9503 0,8224 23,0000 
26,450 9212,4110 1650,9391 59,0826 236,5032 -20,8196 -0,8727 54,8410 0,8228 23,0000 
26,500 9223,4543 1646,7260 59,2510 236,4385 -20,9300 -0,8742 54,7321 0,8233 23,0000 
26,550 9234,4865 1642,4929 59,4194 236,3746 -21,0404 -0,8757 54,6236 0,8237 23,0000 
26,600 9245,5075 1638,2396 59,5880 236,3117 -21,1507 -0,8772 54,5155 0,8242 23,0000 
26,650 9256,5175 1633,9662 59,7568 236,2496 -21,2610 -0,8787 54,4079 0,8246 23,0000 
26,700 9267,5163 1629,6728 59,9256 236,1884 -21,3712 -0,8802 54,3007 0,8251 23,0000 
26,750 9278,5041 1625,3593 60,0946 236,1281 -21,4813 -0,8817 54,1938 0,8255 23,0000 
26,800 9289,4807 1621,0258 60,2636 236,0687 -21,5914 -0,8832 54,0874 0,8260 23,0000 
26,850 9300,4463 1616,6724 60,4328 236,0102 -21,7014 -0,8847 53,9814 0,8264 23,0000 
26,900 9311,4008 1612,2989 60,6021 235,9525 -21,8114 -0,8862 53,8758 0,8269 23,0000 
26,950 9322,3442 1607,9055 60,7715 235,8958 -21,9213 -0,8877 53,7706 0,8274 23,0000 
27,000 9333,2766 1603,4921 60,9410 235,8398 -22,0312 -0,8891 53,6658 0,8278 23,0000 
27,050 9344,1980 1599,0589 61,1107 235,7848 -22,1410 -0,8906 53,5614 0,8283 23,0000 
27,100 9355,1083 1594,6057 61,2804 235,7306 -22,2507 -0,8921 53,4574 0,8288 23,0000 
27,150 9366,0076 1590,1327 61,4503 235,6772 -22,3603 -0,8936 53,3538 0,8292 23,0000 
27,200 9376,8959 1585,6399 61,6203 235,6247 -22,4699 -0,8951 53,2506 0,8297 23,0000 
27,250 9387,7732 1581,1272 61,7904 235,5731 -22,5795 -0,8966 53,1478 0,8302 23,0000 
27,300 9398,6394 1576,5947 61,9606 235,5223 -22,6890 -0,8981 53,0454 0,8307 23,0000 
27,350 9409,4947 1572,0424 62,1309 235,4723 -22,7984 -0,8996 52,9434 0,8312 23,0000 
27,400 9420,3390 1567,4704 62,3013 235,4232 -22,9077 -0,9011 52,8418 0,8316 23,0000 
27,450 9431,1723 1562,8787 62,4718 235,3750 -23,0170 -0,9026 52,7406 0,8321 23,0000 
27,500 9441,9946 1558,2672 62,6425 235,3275 -23,1262 -0,9041 52,6397 0,8326 23,0000 
27,550 9452,8060 1553,6360 62,8132 235,2809 -23,2353 -0,9056 52,5393 0,8331 23,0000 
27,600 9463,6065 1548,9852 62,9841 235,2351 -23,3444 -0,9071 52,4393 0,8336 23,0000 
27,650 9474,3959 1544,3147 63,1551 235,1901 -23,4534 -0,9086 52,3396 0,8341 23,0000 
27,700 9485,1745 1539,6245 63,3262 235,1460 -23,5623 -0,9101 52,2403 0,8346 23,0000 
27,750 9495,9421 1534,9148 63,4973 235,1026 -23,6711 -0,9116 52,1414 0,8351 23,0000 
27,800 9506,6988 1530,1855 63,6686 235,0601 -23,7799 -0,9131 52,0429 0,8356 23,0000 
27,850 9517,4446 1525,4366 63,8400 235,0184 -23,8886 -0,9146 51,9448 0,8361 23,0000 
27,900 9528,1795 1520,6682 64,0116 234,9775 -23,9973 -0,9161 51,8471 0,8366 23,0000 
27,950 9538,9034 1515,8802 64,1832 234,9373 -24,1058 -0,9176 51,7497 0,8371 23,0000 
28,000 9549,6165 1511,0728 64,3549 234,8980 -24,2143 -0,9191 51,6528 0,8376 23,0000 
28,050 9560,3187 1506,2459 64,5267 234,8595 -24,3227 -0,9206 51,5562 0,8382 23,0000 
28,100 9571,0100 1501,3995 64,6987 234,8218 -24,4310 -0,9221 51,4599 0,8387 23,0000 
28,150 9581,6905 1496,5337 64,8707 234,7848 -24,5393 -0,9236 51,3641 0,8392 23,0000 
28,200 9592,3601 1491,6485 65,0429 234,7487 -24,6475 -0,9251 51,2687 0,8397 23,0000 
28,250 9603,0188 1486,7439 65,2151 234,7133 -24,7556 -0,9266 51,1736 0,8402 23,0000 
28,300 9613,6667 1481,8199 65,3875 234,6787 -24,8636 -0,9281 51,0789 0,8408 23,0000 
28,350 9624,3037 1476,8766 65,5599 234,6448 -24,9715 -0,9296 50,9845 0,8413 23,0000 
28,400 9634,9299 1471,9140 65,7325 234,6118 -25,0794 -0,9311 50,8906 0,8418 23,0000 
28,450 9645,5453 1466,9321 65,9052 234,5794 -25,1871 -0,9326 50,7970 0,8424 23,0000 
28,500 9656,1499 1461,9309 66,0779 234,5479 -25,2948 -0,9341 50,7038 0,8429 23,0000 
28,550 9666,7436 1456,9104 66,2508 234,5171 -25,4024 -0,9356 50,6109 0,8434 23,0000 
28,600 9677,3265 1451,8707 66,4238 234,4871 -25,5100 -0,9371 50,5184 0,8440 23,0000 
28,650 9687,8987 1446,8118 66,5968 234,4578 -25,6174 -0,9386 50,4263 0,8445 23,0000 
28,700 9698,4600 1441,7337 66,7700 234,4293 -25,7248 -0,9401 50,3346 0,8451 23,0000 
28,750 9709,0105 1436,6365 66,9433 234,4015 -25,8320 -0,9416 50,2432 0,8456 23,0000 
28,800 9719,5503 1431,5200 67,1167 234,3745 -25,9392 -0,9432 50,1522 0,8462 23,0000 
28,850 9730,0793 1426,3845 67,2901 234,3482 -26,0463 -0,9447 50,0616 0,8467 23,0000 
28,900 9740,5975 1421,2299 67,4637 234,3226 -26,1533 -0,9462 49,9713 0,8473 23,0000 
28,950 9751,1049 1416,0562 67,6374 234,2978 -26,2602 -0,9477 49,8814 0,8478 23,0000 
29,000 9761,6016 1410,8634 67,8111 234,2736 -26,3671 -0,9492 49,7918 0,8484 23,0000 
29,050 9772,0876 1405,6516 67,9850 234,2503 -26,4738 -0,9507 49,7026 0,8489 23,0000 
29,100 9782,5628 1400,4208 68,1590 234,2276 -26,5804 -0,9522 49,6138 0,8495 23,0000 
29,150 9793,0272 1395,1710 68,3330 234,2056 -26,6870 -0,9537 49,5253 0,8501 23,0000 
29,200 9803,4809 1389,9023 68,5072 234,1844 -26,7935 -0,9552 49,4372 0,8506 23,0000 
29,250 9813,9239 1384,6146 68,6815 234,1639 -26,8998 -0,9567 49,3494 0,8512 23,0000 
29,300 9824,3562 1379,3079 68,8558 234,1440 -27,0061 -0,9582 49,2620 0,8518 23,0000 
29,350 9834,7777 1373,9824 69,0302 234,1249 -27,1123 -0,9597 49,1749 0,8524 23,0000 
29,400 9845,1886 1368,6380 69,2048 234,1065 -27,2184 -0,9612 49,0883 0,8529 23,0000 
29,450 9855,5887 1363,2748 69,3794 234,0888 -27,3244 -0,9628 49,0019 0,8535 23,0000 
29,500 9865,9781 1357,8927 69,5542 234,0717 -27,4303 -0,9643 48,9159 0,8541 23,0000 
29,550 9876,3569 1352,4918 69,7290 234,0554 -27,5361 -0,9658 48,8303 0,8547 23,0000 
29,600 9886,7249 1347,0721 69,9039 234,0397 -27,6418 -0,9673 48,7450 0,8553 23,0000 
29,650 9897,0823 1341,6337 70,0789 234,0247 -27,7475 -0,9688 48,6601 0,8559 23,0000 
29,700 9907,4290 1336,1765 70,2540 234,0104 -27,8530 -0,9703 48,5755 0,8565 23,0000 
29,750 9917,7650 1330,7006 70,4292 233,9968 -27,9584 -0,9718 48,4912 0,8570 23,0000 
29,800 9928,0904 1325,2061 70,6045 233,9839 -28,0637 -0,9733 48,4073 0,8576 23,0000 
29,850 9938,4051 1319,6928 70,7799 233,9716 -28,1690 -0,9748 48,3238 0,8582 23,0000 
29,900 9948,7091 1314,1609 70,9553 233,9599 -28,2741 -0,9764 48,2406 0,8588 23,0000 
29,950 9959,0025 1308,6104 71,1309 233,9490 -28,3791 -0,9779 48,1578 0,8595 23,0000 
30,000 9969,2852 1303,0412 71,3065 233,9387 -28,4840 -0,9794 48,0752 0,8601 23,0000 
30,050 9979,5573 1297,4535 71,4823 233,9290 -28,5889 -0,9809 47,9931 0,8607 23,0000 
30,100 9989,8188 1291,8472 71,6581 233,9200 -28,6936 -0,9824 47,9113 0,8613 23,0000 
30,150 10000,0696 1286,2224 71,8340 233,9116 -28,7982 -0,9839 47,8298 0,8619 23,0000 
30,200 10010,3098 1280,5791 72,0100 233,9039 -28,9027 -0,9854 47,7487 0,8625 23,0000 
30,250 10020,5394 1274,9173 72,1861 233,8968 -29,0071 -0,9869 47,6679 0,8631 23,0000 
30,300 10030,7584 1269,2370 72,3623 233,8904 -29,1114 -0,9885 47,5874 0,8637 23,0000 
30,350 10040,9667 1263,5383 72,5386 233,8846 -29,2156 -0,9900 47,5073 0,8644 23,0000 
30,400 10051,1645 1257,8212 72,7149 233,8794 -29,3197 -0,9915 47,4275 0,8650 23,0000 
30,450 10061,3516 1252,0857 72,8914 233,8749 -29,4237 -0,9930 47,3481 0,8656 23,0000 
30,500 10071,5281 1246,3318 73,0679 233,8709 -29,5276 -0,9945 47,2690 0,8663 23,0000 
30,550 10081,6941 1240,5595 73,2445 233,8676 -29,6314 -0,9960 47,1902 0,8669 23,0000 
30,600 10091,8495 1234,7689 73,4212 233,8649 -29,7351 -0,9975 47,1118 0,8675 23,0000 
30,650 10101,9942 1228,9601 73,5980 233,8628 -29,8386 -0,9991 47,0337 0,8682 23,0000 
30,700 10112,1284 1223,1329 73,7748 233,8613 -29,9421 -1,0006 46,9559 0,8688 23,0000 
30,750 10122,2521 1217,2875 73,9518 233,8605 -30,0454 -1,0021 46,8785 0,8694 23,0000 
30,800 10132,3651 1211,4238 74,1288 233,8602 -30,1487 -1,0036 46,8014 0,8701 23,0000 
30,850 10142,4676 1205,5420 74,3059 233,8605 -30,2518 -1,0051 46,7246 0,8707 23,0000 
30,900 10152,5595 1199,6419 74,4831 233,8614 -30,3548 -1,0066 46,6482 0,8714 23,0000 
30,950 10162,6409 1193,7237 74,6604 233,8629 -30,4577 -1,0082 46,5721 0,8720 23,0000 
31,000 10172,7117 1187,7874 74,8377 233,8650 -30,5605 -1,0097 46,4963 0,8727 23,0000 
31,050 10182,7719 1181,8329 75,0151 233,8677 -30,6632 -1,0112 46,4209 0,8733 23,0000 
31,100 10192,8216 1175,8603 75,1927 233,8709 -30,7658 -1,0127 46,3457 0,8740 23,0000 
31,150 10202,8608 1169,8697 75,3703 233,8748 -30,8682 -1,0142 46,2709 0,8747 23,0000 
31,200 10212,8894 1163,8610 75,5479 233,8792 -30,9706 -1,0157 46,1965 0,8753 23,0000 
31,250 10222,9075 1157,8343 75,7257 233,8841 -31,0728 -1,0173 46,1223 0,8760 23,0000 
31,300 10232,9151 1151,7897 75,9035 233,8897 -31,1750 -1,0188 46,0485 0,8767 23,0000 
31,350 10242,9121 1145,7270 76,0814 233,8958 -31,2770 -1,0203 45,9750 0,8773 23,0000 
31,400 10252,8987 1139,6464 76,2594 233,9024 -31,3789 -1,0218 45,9019 0,8780 23,0000 
31,450 10262,8746 1133,5478 76,4375 233,9096 -31,4806 -1,0233 45,8290 0,8787 23,0000 
31,500 10272,8401 1127,4314 76,6156 233,9174 -31,5823 -1,0248 45,7565 0,8794 23,0000 
31,550 10282,7951 1121,2970 76,7938 233,9257 -31,6838 -1,0264 45,6843 0,8800 23,0000 
31,600 10292,7396 1115,1449 76,9721 233,9346 -31,7853 -1,0279 45,6124 0,8807 23,0000 
31,650 10302,6735 1108,9748 77,1505 233,9440 -31,8866 -1,0294 45,5409 0,8814 23,0000 
31,700 10312,5970 1102,7870 77,3289 233,9539 -31,9878 -1,0309 45,4696 0,8821 23,0000 
31,750 10322,5099 1096,5814 77,5074 233,9644 -32,0889 -1,0324 45,3987 0,8828 23,0000 
31,800 10332,4124 1090,3580 77,6860 233,9754 -32,1898 -1,0339 45,3281 0,8835 23,0000 
31,850 10342,3044 1084,1169 77,8646 233,9869 -32,2907 -1,0355 45,2578 0,8842 23,0000 
31,900 10352,1858 1077,8581 78,0434 233,9990 -32,3914 -1,0370 45,1879 0,8849 23,0000 
31,950 10362,0568 1071,5816 78,2222 234,0115 -32,4920 -1,0385 45,1182 0,8856 23,0000 
32,000 10371,9174 1065,2874 78,4010 234,0246 -32,5925 -1,0400 45,0489 0,8863 23,0000 
32,050 10381,7674 1058,9756 78,5800 234,0382 -32,6929 -1,0415 44,9798 0,8870 23,0000 
32,100 10391,6070 1052,6462 78,7590 234,0523 -32,7931 -1,0430 44,9111 0,8877 23,0000 
32,150 10401,4361 1046,2992 78,9381 234,0670 -32,8933 -1,0446 44,8427 0,8884 23,0000 
32,200 10411,2547 1039,9346 79,1172 234,0821 -32,9933 -1,0461 44,7747 0,8891 23,0000 
32,250 10421,0629 1033,5525 79,2965 234,0977 -33,0931 -1,0476 44,7069 0,8898 23,0000 
32,300 10430,8606 1027,1529 79,4757 234,1138 -33,1929 -1,0491 44,6394 0,8905 23,0000 
32,350 10440,6478 1020,7357 79,6551 234,1304 -33,2926 -1,0506 44,5723 0,8913 23,0000 
32,400 10450,4246 1014,3011 79,8345 234,1475 -33,3921 -1,0521 44,5055 0,8920 23,0000 
32,450 10460,1910 1007,8491 80,0140 234,1651 -33,4915 -1,0536 44,4389 0,8927 23,0000 
32,500 10469,9469 1001,3796 80,1936 234,1832 -33,5907 -1,0552 44,3727 0,8934 23,0000 
32,550 10479,6923 994,8927 80,3732 234,2017 -33,6899 -1,0567 44,3068 0,8942 23,0000 
32,600 10489,4273 988,3885 80,5529 234,2208 -33,7889 -1,0582 44,2412 0,8949 23,0000 
32,650 10499,1519 981,8669 80,7326 234,2403 -33,8878 -1,0597 44,1759 0,8956 23,0000 
32,700 10508,8660 975,3280 80,9125 234,2602 -33,9866 -1,0612 44,1109 0,8964 23,0000 
32,750 10518,5697 968,7718 81,0923 234,2807 -34,0853 -1,0627 44,0462 0,8971 23,0000 
32,800 10528,2629 962,1983 81,2723 234,3016 -34,1838 -1,0643 43,9819 0,8978 23,0000 
32,850 10537,9458 955,6075 81,4523 234,3229 -34,2822 -1,0658 43,9178 0,8986 23,0000 
32,900 10547,6182 948,9996 81,6323 234,3447 -34,3805 -1,0673 43,8540 0,8993 23,0000 
32,950 10557,2801 942,3744 81,8125 234,3670 -34,4786 -1,0688 43,7906 0,9001 23,0000 
33,000 10566,9317 935,7321 81,9927 234,3897 -34,5767 -1,0703 43,7274 0,9008 23,0000 
33,050 10576,5728 929,0726 82,1729 234,4128 -34,6746 -1,0718 43,6645 0,9016 23,0000 
33,100 10586,2035 922,3960 82,3532 234,4364 -34,7724 -1,0733 43,6020 0,9023 23,0000 
33,150 10595,8238 915,7023 82,5336 234,4605 -34,8700 -1,0748 43,5397 0,9031 23,0000 
33,200 10605,4337 908,9915 82,7140 234,4849 -34,9675 -1,0764 43,4778 0,9039 23,0000 
33,250 10615,0332 902,2637 82,8945 234,5098 -35,0649 -1,0779 43,4161 0,9046 23,0000 
33,300 10624,6223 895,5189 83,0750 234,5352 -35,1622 -1,0794 43,3547 0,9054 23,0000 
33,350 10634,2009 888,7570 83,2556 234,5609 -35,2593 -1,0809 43,2937 0,9062 23,0000 
33,400 10643,7692 881,9782 83,4363 234,5871 -35,3563 -1,0824 43,2329 0,9069 23,0000 
33,450 10653,3271 875,1824 83,6170 234,6137 -35,4532 -1,0839 43,1725 0,9077 23,0000 
33,500 10662,8745 868,3697 83,7978 234,6407 -35,5500 -1,0854 43,1123 0,9085 23,0000 
33,550 10672,4116 861,5401 83,9786 234,6681 -35,6466 -1,0869 43,0524 0,9093 23,0000 
33,600 10681,9383 854,6936 84,1595 234,6959 -35,7431 -1,0884 42,9928 0,9100 23,0000 
33,650 10691,4546 847,8303 84,3404 234,7241 -35,8395 -1,0899 42,9335 0,9108 23,0000 
33,700 10700,9605 840,9501 84,5214 234,7527 -35,9357 -1,0915 42,8746 0,9116 23,0000 
33,750 10710,4560 834,0532 84,7024 234,7818 -36,0318 -1,0930 42,8159 0,9124 23,0000 
33,800 10719,9411 827,1395 84,8835 234,8112 -36,1278 -1,0945 42,7575 0,9132 23,0000 
33,850 10729,4159 820,2090 85,0646 234,8410 -36,2237 -1,0960 42,6993 0,9140 23,0000 
33,900 10738,8802 813,2618 85,2458 234,8712 -36,3194 -1,0975 42,6415 0,9148 23,0000 
33,950 10748,3342 806,2979 85,4270 234,9018 -36,4150 -1,0990 42,5840 0,9156 23,0000 
34,000 10757,7778 799,3174 85,6083 234,9327 -36,5104 -1,1005 42,5268 0,9164 23,0000 
34,050 10767,2110 792,3202 85,7896 234,9641 -36,6057 -1,1020 42,4698 0,9172 23,0000 
34,100 10776,6339 785,3064 85,9710 234,9958 -36,7009 -1,1035 42,4131 0,9180 23,0000 
34,150 10786,0464 778,2759 86,1524 235,0278 -36,7960 -1,1050 42,3568 0,9188 23,0000 
34,200 10795,4485 771,2290 86,3339 235,0603 -36,8909 -1,1065 42,3007 0,9196 23,0000 
34,250 10804,8402 764,1654 86,5154 235,0931 -36,9857 -1,1080 42,2449 0,9204 23,0000 
34,300 10814,2216 757,0854 86,6970 235,1263 -37,0804 -1,1095 42,1894 0,9212 23,0000 
34,350 10823,5927 749,9889 86,8786 235,1598 -37,1749 -1,1110 42,1342 0,9221 23,0000 
34,400 10832,9533 742,8759 87,0603 235,1937 -37,2693 -1,1125 42,0792 0,9229 23,0000 
34,450 10842,3036 735,7464 87,2419 235,2279 -37,3636 -1,1140 42,0246 0,9237 23,0000 
34,500 10851,6435 728,6006 87,4237 235,2625 -37,4577 -1,1155 41,9702 0,9245 23,0000 
34,550 10860,9731 721,4383 87,6055 235,2974 -37,5517 -1,1170 41,9161 0,9253 23,0000 
34,600 10870,2923 714,2597 87,7873 235,3327 -37,6456 -1,1185 41,8623 0,9262 23,0000 
34,650 10879,6012 707,0648 87,9691 235,3683 -37,7393 -1,1200 41,8088 0,9270 23,0000 
34,700 10888,8997 699,8535 88,1510 235,4042 -37,8330 -1,1214 41,7556 0,9278 23,0000 
34,750 10898,1879 692,6260 88,3330 235,4405 -37,9264 -1,1229 41,7026 0,9287 23,0000 
34,800 10907,4657 685,3822 88,5150 235,4771 -38,0198 -1,1244 41,6500 0,9295 23,0000 
34,850 10916,7332 678,1222 88,6970 235,5140 -38,1130 -1,1259 41,5976 0,9304 23,0000 
34,900 10925,9903 670,8460 88,8790 235,5512 -38,2060 -1,1274 41,5455 0,9312 23,0000 
34,950 10935,2370 663,5536 89,0611 235,5888 -38,2990 -1,1289 41,4936 0,9321 23,0000 
35,000 10944,4735 656,2450 89,2433 235,6266 -38,3918 -1,1304 41,4421 0,9329 23,0000 
35,050 10953,6996 648,9203 89,4254 235,6648 -38,4844 -1,1319 41,3908 0,9338 23,0000 
35,100 10962,9153 641,5796 89,6076 235,7033 -38,5770 -1,1333 41,3398 0,9346 23,0000 
35,150 10972,1207 634,2227 89,7898 235,7421 -38,6694 -1,1348 41,2891 0,9355 23,0000 
35,200 10981,3158 626,8498 89,9721 235,7811 -38,7616 -1,1363 41,2386 0,9363 23,0000 
35,250 10990,5005 619,4609 90,1544 235,8205 -38,8538 -1,1378 41,1885 0,9372 23,0000 
35,300 10999,6749 612,0560 90,3367 235,8602 -38,9458 -1,1393 41,1386 0,9381 23,0000 
35,350 11008,8389 604,6351 90,5191 235,9002 -39,0376 -1,1407 41,0890 0,9389 23,0000 
35,400 11017,9926 597,1983 90,7015 235,9404 -39,1293 -1,1422 41,0396 0,9398 23,0000 
35,450 11027,1360 589,7455 90,8839 235,9810 -39,2209 -1,1437 40,9905 0,9407 23,0000 
35,500 11036,2691 582,2769 91,0663 236,0218 -39,3124 -1,1451 40,9418 0,9416 23,0000 
35,550 11045,3918 574,7924 91,2488 236,0629 -39,4037 -1,1466 40,8932 0,9424 23,0000 
35,600 11054,5042 567,2921 91,4313 236,1043 -39,4949 -1,1481 40,8450 0,9433 23,0000 
35,650 11063,6062 559,7760 91,6138 236,1459 -39,5859 -1,1495 40,7970 0,9442 23,0000 
35,700 11072,6980 552,2441 91,7964 236,1878 -39,6768 -1,1510 40,7493 0,9451 23,0000 
35,750 11081,7794 544,6964 91,9790 236,2300 -39,7676 -1,1525 40,7019 0,9460 23,0000 
35,800 11090,8505 537,1330 92,1616 236,2724 -39,8583 -1,1539 40,6547 0,9469 23,0000 
35,850 11099,9112 529,5540 92,3442 236,3151 -39,9488 -1,1554 40,6078 0,9478 23,0000 
35,900 11108,9616 521,9592 92,5268 236,3581 -40,0391 -1,1568 40,5612 0,9487 23,0000 
35,950 11118,0017 514,3488 92,7095 236,4013 -40,1294 -1,1583 40,5148 0,9496 23,0000 
36,000 11127,0315 506,7228 92,8922 236,4447 -40,2195 -1,1597 40,4687 0,9505 23,0000 
36,050 11136,0510 499,0812 93,0749 236,4884 -40,3094 -1,1612 40,4229 0,9514 23,0000 
36,100 11145,0601 491,4240 93,2576 236,5324 -40,3993 -1,1626 40,3773 0,9523 23,0000 
36,150 11154,0589 483,7513 93,4403 236,5766 -40,4889 -1,1641 40,3320 0,9532 23,0000 
36,200 11163,0474 476,0630 93,6231 236,6210 -40,5785 -1,1655 40,2870 0,9541 23,0000 
36,250 11172,0256 468,3593 93,8059 236,6656 -40,6679 -1,1670 40,2422 0,9550 23,0000 
36,300 11180,9934 460,6402 93,9887 236,7105 -40,7572 -1,1684 40,1977 0,9559 23,0000 
36,350 11189,9510 452,9056 94,1715 236,7556 -40,8463 -1,1698 40,1535 0,9568 23,0000 
36,400 11198,8982 445,1556 94,3543 236,8009 -40,9353 -1,1713 40,1095 0,9578 23,0000 
36,450 11207,8351 437,3902 94,5371 236,8464 -41,0242 -1,1727 40,0658 0,9587 23,0000 
36,500 11216,7617 429,6095 94,7199 236,8922 -41,1130 -1,1741 40,0224 0,9596 23,0000 
36,550 11225,6780 421,8135 94,9028 236,9381 -41,2016 -1,1755 39,9792 0,9605 23,0000 
36,600 11234,5839 414,0022 95,0856 236,9843 -41,2900 -1,1770 39,9363 0,9615 23,0000 
36,650 11243,4795 406,1756 95,2685 237,0307 -41,3784 -1,1784 39,8936 0,9624 23,0000 
36,700 11252,3649 398,3338 95,4514 237,0773 -41,4665 -1,1798 39,8512 0,9633 23,0000 
36,750 11261,2399 390,4768 95,6343 237,1240 -41,5546 -1,1812 39,8091 0,9643 23,0000 
36,800 11270,1046 382,6046 95,8172 237,1710 -41,6425 -1,1826 39,7672 0,9652 23,0000 
36,850 11278,9590 374,7172 96,0000 237,2182 -41,7303 -1,1840 39,7256 0,9662 23,0000 
36,900 11287,8030 366,8147 96,1829 237,2655 -41,8180 -1,1854 39,6842 0,9671 23,0000 
36,950 11296,6368 358,8972 96,3658 237,3131 -41,9055 -1,1868 39,6431 0,9681 23,0000 
37,000 11305,4602 350,9645 96,5487 237,3608 -41,9928 -1,1882 39,6023 0,9690 23,0000 
37,050 11314,2733 343,0168 96,7316 237,4087 -42,0801 -1,1896 39,5617 0,9700 23,0000 
37,100 11323,0761 335,0541 96,9145 237,4568 -42,1672 -1,1910 39,5213 0,9709 23,0000 
37,150 11331,8686 327,0765 97,0974 237,5050 -42,2542 -1,1923 39,4813 0,9719 23,0000 
37,200 11340,6508 319,0838 97,2803 237,5534 -42,3410 -1,1937 39,4414 0,9728 23,0000 
37,250 11349,4227 311,0763 97,4632 237,6020 -42,4277 -1,1951 39,4019 0,9738 23,0000 
37,300 11358,1843 303,0538 97,6461 237,6508 -42,5143 -1,1965 39,3626 0,9748 23,0000 
37,350 11366,9355 295,0165 97,8290 237,6997 -42,6007 -1,1978 39,3235 0,9757 23,0000 
37,400 11375,6764 286,9643 98,0118 237,7487 -42,6870 -1,1992 39,2847 0,9767 23,0000 
37,450 11384,4071 278,8973 98,1947 237,7979 -42,7731 -1,2005 39,2462 0,9777 23,0000 
37,500 11393,1274 270,8155 98,3775 237,8473 -42,8592 -1,2019 39,2079 0,9787 23,0000 
37,550 11401,8373 262,7190 98,5604 237,8968 -42,9450 -1,2032 39,1699 0,9797 23,0000 
37,600 11410,5370 254,6077 98,7432 237,9464 -43,0308 -1,2045 39,1321 0,9806 23,0000 
37,650 11419,2264 246,4817 98,9260 237,9962 -43,1164 -1,2059 39,0946 0,9816 23,0000 
37,700 11427,9054 238,3411 99,1088 238,0461 -43,2019 -1,2072 39,0573 0,9826 23,0000 
37,750 11436,5742 230,1858 99,2915 238,0961 -43,2872 -1,2085 39,0203 0,9836 23,0000 
37,800 11445,2326 222,0159 99,4743 238,1463 -43,3725 -1,2098 38,9835 0,9846 23,0000 
37,850 11453,8807 213,8314 99,6570 238,1966 -43,4575 -1,2111 38,9470 0,9856 23,0000 
37,900 11462,5184 205,6323 99,8398 238,2470 -43,5425 -1,2124 38,9107 0,9866 23,0000 
37,950 11471,1459 197,4187 100,0224 238,2975 -43,6273 -1,2137 38,8747 0,9876 23,0000 
38,000 11479,7630 189,1906 100,2051 238,3481 -43,7120 -1,2150 38,8390 0,9886 23,0000 
38,050 11488,3699 180,9481 100,3877 238,3989 -43,7965 -1,2163 38,8035 0,9896 23,0000 
38,100 11496,9664 172,6911 100,5704 238,4497 -43,8809 -1,2175 38,7682 0,9906 23,0000 
38,150 11505,5525 164,4197 100,7529 238,5006 -43,9652 -1,2188 38,7332 0,9916 23,0000 
38,200 11514,1284 156,1339 100,9355 238,5516 -44,0494 -1,2201 38,6985 0,9926 23,0000 
38,250 11522,6939 147,8337 101,1180 238,6028 -44,1334 -1,2213 38,6640 0,9937 23,0000 
38,300 11531,2491 139,5192 101,3005 238,6539 -44,2172 -1,2225 38,6297 0,9947 23,0000 
38,350 11539,7940 131,1905 101,4829 238,7052 -44,3010 -1,2237 38,5958 0,9957 23,0000 
38,400 11548,3285 122,8474 101,6653 238,7566 -44,3846 -1,2250 38,5620 0,9967 23,0000 
38,450 11556,8528 114,4901 101,8477 238,8080 -44,4681 -1,2262 38,5286 0,9978 23,0000 
38,500 11565,3666 106,1186 102,0300 238,8594 -44,5515 -1,2273 38,4954 0,9988 23,0000 
38,550 11573,8702 97,7330 102,2123 238,9110 -44,6347 -1,2285 38,4624 0,9998 23,0000 
38,600 11582,3634 89,3331 102,3945 238,9625 -44,7178 -1,2297 38,4297 1,0008 23,0000 
38,650 11590,8463 80,9192 102,5767 239,0141 -44,8008 -1,2308 38,3973 1,0019 23,0000 
38,700 11599,3188 72,4912 102,7588 239,0658 -44,8836 -1,2319 38,3652 1,0029 23,0000 
38,750 11607,7810 64,0491 102,9408 239,1175 -44,9663 -1,2330 38,3333 1,0040 23,0000 
38,800 11616,2328 55,5930 103,1228 239,1691 -45,0489 -1,2341 38,3017 1,0050 23,0000 
38,850 11624,6742 47,1228 103,3048 239,2208 -45,1314 -1,2352 38,2703 1,0061 23,0000 
38,900 11633,1054 38,6387 103,4866 239,2725 -45,2138 -1,2362 38,2393 1,0071 23,0000 
38,950 11641,5261 30,1407 103,6684 239,3241 -45,2960 -1,2373 38,2085 1,0082 23,0000 
39,000 11649,9365 21,6288 103,8501 239,3756 -45,3781 -1,2382 38,1781 1,0092 23,0000 
39,050 11658,3365 13,1030 104,0318 239,4270 -45,4601 -1,2392 38,1480 1,0103 23,0000 
39,100 11666,7261 4,5634 104,2133 239,4782 -45,5420 -1,2400 38,1183 1,0113 23,0000 
39,1267 11671,1964 0,0000 104,3101 239,5051 -45,5857 -1,2404 38,1029 1,0119 23,0000 
