t(c) x(м) y(м) z(м) Vk(м/с) teta(град) psy(град) omega_x(рад/с) pi(y) m(кг) 
0,000 0,0000 0,0000 0,0000 838,3800 24,2000 0,0000 0,0000 1,0119 23,0000 
0,050 38,1193 17,1194 0,0002 833,1122 24,1697 -0,0005 8,6068 1,0098 23,0000 
0,100 76,0085 34,1114 0,0007 827,8991 24,1392 -0,0012 16,8489 1,0077 23,0000 
0,150 113,6700 50,9771 0,0018 822,7383 24,1084 -0,0020 24,7469 1,0056 23,0000 
0,200 151,1061 67,7177 0,0033 817,6288 24,0773 -0,0028 32,3162 1,0035 23,0000 
0,250 188,3191 84,3342 0,0055 812,5695 24,0461 -0,0037 39,5709 1,0015 23,0000 
0,300 225,3112 100,8279 0,0081 807,5599 24,0146 -0,0046 46,5241 0,9994 23,0000 
0,350 262,0845 117,1998 0,0114 802,5989 23,9829 -0,0056 53,1883 0,9974 23,0000 
0,400 298,6413 133,4510 0,0153 797,6861 23,9510 -0,0066 59,5752 0,9954 23,0000 
0,450 334,9837 149,5826 0,0197 792,8205 23,9189 -0,0076 65,6961 0,9934 23,0000 
0,500 371,1137 165,5957 0,0248 788,0017 23,8865 -0,0086 71,5617 0,9915 23,0000 
0,550 407,0334 181,4912 0,0306 783,2288 23,8539 -0,0097 77,1823 0,9895 23,0000 
0,600 442,7448 197,2703 0,0370 778,5013 23,8211 -0,0108 82,5675 0,9876 23,0000 
0,650 478,2500 212,9339 0,0441 773,8187 23,7881 -0,0120 87,7267 0,9857 23,0000 
0,700 513,5509 228,4830 0,0518 769,1801 23,7549 -0,0131 92,6688 0,9838 23,0000 
0,750 548,6494 243,9187 0,0602 764,5852 23,7214 -0,0143 97,4023 0,9819 23,0000 
0,800 583,5475 259,2418 0,0693 760,0333 23,6878 -0,0155 101,9355 0,9801 23,0000 
0,850 618,2471 274,4535 0,0790 755,5238 23,6539 -0,0167 106,2760 0,9782 23,0000 
0,900 652,7501 289,5546 0,0895 751,0562 23,6197 -0,0180 110,4314 0,9764 23,0000 
0,950 687,0582 304,5460 0,1006 746,6300 23,5854 -0,0192 114,4089 0,9746 23,0000 
1,000 721,1734 319,4287 0,1125 742,2446 23,5509 -0,0205 118,2152 0,9728 23,0000 
1,050 755,0974 334,2036 0,1250 737,8996 23,5161 -0,0218 121,8571 0,9710 23,0000 
1,100 788,8320 348,8717 0,1383 733,5943 23,4811 -0,0232 125,3407 0,9693 23,0000 
1,150 822,3790 363,4337 0,1522 729,3284 23,4459 -0,0245 128,6722 0,9675 23,0000 
1,200 855,7400 377,8906 0,1669 725,1014 23,4104 -0,0259 131,8573 0,9658 23,0000 
1,250 888,9169 392,2433 0,1823 720,9126 23,3747 -0,0272 134,9016 0,9641 23,0000 
1,300 921,9112 406,4926 0,1983 716,7618 23,3388 -0,0286 137,8104 0,9624 23,0000 
1,350 954,7247 420,6394 0,2151 712,6484 23,3027 -0,0300 140,5889 0,9607 23,0000 
1,400 987,3590 434,6845 0,2326 708,5720 23,2664 -0,0315 143,2419 0,9590 23,0000 
1,450 1019,8158 448,6288 0,2509 704,5321 23,2298 -0,0329 145,7742 0,9573 23,0000 
1,500 1052,0966 462,4730 0,2698 700,5283 23,1930 -0,0343 148,1903 0,9557 23,0000 
1,550 1084,2030 476,2179 0,2894 696,5602 23,1560 -0,0358 150,4946 0,9541 23,0000 
1,600 1116,1366 489,8645 0,3098 692,6273 23,1188 -0,0373 152,6911 0,9524 23,0000 
1,650 1147,8990 503,4134 0,3309 688,7292 23,0813 -0,0388 154,7841 0,9508 23,0000 
1,700 1179,4917 516,8655 0,3527 684,8656 23,0436 -0,0403 156,7772 0,9493 23,0000 
1,750 1210,9163 530,2214 0,3752 681,0360 23,0056 -0,0418 158,6743 0,9477 23,0000 
1,800 1242,1741 543,4821 0,3984 677,2400 22,9675 -0,0433 160,4788 0,9461 23,0000 
1,850 1273,2667 556,6482 0,4224 673,4772 22,9291 -0,0449 162,1942 0,9446 23,0000 
1,900 1304,1956 569,7204 0,4470 669,7473 22,8905 -0,0465 163,8238 0,9430 23,0000 
1,950 1334,9621 582,6996 0,4724 666,0499 22,8516 -0,0480 165,3708 0,9415 23,0000 
2,000 1365,5678 595,5865 0,4985 662,3846 22,8125 -0,0496 166,8381 0,9400 23,0000 
2,050 1396,0140 608,3817 0,5253 658,7510 22,7732 -0,0512 168,2288 0,9385 23,0000 
2,100 1426,3022 621,0859 0,5528 655,1488 22,7337 -0,0528 169,5456 0,9370 23,0000 
2,150 1456,4337 633,7000 0,5810 651,5776 22,6939 -0,0544 170,7912 0,9355 23,0000 
2,200 1486,4098 646,2245 0,6099 648,0371 22,6539 -0,0561 171,9683 0,9341 23,0000 
2,250 1516,2320 658,6602 0,6395 644,5269 22,6136 -0,0577 173,0794 0,9326 23,0000 
2,300 1545,9016 671,0078 0,6698 641,0467 22,5731 -0,0594 174,1268 0,9312 23,0000 
2,350 1575,4198 683,2678 0,7009 637,5962 22,5324 -0,0611 175,1130 0,9298 23,0000 
2,400 1604,7880 695,4411 0,7326 634,1750 22,4915 -0,0627 176,0401 0,9284 23,0000 
2,450 1634,0076 707,5282 0,7650 630,7828 22,4503 -0,0644 176,9103 0,9270 23,0000 
2,500 1663,0796 719,5297 0,7981 627,4193 22,4088 -0,0661 177,7257 0,9256 23,0000 
2,550 1692,0055 731,4464 0,8319 624,0841 22,3672 -0,0678 178,4883 0,9242 23,0000 
2,600 1720,7864 743,2789 0,8664 620,7770 22,3253 -0,0696 179,1999 0,9228 23,0000 
2,650 1749,4237 755,0277 0,9016 617,4977 22,2831 -0,0713 179,8626 0,9215 23,0000 
2,700 1777,9184 766,6936 0,9375 614,2458 22,2407 -0,0730 180,4779 0,9201 23,0000 
2,750 1806,2719 778,2771 0,9741 611,0211 22,1981 -0,0748 181,0478 0,9188 23,0000 
2,800 1834,4852 789,7788 1,0113 607,8232 22,1553 -0,0765 181,5738 0,9175 23,0000 
2,850 1862,5597 801,1994 1,0493 604,6519 22,1121 -0,0783 182,0575 0,9162 23,0000 
2,900 1890,4964 812,5393 1,0879 601,5069 22,0688 -0,0801 182,5004 0,9149 23,0000 
2,950 1918,2966 823,7994 1,1272 598,3879 22,0252 -0,0819 182,9042 0,9136 23,0000 
3,000 1945,9613 834,9800 1,1672 595,2946 21,9814 -0,0837 183,2701 0,9123 23,0000 
3,050 1973,4917 846,0817 1,2078 592,2268 21,9373 -0,0855 183,5996 0,9110 23,0000 
3,100 2000,8888 857,1052 1,2491 589,1841 21,8930 -0,0873 183,8940 0,9098 23,0000 
3,150 2028,1539 868,0511 1,2911 586,1663 21,8484 -0,0891 184,1546 0,9085 23,0000 
3,200 2055,2880 878,9197 1,3337 583,1732 21,8036 -0,0910 184,3827 0,9073 23,0000 
3,250 2082,2922 889,7118 1,3770 580,2045 21,7585 -0,0928 184,5793 0,9061 23,0000 
3,300 2109,1675 900,4278 1,4210 577,2599 21,7132 -0,0947 184,7458 0,9048 23,0000 
3,350 2135,9151 911,0684 1,4656 574,3392 21,6677 -0,0965 184,8831 0,9036 23,0000 
3,400 2162,5359 921,6339 1,5109 571,4421 21,6219 -0,0984 184,9924 0,9024 23,0000 
3,450 2189,0310 932,1250 1,5568 568,5684 21,5758 -0,1003 185,0747 0,9012 23,0000 
3,500 2215,4014 942,5422 1,6034 565,7178 21,5295 -0,1022 185,1310 0,9001 23,0000 
3,550 2241,6481 952,8859 1,6507 562,8901 21,4830 -0,1041 185,1622 0,8989 23,0000 
3,600 2267,7722 963,1568 1,6985 560,0851 21,4362 -0,1060 185,1694 0,8977 23,0000 
3,650 2293,7746 973,3552 1,7471 557,3025 21,3891 -0,1079 185,1533 0,8966 23,0000 
3,700 2319,6563 983,4818 1,7962 554,5421 21,3418 -0,1098 185,1149 0,8954 23,0000 
3,750 2345,4184 993,5369 1,8460 551,8037 21,2943 -0,1117 185,0550 0,8943 23,0000 
3,800 2371,0616 1003,5212 1,8964 549,0870 21,2465 -0,1136 184,9744 0,8932 23,0000 
3,850 2396,5871 1013,4349 1,9475 546,3918 21,1984 -0,1156 184,8739 0,8921 23,0000 
3,900 2421,9957 1023,2788 1,9992 543,7179 21,1501 -0,1175 184,7543 0,8910 23,0000 
3,950 2447,2883 1033,0531 2,0515 541,0650 21,1015 -0,1195 184,6162 0,8899 23,0000 
4,000 2472,4660 1042,7584 2,1045 538,4331 21,0527 -0,1215 184,4603 0,8888 23,0000 
4,050 2497,5296 1052,3952 2,1580 535,8218 21,0036 -0,1234 184,2874 0,8877 23,0000 
4,100 2522,4800 1061,9639 2,2122 533,2309 20,9543 -0,1254 184,0981 0,8866 23,0000 
4,150 2547,3181 1071,4649 2,2670 530,6603 20,9047 -0,1274 183,8931 0,8856 23,0000 
4,200 2572,0448 1080,8988 2,3224 528,1097 20,8549 -0,1294 183,6729 0,8845 23,0000 
4,250 2596,6610 1090,2659 2,3784 525,5789 20,8048 -0,1314 183,4381 0,8835 23,0000 
4,300 2621,1675 1099,5667 2,4351 523,0678 20,7544 -0,1334 183,1893 0,8825 23,0000 
4,350 2645,5652 1108,8016 2,4923 520,5761 20,7038 -0,1354 182,9271 0,8814 23,0000 
4,400 2669,8549 1117,9711 2,5501 518,1036 20,6529 -0,1374 182,6519 0,8804 23,0000 
4,450 2694,0375 1127,0756 2,6086 515,6502 20,6017 -0,1395 182,3644 0,8794 23,0000 
4,500 2718,1139 1136,1154 2,6676 513,2156 20,5503 -0,1415 182,0650 0,8784 23,0000 
4,550 2742,0848 1145,0911 2,7272 510,7997 20,4987 -0,1435 181,7541 0,8774 23,0000 
4,600 2765,9510 1154,0030 2,7874 508,4023 20,4467 -0,1456 181,4323 0,8764 23,0000 
4,650 2789,7134 1162,8516 2,8483 506,0232 20,3945 -0,1476 181,0999 0,8754 23,0000 
4,700 2813,3728 1171,6372 2,9096 503,6622 20,3421 -0,1497 180,7575 0,8745 23,0000 
4,750 2836,9299 1180,3603 2,9716 501,3192 20,2894 -0,1518 180,4054 0,8735 23,0000 
4,800 2860,3856 1189,0212 3,0342 498,9939 20,2364 -0,1538 180,0441 0,8726 23,0000 
4,850 2883,7405 1197,6203 3,0973 496,6863 20,1831 -0,1559 179,6739 0,8716 23,0000 
4,900 2906,9956 1206,1581 3,1610 494,3960 20,1296 -0,1580 179,2952 0,8707 23,0000 
4,950 2930,1515 1214,6348 3,2253 492,1230 20,0759 -0,1601 178,9084 0,8697 23,0000 
5,000 2953,2090 1223,0510 3,2902 489,8671 20,0218 -0,1622 178,5138 0,8688 23,0000 
5,050 2976,1688 1231,4069 3,3556 487,6281 19,9675 -0,1643 178,1118 0,8679 23,0000 
5,100 2999,0317 1239,7030 3,4216 485,4058 19,9129 -0,1664 177,7026 0,8670 23,0000 
5,150 3021,7984 1247,9396 3,4881 483,2002 19,8581 -0,1685 177,2867 0,8661 23,0000 
5,200 3044,4696 1256,1170 3,5552 481,0110 19,8029 -0,1707 176,8643 0,8652 23,0000 
5,250 3067,0460 1264,2357 3,6229 478,8380 19,7476 -0,1728 176,4357 0,8643 23,0000 
5,300 3089,5284 1272,2959 3,6911 476,6812 19,6919 -0,1749 176,0013 0,8634 23,0000 
5,350 3111,9175 1280,2981 3,7599 474,5403 19,6360 -0,1771 175,5612 0,8625 23,0000 
5,400 3134,2139 1288,2426 3,8292 472,4153 19,5798 -0,1792 175,1158 0,8617 23,0000 
5,450 3156,4183 1296,1298 3,8991 470,3059 19,5233 -0,1814 174,6652 0,8608 23,0000 
5,500 3178,5315 1303,9599 3,9695 468,2120 19,4665 -0,1835 174,2099 0,8600 23,0000 
5,550 3200,5540 1311,7333 4,0404 466,1335 19,4095 -0,1857 173,7499 0,8591 23,0000 
5,600 3222,4866 1319,4505 4,1119 464,0702 19,3522 -0,1878 173,2856 0,8583 23,0000 
5,650 3244,3299 1327,1116 4,1839 462,0219 19,2947 -0,1900 172,8172 0,8574 23,0000 
5,700 3266,0846 1334,7170 4,2565 459,9886 19,2368 -0,1922 172,3448 0,8566 23,0000 
5,750 3287,7513 1342,2671 4,3296 457,9701 19,1787 -0,1944 171,8687 0,8558 23,0000 
5,800 3309,3307 1349,7621 4,4032 455,9663 19,1203 -0,1966 171,3891 0,8550 23,0000 
5,850 3330,8233 1357,2025 4,4774 453,9769 19,0617 -0,1988 170,9063 0,8542 23,0000 
5,900 3352,2299 1364,5885 4,5521 452,0019 19,0027 -0,2010 170,4203 0,8534 23,0000 
5,950 3373,5510 1371,9204 4,6272 450,0412 18,9435 -0,2032 169,9314 0,8526 23,0000 
6,000 3394,7873 1379,1985 4,7030 448,0946 18,8840 -0,2054 169,4397 0,8518 23,0000 
6,050 3415,9394 1386,4232 4,7792 446,1620 18,8242 -0,2076 168,9454 0,8510 23,0000 
6,100 3437,0079 1393,5947 4,8559 444,2432 18,7641 -0,2098 168,4488 0,8502 23,0000 
6,150 3457,9934 1400,7134 4,9332 442,3381 18,7038 -0,2120 167,9499 0,8495 23,0000 
6,200 3478,8964 1407,7795 5,0110 440,4467 18,6432 -0,2143 167,4489 0,8487 23,0000 
6,250 3499,7176 1414,7934 5,0892 438,5687 18,5823 -0,2165 166,9459 0,8480 23,0000 
6,300 3520,4575 1421,7553 5,1680 436,7041 18,5211 -0,2187 166,4412 0,8472 23,0000 
6,350 3541,1168 1428,6656 5,2473 434,8527 18,4596 -0,2210 165,9348 0,8465 23,0000 
6,400 3561,6960 1435,5245 5,3271 433,0143 18,3979 -0,2232 165,4268 0,8457 23,0000 
6,450 3582,1956 1442,3322 5,4073 431,1890 18,3359 -0,2255 164,9175 0,8450 23,0000 
6,500 3602,6163 1449,0892 5,4881 429,3766 18,2736 -0,2277 164,4069 0,8443 23,0000 
6,550 3622,9585 1455,7956 5,5694 427,5769 18,2110 -0,2300 163,8951 0,8435 23,0000 
6,600 3643,2229 1462,4518 5,6511 425,7898 18,1481 -0,2323 163,3824 0,8428 23,0000 
6,650 3663,4100 1469,0579 5,7334 424,0152 18,0849 -0,2345 162,8687 0,8421 23,0000 
6,700 3683,5202 1475,6144 5,8161 422,2531 18,0215 -0,2368 162,3542 0,8414 23,0000 
6,750 3703,5543 1482,1214 5,8993 420,5032 17,9577 -0,2391 161,8390 0,8407 23,0000 
6,800 3723,5126 1488,5793 5,9830 418,7656 17,8937 -0,2414 161,3232 0,8400 23,0000 
6,850 3743,3957 1494,9882 6,0671 417,0400 17,8294 -0,2437 160,8069 0,8394 23,0000 
6,900 3763,2041 1501,3484 6,1518 415,3264 17,7648 -0,2460 160,2902 0,8387 23,0000 
6,950 3782,9384 1507,6603 6,2369 413,6246 17,6999 -0,2483 159,7732 0,8380 23,0000 
7,000 3802,5990 1513,9240 6,3225 411,9346 17,6347 -0,2506 159,2560 0,8373 23,0000 
7,050 3822,1865 1520,1398 6,4085 410,2563 17,5693 -0,2529 158,7386 0,8367 23,0000 
7,100 3841,7014 1526,3080 6,4951 408,5895 17,5035 -0,2552 158,2212 0,8360 23,0000 
7,150 3861,1441 1532,4288 6,5820 406,9341 17,4375 -0,2575 157,7038 0,8354 23,0000 
7,200 3880,5152 1538,5025 6,6695 405,2901 17,3711 -0,2598 157,1865 0,8347 23,0000 
7,250 3899,8150 1544,5293 6,7574 403,6574 17,3045 -0,2621 156,6694 0,8341 23,0000 
7,300 3919,0443 1550,5094 6,8458 402,0358 17,2376 -0,2645 156,1525 0,8334 23,0000 
7,350 3938,2033 1556,4431 6,9346 400,4252 17,1704 -0,2668 155,6359 0,8328 23,0000 
7,400 3957,2925 1562,3306 7,0239 398,8256 17,1029 -0,2691 155,1198 0,8322 23,0000 
7,450 3976,3125 1568,1722 7,1136 397,2391 17,0351 -0,2715 154,6040 0,8316 23,0000 
7,500 3995,2642 1573,9681 7,2038 395,6746 16,9670 -0,2738 154,0889 0,8310 23,0000 
7,550 4014,1481 1579,7189 7,2944 394,1214 16,8986 -0,2761 153,5743 0,8303 23,0000 
7,600 4032,9649 1585,4245 7,3855 392,5796 16,8300 -0,2784 153,0603 0,8297 23,0000 
7,650 4051,7150 1591,0854 7,4770 391,0495 16,7610 -0,2808 152,5471 0,8291 23,0000 
7,700 4070,3989 1596,7017 7,5689 389,5311 16,6918 -0,2831 152,0347 0,8286 23,0000 
7,750 4089,0171 1602,2737 7,6613 388,0247 16,6222 -0,2854 151,5231 0,8280 23,0000 
7,800 4107,5702 1607,8016 7,7541 386,5304 16,5524 -0,2878 151,0124 0,8274 23,0000 
7,850 4126,0587 1613,2857 7,8473 385,0484 16,4823 -0,2901 150,5026 0,8268 23,0000 
7,900 4144,4832 1618,7263 7,9410 383,5789 16,4119 -0,2924 149,9938 0,8262 23,0000 
7,950 4162,8441 1624,1235 8,0351 382,1221 16,3411 -0,2948 149,4860 0,8257 23,0000 
8,000 4181,1421 1629,4776 8,1296 380,6782 16,2702 -0,2971 148,9792 0,8251 23,0000 
8,050 4199,3777 1634,7889 8,2245 379,2474 16,1989 -0,2994 148,4736 0,8245 23,0000 
8,100 4217,5515 1640,0576 8,3199 377,8298 16,1273 -0,3018 147,9692 0,8240 23,0000 
8,150 4235,6642 1645,2840 8,4156 376,4257 16,0554 -0,3041 147,4660 0,8234 23,0000 
8,200 4253,7162 1650,4684 8,5118 375,0353 15,9833 -0,3064 146,9640 0,8229 23,0000 
8,250 4271,7082 1655,6109 8,6084 373,6587 15,9108 -0,3087 146,4633 0,8223 23,0000 
8,300 4289,6409 1660,7120 8,7054 372,2961 15,8381 -0,3110 145,9639 0,8218 23,0000 
8,350 4307,5149 1665,7717 8,8028 370,9477 15,7651 -0,3133 145,4659 0,8213 23,0000 
8,400 4325,3307 1670,7905 8,9006 369,6137 15,6917 -0,3156 144,9693 0,8208 23,0000 
8,450 4343,0890 1675,7684 8,9988 368,2942 15,6182 -0,3179 144,4741 0,8202 23,0000 
8,500 4360,7906 1680,7059 9,0973 366,9894 15,5443 -0,3202 143,9804 0,8197 23,0000 
8,550 4378,4360 1685,6032 9,1963 365,6995 15,4701 -0,3225 143,4882 0,8192 23,0000 
8,600 4396,0260 1690,4606 9,2957 364,4245 15,3957 -0,3248 142,9975 0,8187 23,0000 
8,650 4413,5611 1695,2782 9,3954 363,1645 15,3210 -0,3270 142,5084 0,8182 23,0000 
8,700 4431,0421 1700,0564 9,4955 361,9198 15,2460 -0,3293 142,0209 0,8177 23,0000 
8,750 4448,4697 1704,7954 9,5961 360,6905 15,1707 -0,3316 141,5350 0,8172 23,0000 
8,800 4465,8445 1709,4956 9,6969 359,4765 15,0951 -0,3338 141,0508 0,8167 23,0000 
8,850 4483,1673 1714,1571 9,7982 358,2781 15,0193 -0,3360 140,5683 0,8162 23,0000 
8,900 4500,4387 1718,7802 9,8998 357,0953 14,9432 -0,3382 140,0875 0,8157 23,0000 
8,950 4517,6595 1723,3653 10,0018 355,9281 14,8668 -0,3405 139,6084 0,8153 23,0000 
9,000 4534,8304 1727,9125 10,1042 354,7767 14,7902 -0,3426 139,1310 0,8148 23,0000 
9,050 4551,9520 1732,4221 10,2069 353,6411 14,7133 -0,3448 138,6555 0,8143 23,0000 
9,100 4569,0252 1736,8944 10,3100 352,5212 14,6361 -0,3470 138,1817 0,8138 23,0000 
9,150 4586,0505 1741,3297 10,4134 351,4172 14,5587 -0,3492 137,7098 0,8134 23,0000 
9,200 4603,0288 1745,7281 10,5172 350,3291 14,4809 -0,3513 137,2397 0,8129 23,0000 
9,250 4619,9608 1750,0900 10,6213 349,2568 14,4030 -0,3534 136,7714 0,8125 23,0000 
9,300 4636,8471 1754,4156 10,7258 348,2004 14,3248 -0,3555 136,3051 0,8120 23,0000 
9,350 4653,6885 1758,7052 10,8306 347,1599 14,2463 -0,3576 135,8406 0,8116 23,0000 
9,400 4670,4858 1762,9590 10,9358 346,1352 14,1676 -0,3597 135,3780 0,8111 23,0000 
9,450 4687,2396 1767,1772 11,0413 345,1263 14,0886 -0,3618 134,9174 0,8107 23,0000 
9,500 4703,9506 1771,3602 11,1471 344,1331 14,0093 -0,3638 134,4587 0,8103 23,0000 
9,550 4720,6196 1775,5081 11,2532 343,1557 13,9298 -0,3659 134,0020 0,8098 23,0000 
9,600 4737,2472 1779,6212 11,3597 342,1939 13,8501 -0,3679 133,5472 0,8094 23,0000 
9,650 4753,8343 1783,6997 11,4665 341,2477 13,7702 -0,3699 133,0944 0,8090 23,0000 
9,700 4770,3815 1787,7439 11,5736 340,3170 13,6899 -0,3719 132,6435 0,8086 23,0000 
9,750 4786,8895 1791,7540 11,6810 339,4018 13,6095 -0,3738 132,1947 0,8082 23,0000 
9,800 4803,3589 1795,7302 11,7888 338,5019 13,5288 -0,3758 131,7479 0,8077 23,0000 
9,850 4819,7906 1799,6728 11,8968 337,6172 13,4479 -0,3777 131,3031 0,8073 23,0000 
9,900 4836,1852 1803,5819 12,0052 336,7476 13,3667 -0,3796 130,8603 0,8069 23,0000 
9,950 4852,5434 1807,4579 12,1138 335,8931 13,2854 -0,3815 130,4195 0,8065 23,0000 
10,000 4868,8658 1811,3009 12,2228 335,0535 13,2038 -0,3834 129,9808 0,8061 23,0000 
10,050 4885,1532 1815,1111 12,3320 334,2288 13,1219 -0,3852 129,5441 0,8057 23,0000 
10,100 4901,4062 1818,8887 12,4416 333,4186 13,0399 -0,3871 129,1095 0,8053 23,0000 
10,150 4917,6255 1822,6341 12,5514 332,6230 12,9576 -0,3889 128,6769 0,8050 23,0000 
10,200 4933,8117 1826,3472 12,6616 331,8418 12,8752 -0,3907 128,2464 0,8046 23,0000 
10,250 4949,9656 1830,0285 12,7720 331,0745 12,7925 -0,3925 127,8179 0,8042 23,0000 
10,300 4966,0875 1833,6779 12,8826 330,3169 12,7096 -0,3943 127,3915 0,8038 23,0000 
10,350 4982,1780 1837,2958 12,9936 329,5677 12,6264 -0,3960 126,9671 0,8034 23,0000 
10,400 4998,2374 1840,8821 13,1049 328,8268 12,5431 -0,3978 126,5448 0,8031 23,0000 
10,450 5014,2659 1844,4371 13,2164 328,0939 12,4596 -0,3995 126,1246 0,8027 23,0000 
10,500 5030,2641 1847,9608 13,3282 327,3689 12,3758 -0,4013 125,7063 0,8023 23,0000 
10,550 5046,2322 1851,4534 13,4403 326,6515 12,2919 -0,4030 125,2901 0,8020 23,0000 
10,600 5062,1705 1854,9150 13,5526 325,9417 12,2077 -0,4047 124,8759 0,8016 23,0000 
10,650 5078,0793 1858,3457 13,6652 325,2393 12,1233 -0,4064 124,4637 0,8013 23,0000 
10,700 5093,9591 1861,7456 13,7781 324,5440 12,0388 -0,4081 124,0536 0,8009 23,0000 
10,750 5109,8100 1865,1149 13,8912 323,8558 11,9540 -0,4098 123,6454 0,8006 23,0000 
10,800 5125,6324 1868,4536 14,0046 323,1745 11,8690 -0,4115 123,2392 0,8002 23,0000 
10,850 5141,4265 1871,7618 14,1183 322,4999 11,7838 -0,4132 122,8350 0,7999 23,0000 
10,900 5157,1927 1875,0397 14,2323 321,8320 11,6985 -0,4149 122,4328 0,7996 23,0000 
10,950 5172,9312 1878,2873 14,3465 321,1705 11,6129 -0,4166 122,0326 0,7992 23,0000 
11,000 5188,6423 1881,5048 14,4609 320,5154 11,5271 -0,4182 121,6343 0,7989 23,0000 
11,050 5204,3262 1884,6923 14,5756 319,8664 11,4411 -0,4199 121,2379 0,7986 23,0000 
11,100 5219,9833 1887,8497 14,6906 319,2236 11,3549 -0,4216 120,8435 0,7983 23,0000 
11,150 5235,6137 1890,9774 14,8058 318,5868 11,2686 -0,4232 120,4511 0,7979 23,0000 
11,200 5251,2178 1894,0752 14,9213 317,9559 11,1820 -0,4249 120,0605 0,7976 23,0000 
11,250 5266,7957 1897,1434 15,0371 317,3307 11,0953 -0,4265 119,6719 0,7973 23,0000 
11,300 5282,3476 1900,1820 15,1531 316,7111 11,0083 -0,4281 119,2851 0,7970 23,0000 
11,350 5297,8739 1903,1911 15,2693 316,0971 10,9212 -0,4298 118,9003 0,7967 23,0000 
11,400 5313,3748 1906,1707 15,3858 315,4886 10,8338 -0,4314 118,5173 0,7964 23,0000 
11,450 5328,8504 1909,1210 15,5025 314,8854 10,7463 -0,4330 118,1363 0,7961 23,0000 
11,500 5344,3010 1912,0421 15,6195 314,2874 10,6586 -0,4346 117,7571 0,7958 23,0000 
11,550 5359,7268 1914,9340 15,7368 313,6947 10,5707 -0,4363 117,3797 0,7955 23,0000 
11,600 5375,1280 1917,7968 15,8543 313,1069 10,4826 -0,4379 117,0042 0,7952 23,0000 
11,650 5390,5049 1920,6306 15,9720 312,5242 10,3943 -0,4395 116,6305 0,7949 23,0000 
11,700 5405,8575 1923,4354 16,0900 311,9464 10,3058 -0,4411 116,2587 0,7946 23,0000 
11,750 5421,1861 1926,2114 16,2082 311,3734 10,2172 -0,4427 115,8886 0,7943 23,0000 
11,800 5436,4910 1928,9586 16,3266 310,8051 10,1283 -0,4442 115,5204 0,7940 23,0000 
11,850 5451,7722 1931,6771 16,4453 310,2415 10,0393 -0,4458 115,1540 0,7938 23,0000 
11,900 5467,0299 1934,3669 16,5643 309,6824 9,9501 -0,4474 114,7894 0,7935 23,0000 
11,950 5482,2645 1937,0281 16,6834 309,1279 9,8607 -0,4490 114,4265 0,7932 23,0000 
12,000 5497,4759 1939,6608 16,8029 308,5778 9,7711 -0,4506 114,0654 0,7930 23,0000 
12,050 5512,6645 1942,2651 16,9225 308,0321 9,6814 -0,4521 113,7061 0,7927 23,0000 
12,100 5527,8303 1944,8410 17,0424 307,4907 9,5915 -0,4537 113,3485 0,7924 23,0000 
12,150 5542,9736 1947,3886 17,1625 306,9535 9,5014 -0,4553 112,9927 0,7922 23,0000 
12,200 5558,0944 1949,9079 17,2829 306,4205 9,4111 -0,4568 112,6385 0,7919 23,0000 
12,250 5573,1930 1952,3991 17,4035 305,8916 9,3206 -0,4584 112,2861 0,7917 23,0000 
12,300 5588,2696 1954,8621 17,5243 305,3667 9,2300 -0,4599 111,9355 0,7914 23,0000 
12,350 5603,3242 1957,2971 17,6453 304,8459 9,1391 -0,4615 111,5865 0,7912 23,0000 
12,400 5618,3570 1959,7041 17,7666 304,3290 9,0481 -0,4630 111,2392 0,7909 23,0000 
12,450 5633,3682 1962,0831 17,8881 303,8159 8,9570 -0,4646 110,8935 0,7907 23,0000 
12,500 5648,3579 1964,4343 18,0099 303,3067 8,8656 -0,4661 110,5496 0,7904 23,0000 
12,550 5663,3263 1966,7576 18,1319 302,8012 8,7741 -0,4676 110,2073 0,7902 23,0000 
12,600 5678,2735 1969,0532 18,2541 302,2995 8,6824 -0,4692 109,8666 0,7900 23,0000 
12,650 5693,1996 1971,3211 18,3765 301,8014 8,5905 -0,4707 109,5276 0,7897 23,0000 
12,700 5708,1049 1973,5613 18,4991 301,3069 8,4985 -0,4722 109,1903 0,7895 23,0000 
12,750 5722,9893 1975,7739 18,6220 300,8160 8,4063 -0,4738 108,8545 0,7893 23,0000 
12,800 5737,8531 1977,9590 18,7451 300,3287 8,3139 -0,4753 108,5204 0,7891 23,0000 
12,850 5752,6963 1980,1166 18,8685 299,8448 8,2214 -0,4768 108,1878 0,7888 23,0000 
12,900 5767,5192 1982,2468 18,9920 299,3643 8,1287 -0,4783 107,8569 0,7886 23,0000 
12,950 5782,3218 1984,3495 19,1158 298,8872 8,0358 -0,4798 107,5275 0,7884 23,0000 
13,000 5797,1042 1986,4250 19,2398 298,4135 7,9427 -0,4813 107,1997 0,7882 23,0000 
13,050 5811,8666 1988,4731 19,3640 297,9430 7,8495 -0,4829 106,8735 0,7880 23,0000 
13,100 5826,6091 1990,4940 19,4884 297,4759 7,7561 -0,4844 106,5488 0,7878 23,0000 
13,150 5841,3319 1992,4878 19,6131 297,0119 7,6626 -0,4859 106,2257 0,7876 23,0000 
13,200 5856,0349 1994,4544 19,7380 296,5511 7,5689 -0,4874 105,9041 0,7874 23,0000 
13,250 5870,7184 1996,3939 19,8631 296,0935 7,4750 -0,4889 105,5840 0,7872 23,0000 
13,300 5885,3824 1998,3064 19,9884 295,6390 7,3810 -0,4904 105,2655 0,7870 23,0000 
13,350 5900,0271 2000,1919 20,1139 295,1875 7,2868 -0,4919 104,9484 0,7868 23,0000 
13,400 5914,6525 2002,0504 20,2397 294,7391 7,1924 -0,4934 104,6329 0,7866 23,0000 
13,450 5929,2588 2003,8821 20,3656 294,2937 7,0979 -0,4948 104,3188 0,7864 23,0000 
13,500 5943,8461 2005,6869 20,4918 293,8512 7,0032 -0,4963 104,0062 0,7862 23,0000 
13,550 5958,4145 2007,4648 20,6182 293,4117 6,9083 -0,4978 103,6951 0,7861 23,0000 
13,600 5972,9640 2009,2161 20,7448 292,9751 6,8133 -0,4993 103,3855 0,7859 23,0000 
13,650 5987,4948 2010,9406 20,8716 292,5413 6,7182 -0,5008 103,0773 0,7857 23,0000 
13,700 6002,0070 2012,6384 20,9986 292,1104 6,6229 -0,5023 102,7705 0,7855 23,0000 
13,750 6016,5007 2014,3096 21,1259 291,6823 6,5274 -0,5038 102,4652 0,7854 23,0000 
13,800 6030,9759 2015,9542 21,2533 291,2570 6,4317 -0,5052 102,1613 0,7852 23,0000 
13,850 6045,4328 2017,5722 21,3810 290,8344 6,3360 -0,5067 101,8589 0,7850 23,0000 
13,900 6059,8715 2019,1638 21,5089 290,4146 6,2400 -0,5082 101,5578 0,7849 23,0000 
13,950 6074,2920 2020,7289 21,6370 289,9974 6,1439 -0,5097 101,2582 0,7847 23,0000 
14,000 6088,6944 2022,2675 21,7653 289,5830 6,0477 -0,5111 100,9599 0,7846 23,0000 
14,050 6103,0789 2023,7798 21,8938 289,1711 5,9513 -0,5126 100,6630 0,7844 23,0000 
14,100 6117,4454 2025,2658 22,0225 288,7619 5,8547 -0,5141 100,3675 0,7843 23,0000 
14,150 6131,7942 2026,7254 22,1514 288,3552 5,7580 -0,5155 100,0734 0,7841 23,0000 
14,200 6146,1252 2028,1588 22,2806 287,9511 5,6611 -0,5170 99,7806 0,7840 23,0000 
14,250 6160,4386 2029,5659 22,4099 287,5496 5,5641 -0,5185 99,4892 0,7838 23,0000 
14,300 6174,7344 2030,9468 22,5394 287,1506 5,4670 -0,5199 99,1991 0,7837 23,0000 
14,350 6189,0128 2032,3016 22,6692 286,7540 5,3697 -0,5214 98,9103 0,7836 23,0000 
14,400 6203,2737 2033,6303 22,7992 286,3600 5,2722 -0,5228 98,6229 0,7834 23,0000 
14,450 6217,5174 2034,9330 22,9293 285,9684 5,1746 -0,5243 98,3368 0,7833 23,0000 
14,500 6231,7437 2036,2095 23,0597 285,5792 5,0769 -0,5257 98,0520 0,7832 23,0000 
14,550 6245,9530 2037,4601 23,1902 285,1924 4,9790 -0,5272 97,7685 0,7830 23,0000 
14,600 6260,1451 2038,6847 23,3210 284,8080 4,8809 -0,5287 97,4863 0,7829 23,0000 
14,650 6274,3202 2039,8834 23,4520 284,4259 4,7827 -0,5301 97,2054 0,7828 23,0000 
14,700 6288,4784 2041,0562 23,5832 284,0462 4,6844 -0,5316 96,9258 0,7827 23,0000 
14,750 6302,6197 2042,2032 23,7145 283,6688 4,5859 -0,5330 96,6474 0,7826 23,0000 
14,800 6316,7442 2043,3243 23,8461 283,2937 4,4873 -0,5345 96,3703 0,7824 23,0000 
14,850 6330,8520 2044,4196 23,9779 282,9209 4,3886 -0,5359 96,0945 0,7823 23,0000 
14,900 6344,9431 2045,4892 24,1099 282,5503 4,2897 -0,5374 95,8199 0,7822 23,0000 
14,950 6359,0176 2046,5331 24,2421 282,1820 4,1906 -0,5388 95,5465 0,7821 23,0000 
15,000 6373,0756 2047,5513 24,3744 281,8160 4,0914 -0,5402 95,2744 0,7820 23,0000 
15,050 6387,1171 2048,5438 24,5070 281,4521 3,9921 -0,5417 95,0035 0,7819 23,0000 
15,100 6401,1422 2049,5107 24,6398 281,0904 3,8927 -0,5431 94,7339 0,7818 23,0000 
15,150 6415,1510 2050,4521 24,7728 280,7309 3,7931 -0,5446 94,4654 0,7817 23,0000 
15,200 6429,1436 2051,3679 24,9059 280,3735 3,6933 -0,5460 94,1981 0,7816 23,0000 
15,250 6443,1199 2052,2581 25,0393 280,0183 3,5935 -0,5474 93,9321 0,7815 23,0000 
15,300 6457,0801 2053,1229 25,1729 279,6652 3,4935 -0,5489 93,6672 0,7815 23,0000 
15,350 6471,0242 2053,9623 25,3066 279,3142 3,3933 -0,5503 93,4035 0,7814 23,0000 
15,400 6484,9523 2054,7762 25,4406 278,9654 3,2930 -0,5518 93,1410 0,7813 23,0000 
15,450 6498,8644 2055,5647 25,5748 278,6185 3,1926 -0,5532 92,8796 0,7812 23,0000 
15,500 6512,7607 2056,3279 25,7091 278,2738 3,0921 -0,5546 92,6195 0,7811 23,0000 
15,550 6526,6411 2057,0658 25,8436 277,9311 2,9914 -0,5561 92,3604 0,7811 23,0000 
15,600 6540,5057 2057,7784 25,9784 277,5904 2,8906 -0,5575 92,1025 0,7810 23,0000 
15,650 6554,3545 2058,4657 26,1133 277,2518 2,7897 -0,5589 91,8458 0,7809 23,0000 
15,700 6568,1877 2059,1277 26,2484 276,9151 2,6886 -0,5604 91,5902 0,7809 23,0000 
15,750 6582,0053 2059,7646 26,3838 276,5804 2,5874 -0,5618 91,3357 0,7808 23,0000 
15,800 6595,8073 2060,3763 26,5193 276,2478 2,4861 -0,5632 91,0823 0,7807 23,0000 
15,850 6609,5939 2060,9629 26,6550 275,9170 2,3846 -0,5647 90,8301 0,7807 23,0000 
15,900 6623,3649 2061,5244 26,7909 275,5883 2,2831 -0,5661 90,5789 0,7806 23,0000 
15,950 6637,1206 2062,0608 26,9269 275,2614 2,1813 -0,5675 90,3289 0,7806 23,0000 
16,000 6650,8609 2062,5721 27,0632 274,9365 2,0795 -0,5689 90,0800 0,7805 23,0000 
16,050 6664,5859 2063,0584 27,1997 274,6135 1,9776 -0,5704 89,8321 0,7805 23,0000 
16,100 6678,2956 2063,5197 27,3363 274,2924 1,8755 -0,5718 89,5853 0,7804 23,0000 
16,150 6691,9902 2063,9561 27,4732 273,9732 1,7733 -0,5732 89,3396 0,7804 23,0000 
16,200 6705,6696 2064,3675 27,6102 273,6559 1,6709 -0,5746 89,0950 0,7803 23,0000 
16,250 6719,3339 2064,7541 27,7474 273,3404 1,5685 -0,5761 88,8514 0,7803 23,0000 
16,300 6732,9832 2065,1157 27,8848 273,0268 1,4659 -0,5775 88,6089 0,7803 23,0000 
16,350 6746,6175 2065,4525 28,0224 272,7150 1,3632 -0,5789 88,3675 0,7802 23,0000 
16,400 6760,2368 2065,7645 28,1602 272,4051 1,2604 -0,5803 88,1270 0,7802 23,0000 
16,450 6773,8412 2066,0517 28,2982 272,0969 1,1575 -0,5818 87,8877 0,7802 23,0000 
16,500 6787,4307 2066,3142 28,4363 271,7906 1,0544 -0,5832 87,6493 0,7801 23,0000 
16,550 6801,0054 2066,5519 28,5747 271,4861 0,9512 -0,5846 87,4120 0,7801 23,0000 
16,600 6814,5654 2066,7649 28,7132 271,1834 0,8480 -0,5860 87,1757 0,7801 23,0000 
16,650 6828,1106 2066,9532 28,8519 270,8824 0,7446 -0,5875 86,9404 0,7801 23,0000 
16,700 6841,6411 2067,1169 28,9908 270,5832 0,6410 -0,5889 86,7061 0,7801 23,0000 
16,750 6855,1570 2067,2560 29,1299 270,2858 0,5374 -0,5903 86,4729 0,7800 23,0000 
16,800 6868,6583 2067,3704 29,2692 269,9901 0,4337 -0,5917 86,2406 0,7800 23,0000 
16,850 6882,1451 2067,4603 29,4086 269,6962 0,3298 -0,5931 86,0093 0,7800 23,0000 
16,900 6895,6173 2067,5257 29,5483 269,4040 0,2258 -0,5946 85,7790 0,7800 23,0000 
16,950 6909,0751 2067,5665 29,6881 269,1135 0,1217 -0,5960 85,5497 0,7800 23,0000 
17,000 6922,5185 2067,5829 29,8281 268,8247 0,0175 -0,5974 85,3214 0,7800 23,0000 
17,050 6935,9474 2067,5748 29,9683 268,5376 -0,0868 -0,5988 85,0940 0,7800 23,0000 
17,100 6949,3620 2067,5422 30,1087 268,2522 -0,1912 -0,6002 84,8676 0,7800 23,0000 
17,150 6962,7623 2067,4853 30,2492 267,9685 -0,2957 -0,6016 84,6421 0,7800 23,0000 
17,200 6976,1484 2067,4039 30,3899 267,6865 -0,4003 -0,6031 84,4176 0,7800 23,0000 
17,250 6989,5202 2067,2982 30,5309 267,4061 -0,5051 -0,6045 84,1941 0,7800 23,0000 
17,300 7002,8778 2067,1682 30,6720 267,1274 -0,6099 -0,6059 83,9715 0,7800 23,0000 
17,350 7016,2213 2067,0139 30,8132 266,8504 -0,7149 -0,6073 83,7498 0,7801 23,0000 
17,400 7029,5506 2066,8353 30,9547 266,5750 -0,8199 -0,6087 83,5291 0,7801 23,0000 
17,450 7042,8659 2066,6324 31,0963 266,3012 -0,9251 -0,6101 83,3093 0,7801 23,0000 
17,500 7056,1671 2066,4053 31,2381 266,0290 -1,0304 -0,6116 83,0904 0,7801 23,0000 
17,550 7069,4544 2066,1541 31,3801 265,7585 -1,1357 -0,6130 82,8724 0,7801 23,0000 
17,600 7082,7276 2065,8786 31,5223 265,4879 -1,2412 -0,6144 82,6553 0,7802 23,0000 
17,650 7095,9866 2065,5790 31,6646 265,2104 -1,3468 -0,6158 82,4392 0,7802 23,0000 
17,700 7109,2312 2065,2553 31,8072 264,9345 -1,4524 -0,6173 82,2239 0,7802 23,0000 
17,750 7122,4615 2064,9075 31,9499 264,6600 -1,5582 -0,6187 82,0095 0,7803 23,0000 
17,800 7135,6773 2064,5356 32,0928 264,3871 -1,6641 -0,6202 81,7960 0,7803 23,0000 
17,850 7148,8789 2064,1397 32,2358 264,1156 -1,7701 -0,6216 81,5834 0,7804 23,0000 
17,900 7162,0662 2063,7198 32,3791 263,8456 -1,8762 -0,6230 81,3717 0,7804 23,0000 
17,950 7175,2392 2063,2759 32,5225 263,5771 -1,9824 -0,6245 81,1608 0,7804 23,0000 
18,000 7188,3981 2062,8080 32,6661 263,3101 -2,0886 -0,6259 80,9508 0,7805 23,0000 
18,050 7201,5427 2062,3162 32,8099 263,0446 -2,1950 -0,6274 80,7416 0,7805 23,0000 
18,100 7214,6732 2061,8006 32,9538 262,7806 -2,3015 -0,6288 80,5333 0,7806 23,0000 
18,150 7227,7895 2061,2610 33,0979 262,5180 -2,4081 -0,6303 80,3259 0,7806 23,0000 
18,200 7240,8917 2060,6976 33,2422 262,2569 -2,5148 -0,6317 80,1192 0,7807 23,0000 
18,250 7253,9799 2060,1103 33,3867 261,9972 -2,6215 -0,6332 79,9135 0,7808 23,0000 
18,300 7267,0540 2059,4992 33,5314 261,7390 -2,7284 -0,6346 79,7085 0,7808 23,0000 
18,350 7280,1141 2058,8644 33,6762 261,4823 -2,8353 -0,6361 79,5044 0,7809 23,0000 
18,400 7293,1601 2058,2058 33,8212 261,2270 -2,9424 -0,6375 79,3012 0,7809 23,0000 
18,450 7306,1923 2057,5235 33,9664 260,9732 -3,0495 -0,6389 79,0987 0,7810 23,0000 
18,500 7319,2105 2056,8174 34,1117 260,7208 -3,1568 -0,6404 78,8971 0,7811 23,0000 
18,550 7332,2148 2056,0877 34,2572 260,4699 -3,2641 -0,6418 78,6963 0,7812 23,0000 
18,600 7345,2052 2055,3344 34,4029 260,2204 -3,3715 -0,6433 78,4963 0,7812 23,0000 
18,650 7358,1818 2054,5574 34,5488 259,9723 -3,4790 -0,6447 78,2970 0,7813 23,0000 
18,700 7371,1445 2053,7568 34,6948 259,7257 -3,5866 -0,6462 78,0986 0,7814 23,0000 
18,750 7384,0935 2052,9326 34,8410 259,4804 -3,6943 -0,6476 77,9010 0,7815 23,0000 
18,800 7397,0287 2052,0849 34,9874 259,2367 -3,8021 -0,6491 77,7042 0,7816 23,0000 
18,850 7409,9501 2051,2136 35,1339 258,9943 -3,9099 -0,6505 77,5082 0,7817 23,0000 
18,900 7422,8578 2050,3188 35,2807 258,7533 -4,0179 -0,6520 77,3129 0,7817 23,0000 
18,950 7435,7519 2049,4006 35,4276 258,5138 -4,1259 -0,6534 77,1185 0,7818 23,0000 
19,000 7448,6323 2048,4589 35,5746 258,2757 -4,2340 -0,6549 76,9248 0,7819 23,0000 
19,050 7461,4990 2047,4937 35,7218 258,0389 -4,3422 -0,6563 76,7319 0,7820 23,0000 
19,100 7474,3521 2046,5052 35,8692 257,8036 -4,4505 -0,6578 76,5397 0,7821 23,0000 
19,150 7487,1917 2045,4933 36,0168 257,5697 -4,5588 -0,6592 76,3483 0,7822 23,0000 
19,200 7500,0177 2044,4580 36,1646 257,3371 -4,6673 -0,6607 76,1577 0,7823 23,0000 
19,250 7512,8302 2043,3993 36,3125 257,1060 -4,7758 -0,6621 75,9678 0,7824 23,0000 
19,300 7525,6291 2042,3174 36,4605 256,8762 -4,8844 -0,6636 75,7787 0,7825 23,0000 
19,350 7538,4146 2041,2122 36,6088 256,6479 -4,9931 -0,6650 75,5903 0,7827 23,0000 
19,400 7551,1866 2040,0837 36,7572 256,4209 -5,1018 -0,6665 75,4027 0,7828 23,0000 
19,450 7563,9452 2038,9319 36,9058 256,1953 -5,2106 -0,6679 75,2158 0,7829 23,0000 
19,500 7576,6904 2037,7570 37,0545 255,9710 -5,3195 -0,6694 75,0297 0,7830 23,0000 
19,550 7589,4222 2036,5588 37,2034 255,7482 -5,4285 -0,6708 74,8443 0,7831 23,0000 
19,600 7602,1406 2035,3375 37,3525 255,5267 -5,5375 -0,6723 74,6596 0,7833 23,0000 
19,650 7614,8457 2034,0931 37,5017 255,3065 -5,6467 -0,6737 74,4756 0,7834 23,0000 
19,700 7627,5375 2032,8255 37,6511 255,0877 -5,7559 -0,6752 74,2924 0,7835 23,0000 
19,750 7640,2160 2031,5348 37,8007 254,8703 -5,8651 -0,6766 74,1099 0,7836 23,0000 
19,800 7652,8813 2030,2210 37,9504 254,6542 -5,9744 -0,6781 73,9281 0,7838 23,0000 
19,850 7665,5333 2028,8842 38,1003 254,4395 -6,0838 -0,6795 73,7470 0,7839 23,0000 
19,900 7678,1721 2027,5244 38,2504 254,2261 -6,1933 -0,6810 73,5666 0,7840 23,0000 
19,950 7690,7977 2026,1416 38,4006 254,0141 -6,3029 -0,6824 73,3869 0,7842 23,0000 
20,000 7703,4102 2024,7357 38,5510 253,8034 -6,4125 -0,6839 73,2079 0,7843 23,0000 
20,050 7716,0095 2023,3070 38,7015 253,5940 -6,5221 -0,6853 73,0296 0,7845 23,0000 
20,100 7728,5957 2021,8553 38,8522 253,3860 -6,6319 -0,6868 72,8521 0,7846 23,0000 
20,150 7741,1688 2020,3806 39,0031 253,1793 -6,7417 -0,6882 72,6752 0,7848 23,0000 
20,200 7753,7288 2018,8831 39,1542 252,9739 -6,8515 -0,6897 72,4989 0,7849 23,0000 
20,250 7766,2757 2017,3628 39,3054 252,7699 -6,9614 -0,6911 72,3234 0,7851 23,0000 
20,300 7778,8097 2015,8195 39,4567 252,5672 -7,0714 -0,6926 72,1486 0,7852 23,0000 
20,350 7791,3306 2014,2535 39,6082 252,3657 -7,1815 -0,6940 71,9744 0,7854 23,0000 
20,400 7803,8385 2012,6647 39,7599 252,1656 -7,2916 -0,6955 71,8009 0,7855 23,0000 
20,450 7816,3335 2011,0531 39,9118 251,9668 -7,4017 -0,6970 71,6281 0,7857 23,0000 
20,500 7828,8155 2009,4187 40,0637 251,7693 -7,5119 -0,6984 71,4559 0,7859 23,0000 
20,550 7841,2846 2007,7616 40,2159 251,5731 -7,6222 -0,6999 71,2844 0,7860 23,0000 
20,600 7853,7408 2006,0818 40,3682 251,3782 -7,7325 -0,7013 71,1136 0,7862 23,0000 
20,650 7866,1842 2004,3794 40,5207 251,1846 -7,8429 -0,7028 70,9434 0,7864 23,0000 
20,700 7878,6146 2002,6542 40,6733 250,9923 -7,9534 -0,7042 70,7739 0,7866 23,0000 
20,750 7891,0323 2000,9065 40,8261 250,8013 -8,0639 -0,7057 70,6051 0,7867 23,0000 
20,800 7903,4371 1999,1361 40,9791 250,6116 -8,1744 -0,7071 70,4369 0,7869 23,0000 
20,850 7915,8292 1997,3431 41,1322 250,4231 -8,2850 -0,7086 70,2693 0,7871 23,0000 
20,900 7928,2084 1995,5276 41,2854 250,2359 -8,3956 -0,7100 70,1024 0,7873 23,0000 
20,950 7940,5749 1993,6895 41,4389 250,0500 -8,5063 -0,7115 69,9361 0,7875 23,0000 
21,000 7952,9287 1991,8289 41,5924 249,8654 -8,6171 -0,7130 69,7704 0,7877 23,0000 
21,050 7965,2698 1989,9457 41,7462 249,6820 -8,7279 -0,7144 69,6054 0,7878 23,0000 
21,100 7977,5982 1988,0401 41,9001 249,4999 -8,8387 -0,7159 69,4410 0,7880 23,0000 
21,150 7989,9139 1986,1121 42,0541 249,3191 -8,9496 -0,7173 69,2773 0,7882 23,0000 
21,200 8002,2170 1984,1616 42,2083 249,1395 -9,0605 -0,7188 69,1142 0,7884 23,0000 
21,250 8014,5074 1982,1887 42,3626 248,9612 -9,1715 -0,7202 68,9516 0,7886 23,0000 
21,300 8026,7852 1980,1934 42,5171 248,7841 -9,2825 -0,7217 68,7898 0,7888 23,0000 
21,350 8039,0505 1978,1758 42,6718 248,6083 -9,3936 -0,7232 68,6285 0,7890 23,0000 
21,400 8051,3031 1976,1358 42,8266 248,4337 -9,5047 -0,7246 68,4678 0,7892 23,0000 
21,450 8063,5432 1974,0735 42,9816 248,2603 -9,6158 -0,7261 68,3078 0,7895 23,0000 
21,500 8075,7708 1971,9888 43,1367 248,0882 -9,7270 -0,7275 68,1484 0,7897 23,0000 
21,550 8087,9859 1969,8819 43,2920 247,9174 -9,8382 -0,7290 67,9895 0,7899 23,0000 
21,600 8100,1884 1967,7528 43,4474 247,7477 -9,9494 -0,7305 67,8313 0,7901 23,0000 
21,650 8112,3785 1965,6014 43,6030 247,5793 -10,0607 -0,7319 67,6737 0,7903 23,0000 
21,700 8124,5562 1963,4278 43,7587 247,4121 -10,1720 -0,7334 67,5166 0,7905 23,0000 
21,750 8136,7214 1961,2320 43,9146 247,2461 -10,2834 -0,7348 67,3602 0,7908 23,0000 
21,800 8148,8741 1959,0140 44,0706 247,0814 -10,3948 -0,7363 67,2044 0,7910 23,0000 
21,850 8161,0145 1956,7739 44,2268 246,9179 -10,5062 -0,7378 67,0491 0,7912 23,0000 
21,900 8173,1425 1954,5117 44,3831 246,7555 -10,6177 -0,7392 66,8945 0,7914 23,0000 
21,950 8185,2581 1952,2273 44,5396 246,5944 -10,7292 -0,7407 66,7404 0,7917 23,0000 
22,000 8197,3614 1949,9209 44,6962 246,4345 -10,8407 -0,7422 66,5869 0,7919 23,0000 
22,050 8209,4524 1947,5924 44,8530 246,2758 -10,9522 -0,7436 66,4340 0,7921 23,0000 
22,100 8221,5310 1945,2419 45,0099 246,1183 -11,0638 -0,7451 66,2816 0,7924 23,0000 
22,150 8233,5974 1942,8694 45,1670 245,9620 -11,1754 -0,7465 66,1299 0,7926 23,0000 
22,200 8245,6514 1940,4749 45,3242 245,8068 -11,2870 -0,7480 65,9787 0,7929 23,0000 
22,250 8257,6933 1938,0584 45,4816 245,6529 -11,3987 -0,7495 65,8281 0,7931 23,0000 
22,300 8269,7228 1935,6199 45,6391 245,5001 -11,5103 -0,7509 65,6780 0,7934 23,0000 
22,350 8281,7402 1933,1596 45,7968 245,3486 -11,6220 -0,7524 65,5285 0,7936 23,0000 
22,400 8293,7453 1930,6773 45,9546 245,1982 -11,7338 -0,7539 65,3796 0,7939 23,0000 
22,450 8305,7383 1928,1731 46,1125 245,0490 -11,8455 -0,7553 65,2312 0,7941 23,0000 
22,500 8317,7190 1925,6471 46,2706 244,9009 -11,9573 -0,7568 65,0834 0,7944 23,0000 
22,550 8329,6876 1923,0992 46,4289 244,7540 -12,0690 -0,7582 64,9362 0,7946 23,0000 
22,600 8341,6441 1920,5295 46,5873 244,6083 -12,1808 -0,7597 64,7895 0,7949 23,0000 
22,650 8353,5885 1917,9380 46,7458 244,4637 -12,2927 -0,7612 64,6433 0,7952 23,0000 
22,700 8365,5207 1915,3248 46,9045 244,3203 -12,4045 -0,7626 64,4977 0,7954 23,0000 
22,750 8377,4409 1912,6898 47,0633 244,1781 -12,5163 -0,7641 64,3527 0,7957 23,0000 
22,800 8389,3490 1910,0330 47,2223 244,0370 -12,6282 -0,7656 64,2082 0,7960 23,0000 
22,850 8401,2450 1907,3545 47,3814 243,8971 -12,7401 -0,7670 64,0642 0,7963 23,0000 
22,900 8413,1290 1904,6544 47,5407 243,7583 -12,8520 -0,7685 63,9208 0,7965 23,0000 
22,950 8425,0009 1901,9326 47,7001 243,6206 -12,9639 -0,7700 63,7779 0,7968 23,0000 
23,000 8436,8608 1899,1891 47,8596 243,4841 -13,0758 -0,7714 63,6355 0,7971 23,0000 
23,050 8448,7088 1896,4240 48,0193 243,3487 -13,1877 -0,7729 63,4937 0,7974 23,0000 
23,100 8460,5448 1893,6373 48,1791 243,2145 -13,2996 -0,7744 63,3524 0,7977 23,0000 
23,150 8472,3688 1890,8290 48,3391 243,0813 -13,4116 -0,7759 63,2117 0,7979 23,0000 
23,200 8484,1808 1887,9992 48,4992 242,9493 -13,5235 -0,7773 63,0714 0,7982 23,0000 
23,250 8495,9809 1885,1478 48,6595 242,8185 -13,6355 -0,7788 62,9317 0,7985 23,0000 
23,300 8507,7691 1882,2749 48,8199 242,6887 -13,7474 -0,7803 62,7925 0,7988 23,0000 
23,350 8519,5454 1879,3805 48,9804 242,5601 -13,8594 -0,7817 62,6539 0,7991 23,0000 
23,400 8531,3098 1876,4646 49,1411 242,4325 -13,9714 -0,7832 62,5157 0,7994 23,0000 
23,450 8543,0623 1873,5273 49,3019 242,3061 -14,0833 -0,7847 62,3781 0,7997 23,0000 
23,500 8554,8030 1870,5685 49,4628 242,1808 -14,1953 -0,7861 62,2410 0,8000 23,0000 
23,550 8566,5318 1867,5883 49,6239 242,0566 -14,3073 -0,7876 62,1044 0,8003 23,0000 
23,600 8578,2488 1864,5867 49,7851 241,9334 -14,4193 -0,7891 61,9683 0,8006 23,0000 
23,650 8589,9540 1861,5638 49,9465 241,8114 -14,5312 -0,7906 61,8327 0,8010 23,0000 
23,700 8601,6474 1858,5195 50,1080 241,6905 -14,6432 -0,7920 61,6976 0,8013 23,0000 
23,750 8613,3290 1855,4539 50,2696 241,5706 -14,7552 -0,7935 61,5631 0,8016 23,0000 
23,800 8624,9988 1852,3670 50,4314 241,4519 -14,8671 -0,7950 61,4290 0,8019 23,0000 
23,850 8636,6568 1849,2588 50,5933 241,3342 -14,9791 -0,7964 61,2954 0,8022 23,0000 
23,900 8648,3031 1846,1293 50,7554 241,2176 -15,0910 -0,7979 61,1624 0,8025 23,0000 
23,950 8659,9377 1842,9786 50,9176 241,1021 -15,2030 -0,7994 61,0298 0,8029 23,0000 
24,000 8671,5606 1839,8067 51,0799 240,9876 -15,3149 -0,8009 60,8977 0,8032 23,0000 
24,050 8683,1717 1836,6136 51,2423 240,8743 -15,4268 -0,8023 60,7661 0,8035 23,0000 
24,100 8694,7712 1833,3993 51,4049 240,7619 -15,5387 -0,8038 60,6350 0,8038 23,0000 
24,150 8706,3590 1830,1638 51,5677 240,6507 -15,6507 -0,8053 60,5044 0,8042 23,0000 
24,200 8717,9351 1826,9072 51,7305 240,5405 -15,7625 -0,8068 60,3743 0,8045 23,0000 
24,250 8729,4996 1823,6295 51,8935 240,4313 -15,8744 -0,8082 60,2447 0,8049 23,0000 
24,300 8741,0524 1820,3307 52,0567 240,3232 -15,9863 -0,8097 60,1156 0,8052 23,0000 
24,350 8752,5936 1817,0108 52,2199 240,2162 -16,0982 -0,8112 59,9869 0,8055 23,0000 
24,400 8764,1232 1813,6699 52,3833 240,1102 -16,2100 -0,8127 59,8587 0,8059 23,0000 
24,450 8775,6412 1810,3079 52,5468 240,0052 -16,3218 -0,8141 59,7310 0,8062 23,0000 
24,500 8787,1476 1806,9250 52,7105 239,9013 -16,4336 -0,8156 59,6038 0,8066 23,0000 
24,550 8798,6424 1803,5210 52,8743 239,7984 -16,5454 -0,8171 59,4770 0,8069 23,0000 
24,600 8810,1257 1800,0961 53,0382 239,6966 -16,6572 -0,8186 59,3508 0,8073 23,0000 
24,650 8821,5974 1796,6503 53,2023 239,5958 -16,7689 -0,8201 59,2250 0,8076 23,0000 
24,700 8833,0576 1793,1835 53,3664 239,4960 -16,8807 -0,8215 59,0996 0,8080 23,0000 
24,750 8844,5063 1789,6958 53,5308 239,3972 -16,9924 -0,8230 58,9748 0,8084 23,0000 
24,800 8855,9434 1786,1873 53,6952 239,2994 -17,1040 -0,8245 58,8504 0,8087 23,0000 
24,850 8867,3691 1782,6578 53,8598 239,2027 -17,2157 -0,8260 58,7264 0,8091 23,0000 
24,900 8878,7832 1779,1076 54,0245 239,1069 -17,3273 -0,8274 58,6030 0,8095 23,0000 
24,950 8890,1859 1775,5365 54,1893 239,0122 -17,4390 -0,8289 58,4799 0,8098 23,0000 
25,000 8901,5772 1771,9446 54,3543 238,9185 -17,5505 -0,8304 58,3574 0,8102 23,0000 
25,050 8912,9569 1768,3320 54,5194 238,8258 -17,6621 -0,8319 58,2353 0,8106 23,0000 
25,100 8924,3253 1764,6986 54,6846 238,7341 -17,7736 -0,8334 58,1137 0,8110 23,0000 
25,150 8935,6822 1761,0445 54,8499 238,6433 -17,8851 -0,8349 57,9925 0,8113 23,0000 
25,200 8947,0276 1757,3697 55,0154 238,5536 -17,9966 -0,8363 57,8718 0,8117 23,0000 
25,250 8958,3617 1753,6741 55,1810 238,4648 -18,1081 -0,8378 57,7515 0,8121 23,0000 
25,300 8969,6844 1749,9579 55,3467 238,3771 -18,2195 -0,8393 57,6317 0,8125 23,0000 
25,350 8980,9957 1746,2211 55,5126 238,2903 -18,3308 -0,8408 57,5123 0,8129 23,0000 
25,400 8992,2956 1742,4636 55,6786 238,2045 -18,4422 -0,8423 57,3934 0,8133 23,0000 
25,450 9003,5842 1738,6856 55,8447 238,1197 -18,5535 -0,8437 57,2750 0,8137 23,0000 
25,500 9014,8614 1734,8869 56,0109 238,0358 -18,6648 -0,8452 57,1569 0,8141 23,0000 
25,550 9026,1273 1731,0677 56,1772 237,9529 -18,7760 -0,8467 57,0393 0,8145 23,0000 
25,600 9037,3818 1727,2279 56,3437 237,8710 -18,8872 -0,8482 56,9222 0,8149 23,0000 
25,650 9048,6251 1723,3677 56,5103 237,7900 -18,9984 -0,8497 56,8055 0,8153 23,0000 
25,700 9059,8570 1719,4869 56,6770 237,7100 -19,1095 -0,8512 56,6892 0,8157 23,0000 
25,750 9071,0776 1715,5856 56,8439 237,6309 -19,2206 -0,8527 56,5734 0,8161 23,0000 
25,800 9082,2870 1711,6639 57,0109 237,5528 -19,3317 -0,8541 56,4580 0,8165 23,0000 
25,850 9093,4850 1707,7218 57,1780 237,4757 -19,4427 -0,8556 56,3431 0,8169 23,0000 
25,900 9104,6718 1703,7593 57,3452 237,3994 -19,5536 -0,8571 56,2286 0,8173 23,0000 
25,950 9115,8474 1699,7763 57,5125 237,3242 -19,6645 -0,8586 56,1145 0,8177 23,0000 
26,000 9127,0117 1695,7730 57,6800 237,2498 -19,7754 -0,8601 56,0008 0,8181 23,0000 
26,050 9138,1647 1691,7493 57,8476 237,1764 -19,8863 -0,8616 55,8876 0,8186 23,0000 
26,100 9149,3066 1687,7054 58,0153 237,1039 -19,9971 -0,8631 55,7748 0,8190 23,0000 
26,150 9160,4372 1683,6411 58,1831 237,0324 -20,1078 -0,8646 55,6624 0,8194 23,0000 
26,200 9171,5566 1679,5565 58,3510 236,9617 -20,2185 -0,8660 55,5505 0,8198 23,0000 
26,250 9182,6649 1675,4517 58,5191 236,8920 -20,3291 -0,8675 55,4390 0,8203 23,0000 
26,300 9193,7619 1671,3266 58,6873 236,8232 -20,4397 -0,8690 55,3279 0,8207 23,0000 
26,350 9204,8478 1667,1813 58,8556 236,7553 -20,5503 -0,8705 55,2172 0,8211 23,0000 
26,400 9215,9225 1663,0158 59,0240 236,6884 -20,6608 -0,8720 55,1069 0,8216 23,0000 
26,450 9226,9860 1658,8301 59,1925 236,6223 -20,7712 -0,8735 54,9971 0,8220 23,0000 
26,500 9238,0384 1654,6243 59,3612 236,5571 -20,8816 -0,8750 54,8877 0,8224 23,0000 
26,550 9249,0797 1650,3983 59,5299 236,4929 -20,9920 -0,8765 54,7787 0,8229 23,0000 
26,600 9260,1098 1646,1522 59,6988 236,4295 -21,1023 -0,8780 54,6701 0,8233 23,0000 
26,650 9271,1289 1641,8860 59,8678 236,3670 -21,2125 -0,8795 54,5619 0,8238 23,0000 
26,700 9282,1368 1637,5998 60,0370 236,3054 -21,3227 -0,8809 54,4541 0,8242 23,0000 
26,750 9293,1336 1633,2935 60,2062 236,2447 -21,4328 -0,8824 54,3468 0,8247 23,0000 
26,800 9304,1193 1628,9672 60,3755 236,1849 -21,5429 -0,8839 54,2398 0,8251 23,0000 
26,850 9315,0939 1624,6208 60,5450 236,1260 -21,6529 -0,8854 54,1333 0,8256 23,0000 
26,900 9326,0575 1620,2545 60,7146 236,0679 -21,7629 -0,8869 54,0272 0,8261 23,0000 
26,950 9337,0100 1615,8683 60,8843 236,0107 -21,8728 -0,8884 53,9215 0,8265 23,0000 
27,000 9347,9514 1611,4620 61,0541 235,9544 -21,9826 -0,8899 53,8161 0,8270 23,0000 
27,050 9358,8818 1607,0359 61,2240 235,8989 -22,0924 -0,8914 53,7112 0,8275 23,0000 
27,100 9369,8011 1602,5899 61,3941 235,8443 -22,2021 -0,8929 53,6067 0,8279 23,0000 
27,150 9380,7095 1598,1240 61,5642 235,7905 -22,3117 -0,8944 53,5026 0,8284 23,0000 
27,200 9391,6068 1593,6382 61,7345 235,7376 -22,4213 -0,8959 53,3989 0,8289 23,0000 
27,250 9402,4930 1589,1326 61,9049 235,6856 -22,5308 -0,8974 53,2956 0,8294 23,0000 
27,300 9413,3683 1584,6072 62,0753 235,6344 -22,6403 -0,8989 53,1927 0,8298 23,0000 
27,350 9424,2326 1580,0620 62,2459 235,5840 -22,7497 -0,9004 53,0902 0,8303 23,0000 
27,400 9435,0859 1575,4970 62,4167 235,5345 -22,8590 -0,9019 52,9880 0,8308 23,0000 
27,450 9445,9282 1570,9123 62,5875 235,4859 -22,9683 -0,9034 52,8863 0,8313 23,0000 
27,500 9456,7595 1566,3079 62,7584 235,4380 -23,0775 -0,9049 52,7850 0,8318 23,0000 
27,550 9467,5799 1561,6837 62,9295 235,3910 -23,1866 -0,9064 52,6841 0,8323 23,0000 
27,600 9478,3893 1557,0399 63,1006 235,3448 -23,2956 -0,9079 52,5835 0,8328 23,0000 
27,650 9489,1878 1552,3764 63,2719 235,2994 -23,4046 -0,9094 52,4833 0,8332 23,0000 
27,700 9499,9753 1547,6933 63,4432 235,2549 -23,5135 -0,9109 52,3836 0,8337 23,0000 
27,750 9510,7519 1542,9906 63,6147 235,2112 -23,6224 -0,9124 52,2842 0,8342 23,0000 
27,800 9521,5175 1538,2682 63,7863 235,1682 -23,7312 -0,9139 52,1852 0,8347 23,0000 
27,850 9532,2723 1533,5263 63,9580 235,1261 -23,8399 -0,9154 52,0866 0,8352 23,0000 
27,900 9543,0161 1528,7649 64,1298 235,0848 -23,9485 -0,9169 51,9884 0,8358 23,0000 
27,950 9553,7490 1523,9839 64,3017 235,0443 -24,0570 -0,9184 51,8905 0,8363 23,0000 
28,000 9564,4711 1519,1834 64,4737 235,0046 -24,1655 -0,9199 51,7931 0,8368 23,0000 
28,050 9575,1822 1514,3634 64,6458 234,9657 -24,2739 -0,9214 51,6960 0,8373 23,0000 
28,100 9585,8825 1509,5240 64,8181 234,9276 -24,3822 -0,9229 51,5993 0,8378 23,0000 
28,150 9596,5719 1504,6651 64,9904 234,8903 -24,4905 -0,9244 51,5030 0,8383 23,0000 
28,200 9607,2504 1499,7868 65,1628 234,8537 -24,5986 -0,9259 51,4071 0,8388 23,0000 
28,250 9617,9180 1494,8891 65,3354 234,8180 -24,7067 -0,9274 51,3115 0,8394 23,0000 
28,300 9628,5748 1489,9721 65,5080 234,7830 -24,8147 -0,9289 51,2163 0,8399 23,0000 
28,350 9639,2208 1485,0356 65,6808 234,7488 -24,9227 -0,9304 51,1215 0,8404 23,0000 
28,400 9649,8559 1480,0799 65,8536 234,7153 -25,0305 -0,9319 51,0271 0,8409 23,0000 
28,450 9660,4802 1475,1048 66,0266 234,6826 -25,1383 -0,9334 50,9330 0,8415 23,0000 
28,500 9671,0936 1470,1105 66,1996 234,6507 -25,2460 -0,9349 50,8394 0,8420 23,0000 
28,550 9681,6963 1465,0969 66,3728 234,6196 -25,3536 -0,9364 50,7460 0,8426 23,0000 
28,600 9692,2881 1460,0640 66,5461 234,5892 -25,4611 -0,9379 50,6531 0,8431 23,0000 
28,650 9702,8691 1455,0119 66,7194 234,5595 -25,5685 -0,9394 50,5605 0,8436 23,0000 
28,700 9713,4393 1449,9406 66,8929 234,5306 -25,6759 -0,9409 50,4683 0,8442 23,0000 
28,750 9723,9987 1444,8502 67,0664 234,5025 -25,7831 -0,9424 50,3765 0,8447 23,0000 
28,800 9734,5474 1439,7406 67,2401 234,4751 -25,8903 -0,9439 50,2850 0,8453 23,0000 
28,850 9745,0852 1434,6118 67,4139 234,4484 -25,9974 -0,9454 50,1939 0,8458 23,0000 
28,900 9755,6123 1429,4640 67,5877 234,4225 -26,1044 -0,9470 50,1032 0,8464 23,0000 
28,950 9766,1286 1424,2971 67,7617 234,3973 -26,2113 -0,9485 50,0128 0,8469 23,0000 
29,000 9776,6342 1419,1111 67,9358 234,3728 -26,3182 -0,9500 49,9228 0,8475 23,0000 
29,050 9787,1290 1413,9060 68,1099 234,3491 -26,4249 -0,9515 49,8331 0,8481 23,0000 
29,100 9797,6130 1408,6820 68,2842 234,3260 -26,5316 -0,9530 49,7439 0,8486 23,0000 
29,150 9808,0863 1403,4389 68,4585 234,3037 -26,6381 -0,9545 49,6549 0,8492 23,0000 
29,200 9818,5489 1398,1769 68,6330 234,2821 -26,7446 -0,9560 49,5664 0,8497 23,0000 
29,250 9829,0007 1392,8959 68,8075 234,2612 -26,8510 -0,9575 49,4782 0,8503 23,0000 
29,300 9839,4418 1387,5960 68,9822 234,2411 -26,9573 -0,9590 49,3903 0,8509 23,0000 
29,350 9849,8722 1382,2772 69,1569 234,2216 -27,0634 -0,9605 49,3028 0,8515 23,0000 
29,400 9860,2919 1376,9394 69,3317 234,2028 -27,1695 -0,9620 49,2157 0,8520 23,0000 
29,450 9870,7008 1371,5829 69,5067 234,1847 -27,2755 -0,9636 49,1289 0,8526 23,0000 
29,500 9881,0991 1366,2075 69,6817 234,1674 -27,3815 -0,9651 49,0425 0,8532 23,0000 
29,550 9891,4867 1360,8132 69,8568 234,1507 -27,4873 -0,9666 48,9564 0,8538 23,0000 
29,600 9901,8635 1355,4002 70,0320 234,1347 -27,5930 -0,9681 48,8707 0,8544 23,0000 
29,650 9912,2297 1349,9684 70,2073 234,1193 -27,6986 -0,9696 48,7853 0,8550 23,0000 
29,700 9922,5852 1344,5179 70,3827 234,1047 -27,8041 -0,9711 48,7003 0,8555 23,0000 
29,750 9932,9300 1339,0486 70,5582 234,0907 -27,9096 -0,9726 48,6156 0,8561 23,0000 
29,800 9943,2642 1333,5606 70,7338 234,0774 -28,0149 -0,9741 48,5313 0,8567 23,0000 
29,850 9953,5877 1328,0540 70,9095 234,0648 -28,1201 -0,9756 48,4473 0,8573 23,0000 
29,900 9963,9005 1322,5287 71,0852 234,0528 -28,2253 -0,9772 48,3637 0,8579 23,0000 
29,950 9974,2027 1316,9847 71,2611 234,0415 -28,3303 -0,9787 48,2804 0,8585 23,0000 
30,000 9984,4942 1311,4221 71,4370 234,0309 -28,4352 -0,9802 48,1975 0,8591 23,0000 
30,050 9994,7751 1305,8410 71,6130 234,0209 -28,5400 -0,9817 48,1149 0,8598 23,0000 
30,100 10005,0453 1300,2413 71,7892 234,0116 -28,6448 -0,9832 48,0327 0,8604 23,0000 
30,150 10015,3049 1294,6230 71,9654 234,0029 -28,7494 -0,9847 47,9508 0,8610 23,0000 
30,200 10025,5539 1288,9862 72,1417 233,9948 -28,8539 -0,9862 47,8692 0,8616 23,0000 
30,250 10035,7923 1283,3309 72,3181 233,9874 -28,9583 -0,9878 47,7880 0,8622 23,0000 
30,300 10046,0200 1277,6572 72,4945 233,9806 -29,0627 -0,9893 47,7071 0,8628 23,0000 
30,350 10056,2371 1271,9650 72,6711 233,9745 -29,1669 -0,9908 47,6266 0,8634 23,0000 
30,400 10066,4436 1266,2543 72,8477 233,9690 -29,2710 -0,9923 47,5464 0,8641 23,0000 
30,450 10076,6395 1260,5253 73,0245 233,9641 -29,3750 -0,9938 47,4666 0,8647 23,0000 
30,500 10086,8248 1254,7778 73,2013 233,9599 -29,4789 -0,9953 47,3870 0,8653 23,0000 
30,550 10096,9995 1249,0121 73,3782 233,9562 -29,5827 -0,9968 47,3079 0,8660 23,0000 
30,600 10107,1636 1243,2279 73,5552 233,9532 -29,6863 -0,9984 47,2290 0,8666 23,0000 
30,650 10117,3171 1237,4255 73,7323 233,9508 -29,7899 -0,9999 47,1505 0,8672 23,0000 
30,700 10127,4601 1231,6048 73,9094 233,9490 -29,8934 -1,0014 47,0724 0,8679 23,0000 
30,750 10137,5924 1225,7658 74,0867 233,9478 -29,9967 -1,0029 46,9945 0,8685 23,0000 
30,800 10147,7142 1219,9085 74,2640 233,9472 -30,1000 -1,0044 46,9170 0,8692 23,0000 
30,850 10157,8254 1214,0331 74,4414 233,9472 -30,2031 -1,0059 46,8398 0,8698 23,0000 
30,900 10167,9261 1208,1394 74,6189 233,9478 -30,3062 -1,0075 46,7630 0,8704 23,0000 
30,950 10178,0162 1202,2276 74,7965 233,9490 -30,4091 -1,0090 46,6865 0,8711 23,0000 
31,000 10188,0957 1196,2976 74,9741 233,9508 -30,5119 -1,0105 46,6103 0,8717 23,0000 
31,050 10198,1647 1190,3495 75,1518 233,9532 -30,6146 -1,0120 46,5345 0,8724 23,0000 
31,100 10208,2231 1184,3833 75,3297 233,9561 -30,7172 -1,0135 46,4590 0,8731 23,0000 
31,150 10218,2710 1178,3990 75,5075 233,9597 -30,8197 -1,0150 46,3838 0,8737 23,0000 
31,200 10228,3083 1172,3967 75,6855 233,9638 -30,9220 -1,0166 46,3089 0,8744 23,0000 
31,250 10238,3351 1166,3763 75,8636 233,9684 -31,0243 -1,0181 46,2344 0,8751 23,0000 
31,300 10248,3514 1160,3379 76,0417 233,9737 -31,1264 -1,0196 46,1602 0,8757 23,0000 
31,350 10258,3571 1154,2815 76,2199 233,9795 -31,2285 -1,0211 46,0863 0,8764 23,0000 
31,400 10268,3523 1148,2072 76,3982 233,9858 -31,3304 -1,0226 46,0127 0,8771 23,0000 
31,450 10278,3370 1142,1149 76,5765 233,9927 -31,4322 -1,0241 45,9395 0,8777 23,0000 
31,500 10288,3112 1136,0048 76,7550 234,0002 -31,5338 -1,0257 45,8666 0,8784 23,0000 
31,550 10298,2748 1129,8767 76,9335 234,0082 -31,6354 -1,0272 45,7940 0,8791 23,0000 
31,600 10308,2280 1123,7308 77,1121 234,0168 -31,7369 -1,0287 45,7218 0,8798 23,0000 
31,650 10318,1706 1117,5670 77,2907 234,0259 -31,8382 -1,0302 45,6498 0,8805 23,0000 
31,700 10328,1027 1111,3854 77,4695 234,0356 -31,9394 -1,0317 45,5782 0,8811 23,0000 
31,750 10338,0244 1105,1860 77,6483 234,0457 -32,0405 -1,0333 45,5069 0,8818 23,0000 
31,800 10347,9355 1098,9688 77,8272 234,0565 -32,1415 -1,0348 45,4359 0,8825 23,0000 
31,850 10357,8361 1092,7339 78,0061 234,0677 -32,2423 -1,0363 45,3652 0,8832 23,0000 
31,900 10367,7263 1086,4813 78,1852 234,0795 -32,3431 -1,0378 45,2949 0,8839 23,0000 
31,950 10377,6060 1080,2110 78,3643 234,0918 -32,4437 -1,0393 45,2249 0,8846 23,0000 
32,000 10387,4751 1073,9230 78,5434 234,1046 -32,5442 -1,0408 45,1552 0,8853 23,0000 
32,050 10397,3338 1067,6173 78,7227 234,1179 -32,6446 -1,0424 45,0858 0,8860 23,0000 
32,100 10407,1821 1061,2940 78,9020 234,1317 -32,7449 -1,0439 45,0167 0,8867 23,0000 
32,150 10417,0198 1054,9531 79,0814 234,1461 -32,8450 -1,0454 44,9479 0,8874 23,0000 
32,200 10426,8471 1048,5947 79,2608 234,1609 -32,9451 -1,0469 44,8795 0,8881 23,0000 
32,250 10436,6639 1042,2187 79,4404 234,1763 -33,0450 -1,0484 44,8113 0,8889 23,0000 
32,300 10446,4703 1035,8251 79,6200 234,1921 -33,1448 -1,0500 44,7435 0,8896 23,0000 
32,350 10456,2662 1029,4141 79,7996 234,2085 -33,2444 -1,0515 44,6760 0,8903 23,0000 
32,400 10466,0516 1022,9856 79,9794 234,2253 -33,3440 -1,0530 44,6088 0,8910 23,0000 
32,450 10475,8266 1016,5396 80,1591 234,2426 -33,4434 -1,0545 44,5419 0,8917 23,0000 
32,500 10485,5911 1010,0762 80,3390 234,2604 -33,5427 -1,0560 44,4753 0,8925 23,0000 
32,550 10495,3452 1003,5953 80,5189 234,2787 -33,6418 -1,0575 44,4090 0,8932 23,0000 
32,600 10505,0888 997,0971 80,6989 234,2975 -33,7409 -1,0591 44,3431 0,8939 23,0000 
32,650 10514,8220 990,5816 80,8790 234,3167 -33,8398 -1,0606 44,2774 0,8946 23,0000 
32,700 10524,5447 984,0487 81,0591 234,3364 -33,9386 -1,0621 44,2121 0,8954 23,0000 
32,750 10534,2570 977,4985 81,2393 234,3566 -34,0373 -1,0636 44,1470 0,8961 23,0000 
32,800 10543,9589 970,9310 81,4195 234,3772 -34,1359 -1,0651 44,0823 0,8969 23,0000 
32,850 10553,6503 964,3462 81,5999 234,3983 -34,2343 -1,0666 44,0179 0,8976 23,0000 
32,900 10563,3314 957,7442 81,7802 234,4199 -34,3326 -1,0681 43,9537 0,8983 23,0000 
32,950 10573,0019 951,1250 81,9607 234,4419 -34,4308 -1,0697 43,8899 0,8991 23,0000 
33,000 10582,6621 944,4887 82,1412 234,4643 -34,5288 -1,0712 43,8264 0,8998 23,0000 
33,050 10592,3118 937,8351 82,3217 234,4872 -34,6268 -1,0727 43,7632 0,9006 23,0000 
33,100 10601,9512 931,1644 82,5023 234,5106 -34,7246 -1,0742 43,7003 0,9014 23,0000 
33,150 10611,5801 924,4767 82,6830 234,5344 -34,8222 -1,0757 43,6377 0,9021 23,0000 
33,200 10621,1985 917,7718 82,8637 234,5586 -34,9198 -1,0772 43,5754 0,9029 23,0000 
33,250 10630,8066 911,0498 83,0445 234,5832 -35,0172 -1,0787 43,5134 0,9036 23,0000 
33,300 10640,4043 904,3109 83,2254 234,6083 -35,1145 -1,0803 43,4517 0,9044 23,0000 
33,350 10649,9915 897,5549 83,4063 234,6338 -35,2117 -1,0818 43,3902 0,9052 23,0000 
33,400 10659,5684 890,7819 83,5872 234,6598 -35,3087 -1,0833 43,3291 0,9059 23,0000 
33,450 10669,1348 883,9920 83,7683 234,6861 -35,4056 -1,0848 43,2683 0,9067 23,0000 
33,500 10678,6909 877,1851 83,9493 234,7129 -35,5024 -1,0863 43,2078 0,9075 23,0000 
33,550 10688,2366 870,3614 84,1305 234,7401 -35,5991 -1,0878 43,1476 0,9083 23,0000 
33,600 10697,7718 863,5207 84,3117 234,7676 -35,6956 -1,0893 43,0877 0,9090 23,0000 
33,650 10707,2967 856,6632 84,4929 234,7956 -35,7920 -1,0908 43,0280 0,9098 23,0000 
33,700 10716,8111 849,7888 84,6742 234,8240 -35,8882 -1,0923 42,9687 0,9106 23,0000 
33,750 10726,3152 842,8977 84,8555 234,8528 -35,9844 -1,0939 42,9097 0,9114 23,0000 
33,800 10735,8089 835,9897 85,0369 234,8820 -36,0804 -1,0954 42,8509 0,9122 23,0000 
33,850 10745,2922 829,0650 85,2184 234,9116 -36,1763 -1,0969 42,7925 0,9130 23,0000 
33,900 10754,7652 822,1236 85,3999 234,9416 -36,2720 -1,0984 42,7343 0,9138 23,0000 
33,950 10764,2277 815,1654 85,5814 234,9719 -36,3676 -1,0999 42,6765 0,9146 23,0000 
34,000 10773,6799 808,1906 85,7630 235,0026 -36,4631 -1,1014 42,6189 0,9154 23,0000 
34,050 10783,1217 801,1991 85,9446 235,0338 -36,5585 -1,1029 42,5616 0,9162 23,0000 
34,100 10792,5531 794,1910 86,1263 235,0652 -36,6537 -1,1044 42,5046 0,9170 23,0000 
34,150 10801,9741 787,1663 86,3081 235,0971 -36,7488 -1,1059 42,4479 0,9178 23,0000 
34,200 10811,3848 780,1250 86,4899 235,1293 -36,8437 -1,1074 42,3915 0,9186 23,0000 
34,250 10820,7851 773,0671 86,6717 235,1619 -36,9386 -1,1089 42,3354 0,9194 23,0000 
34,300 10830,1750 765,9927 86,8536 235,1949 -37,0333 -1,1104 42,2795 0,9202 23,0000 
34,350 10839,5546 758,9018 87,0355 235,2282 -37,1278 -1,1119 42,2240 0,9210 23,0000 
34,400 10848,9238 751,7945 87,2175 235,2619 -37,2223 -1,1134 42,1687 0,9218 23,0000 
34,450 10858,2826 744,6706 87,3995 235,2959 -37,3166 -1,1149 42,1137 0,9227 23,0000 
34,500 10867,6311 737,5304 87,5815 235,3303 -37,4107 -1,1164 42,0591 0,9235 23,0000 
34,550 10876,9692 730,3738 87,7636 235,3650 -37,5048 -1,1179 42,0046 0,9243 23,0000 
34,600 10886,2970 723,2007 87,9458 235,4000 -37,5987 -1,1194 41,9505 0,9251 23,0000 
34,650 10895,6144 716,0114 88,1279 235,4354 -37,6924 -1,1209 41,8967 0,9260 23,0000 
34,700 10904,9214 708,8057 88,3102 235,4712 -37,7861 -1,1224 41,8431 0,9268 23,0000 
34,750 10914,2181 701,5837 88,4924 235,5072 -37,8796 -1,1239 41,7899 0,9276 23,0000 
34,800 10923,5045 694,3455 88,6747 235,5436 -37,9729 -1,1254 41,7369 0,9285 23,0000 
34,850 10932,7805 687,0910 88,8571 235,5803 -38,0662 -1,1269 41,6842 0,9293 23,0000 
34,900 10942,0461 679,8203 89,0394 235,6174 -38,1593 -1,1283 41,6317 0,9302 23,0000 
34,950 10951,3014 672,5334 89,2218 235,6547 -38,2522 -1,1298 41,5796 0,9310 23,0000 
35,000 10960,5463 665,2303 89,4043 235,6924 -38,3451 -1,1313 41,5277 0,9319 23,0000 
35,050 10969,7809 657,9111 89,5868 235,7304 -38,4378 -1,1328 41,4761 0,9327 23,0000 
35,100 10979,0052 650,5758 89,7693 235,7687 -38,5303 -1,1343 41,4248 0,9336 23,0000 
35,150 10988,2191 643,2244 89,9518 235,8073 -38,6228 -1,1358 41,3738 0,9344 23,0000 
35,200 10997,4227 635,8570 90,1344 235,8462 -38,7151 -1,1373 41,3230 0,9353 23,0000 
35,250 11006,6159 628,4735 90,3170 235,8854 -38,8072 -1,1387 41,2725 0,9362 23,0000 
35,300 11015,7988 621,0740 90,4997 235,9249 -38,8993 -1,1402 41,2223 0,9370 23,0000 
35,350 11024,9714 613,6585 90,6824 235,9646 -38,9912 -1,1417 41,1724 0,9379 23,0000 
35,400 11034,1336 606,2271 90,8651 236,0047 -39,0829 -1,1432 41,1228 0,9388 23,0000 
35,450 11043,2855 598,7797 91,0478 236,0451 -39,1745 -1,1446 41,0734 0,9396 23,0000 
35,500 11052,4270 591,3165 91,2306 236,0857 -39,2660 -1,1461 41,0243 0,9405 23,0000 
35,550 11061,5583 583,8374 91,4134 236,1266 -39,3574 -1,1476 40,9754 0,9414 23,0000 
35,600 11070,6792 576,3424 91,5962 236,1678 -39,4486 -1,1491 40,9269 0,9423 23,0000 
35,650 11079,7897 568,8316 91,7791 236,2093 -39,5397 -1,1505 40,8786 0,9431 23,0000 
35,700 11088,8899 561,3050 91,9619 236,2511 -39,6306 -1,1520 40,8306 0,9440 23,0000 
35,750 11097,9798 553,7627 92,1449 236,2931 -39,7214 -1,1535 40,7828 0,9449 23,0000 
35,800 11107,0594 546,2046 92,3278 236,3353 -39,8121 -1,1549 40,7354 0,9458 23,0000 
35,850 11116,1287 538,6308 92,5107 236,3779 -39,9026 -1,1564 40,6882 0,9467 23,0000 
35,900 11125,1876 531,0413 92,6937 236,4206 -39,9931 -1,1578 40,6412 0,9476 23,0000 
35,950 11134,2362 523,4362 92,8767 236,4637 -40,0833 -1,1593 40,5946 0,9485 23,0000 
36,000 11143,2744 515,8154 93,0597 236,5070 -40,1735 -1,1607 40,5482 0,9494 23,0000 
36,050 11152,3024 508,1790 93,2427 236,5505 -40,2635 -1,1622 40,5021 0,9503 23,0000 
36,100 11161,3200 500,5271 93,4258 236,5943 -40,3533 -1,1636 40,4562 0,9512 23,0000 
36,150 11170,3273 492,8596 93,6089 236,6383 -40,4430 -1,1651 40,4106 0,9521 23,0000 
36,200 11179,3243 485,1766 93,7920 236,6826 -40,5326 -1,1665 40,3653 0,9530 23,0000 
36,250 11188,3109 477,4780 93,9751 236,7270 -40,6221 -1,1680 40,3202 0,9539 23,0000 
36,300 11197,2872 469,7641 94,1582 236,7718 -40,7114 -1,1694 40,2754 0,9548 23,0000 
36,350 11206,2533 462,0346 94,3413 236,8167 -40,8006 -1,1709 40,2309 0,9557 23,0000 
36,400 11215,2090 454,2898 94,5245 236,8619 -40,8896 -1,1723 40,1866 0,9567 23,0000 
36,450 11224,1543 446,5296 94,7076 236,9073 -40,9785 -1,1737 40,1426 0,9576 23,0000 
36,500 11233,0894 438,7540 94,8908 236,9529 -41,0673 -1,1752 40,0989 0,9585 23,0000 
36,550 11242,0141 430,9631 95,0740 236,9987 -41,1559 -1,1766 40,0554 0,9594 23,0000 
36,600 11250,9286 423,1569 95,2572 237,0447 -41,2444 -1,1780 40,0122 0,9604 23,0000 
36,650 11259,8327 415,3354 95,4404 237,0909 -41,3328 -1,1794 39,9693 0,9613 23,0000 
36,700 11268,7264 407,4986 95,6236 237,1374 -41,4210 -1,1808 39,9266 0,9622 23,0000 
36,750 11277,6099 399,6467 95,8068 237,1840 -41,5091 -1,1823 39,8842 0,9632 23,0000 
36,800 11286,4831 391,7795 95,9901 237,2309 -41,5971 -1,1837 39,8420 0,9641 23,0000 
36,850 11295,3459 383,8972 96,1733 237,2779 -41,6849 -1,1851 39,8001 0,9651 23,0000 
36,900 11304,1985 375,9997 96,3565 237,3251 -41,7726 -1,1865 39,7584 0,9660 23,0000 
36,950 11313,0407 368,0872 96,5398 237,3725 -41,8601 -1,1879 39,7170 0,9670 23,0000 
37,000 11321,8726 360,1595 96,7230 237,4201 -41,9476 -1,1893 39,6759 0,9679 23,0000 
37,050 11330,6941 352,2168 96,9062 237,4679 -42,0348 -1,1907 39,6350 0,9689 23,0000 
37,100 11339,5054 344,2591 97,0895 237,5158 -42,1220 -1,1921 39,5944 0,9698 23,0000 
37,150 11348,3064 336,2864 97,2727 237,5640 -42,2090 -1,1934 39,5541 0,9708 23,0000 
37,200 11357,0970 328,2987 97,4560 237,6122 -42,2959 -1,1948 39,5140 0,9717 23,0000 
37,250 11365,8773 320,2961 97,6392 237,6607 -42,3826 -1,1962 39,4741 0,9727 23,0000 
37,300 11374,6474 312,2785 97,8224 237,7093 -42,4692 -1,1976 39,4345 0,9737 23,0000 
37,350 11383,4071 304,2461 98,0057 237,7581 -42,5557 -1,1989 39,3952 0,9746 23,0000 
37,400 11392,1564 296,1988 98,1889 237,8071 -42,6420 -1,2003 39,3561 0,9756 23,0000 
37,450 11400,8955 288,1367 98,3721 237,8561 -42,7282 -1,2017 39,3173 0,9766 23,0000 
37,500 11409,6243 280,0598 98,5553 237,9054 -42,8142 -1,2030 39,2787 0,9776 23,0000 
37,550 11418,3427 271,9681 98,7385 237,9548 -42,9002 -1,2044 39,2404 0,9785 23,0000 
37,600 11427,0508 263,8617 98,9216 238,0043 -42,9860 -1,2057 39,2024 0,9795 23,0000 
37,650 11435,7486 255,7405 99,1048 238,0540 -43,0716 -1,2071 39,1646 0,9805 23,0000 
37,700 11444,4361 247,6047 99,2880 238,1038 -43,1571 -1,2084 39,1270 0,9815 23,0000 
37,750 11453,1133 239,4542 99,4711 238,1537 -43,2425 -1,2097 39,0897 0,9825 23,0000 
37,800 11461,7802 231,2891 99,6542 238,2038 -43,3278 -1,2110 39,0527 0,9835 23,0000 
37,850 11470,4367 223,1094 99,8373 238,2540 -43,4129 -1,2123 39,0159 0,9845 23,0000 
37,900 11479,0829 214,9151 100,0204 238,3043 -43,4979 -1,2136 38,9793 0,9855 23,0000 
37,950 11487,7189 206,7062 100,2034 238,3547 -43,5827 -1,2149 38,9431 0,9865 23,0000 
38,000 11496,3444 198,4829 100,3865 238,4053 -43,6674 -1,2162 38,9070 0,9875 23,0000 
38,050 11504,9597 190,2450 100,5695 238,4559 -43,7520 -1,2175 38,8712 0,9885 23,0000 
38,100 11513,5647 181,9927 100,7524 238,5066 -43,8365 -1,2188 38,8357 0,9895 23,0000 
38,150 11522,1593 173,7260 100,9354 238,5575 -43,9208 -1,2201 38,8004 0,9905 23,0000 
38,200 11530,7436 165,4449 101,1183 238,6084 -44,0050 -1,2213 38,7654 0,9915 23,0000 
38,250 11539,3176 157,1494 101,3012 238,6595 -44,0890 -1,2226 38,7307 0,9925 23,0000 
38,300 11547,8812 148,8396 101,4840 238,7106 -44,1729 -1,2238 38,6961 0,9935 23,0000 
38,350 11556,4345 140,5154 101,6669 238,7618 -44,2567 -1,2251 38,6619 0,9946 23,0000 
38,400 11564,9775 132,1770 101,8496 238,8131 -44,3404 -1,2263 38,6279 0,9956 23,0000 
38,450 11573,5102 123,8243 102,0324 238,8644 -44,4239 -1,2275 38,5941 0,9966 23,0000 
38,500 11582,0325 115,4574 102,2151 238,9159 -44,5073 -1,2287 38,5606 0,9976 23,0000 
38,550 11590,5445 107,0763 102,3977 238,9673 -44,5905 -1,2299 38,5274 0,9987 23,0000 
38,600 11599,0462 98,6811 102,5803 239,0189 -44,6737 -1,2310 38,4944 0,9997 23,0000 
38,650 11607,5375 90,2717 102,7629 239,0705 -44,7567 -1,2322 38,4617 1,0007 23,0000 
38,700 11616,0185 81,8482 102,9454 239,1221 -44,8396 -1,2334 38,4293 1,0018 23,0000 
38,750 11624,4891 73,4106 103,1278 239,1737 -44,9223 -1,2345 38,3971 1,0028 23,0000 
38,800 11632,9494 64,9590 103,3102 239,2254 -45,0049 -1,2356 38,3652 1,0039 23,0000 
38,850 11641,3993 56,4934 103,4926 239,2771 -45,0874 -1,2367 38,3335 1,0049 23,0000 
38,900 11649,8389 48,0138 103,6748 239,3287 -45,1698 -1,2378 38,3022 1,0060 23,0000 
38,950 11658,2681 39,5202 103,8570 239,3804 -45,2521 -1,2388 38,2711 1,0070 23,0000 
39,000 11666,6870 31,0127 104,0392 239,4320 -45,3342 -1,2398 38,2403 1,0081 23,0000 
39,050 11675,0955 22,4914 104,2212 239,4836 -45,4162 -1,2408 38,2099 1,0091 23,0000 
39,100 11683,4936 13,9561 104,4032 239,5350 -45,4981 -1,2417 38,1798 1,0102 23,0000 
39,150 11691,8813 5,4071 104,5851 239,5862 -45,5799 -1,2426 38,1501 1,0112 23,0000 
39,1816 11697,1712 0,0000 104,6998 239,6181 -45,6316 -1,2431 38,1317 1,0119 23,0000 
