t(c) x(м) y(м) z(м) Vk(м/с) teta(град) psy(град) omega_x(рад/с) pi(y) m(кг) 
0,000 0,0000 0,0000 0,0000 836,2300 24,2000 0,0000 0,0000 1,0119 23,0000 
0,050 38,0216 17,0755 0,0002 830,9795 24,1696 -0,0005 8,5411 1,0098 23,0000 
0,100 75,8140 34,0240 0,0007 825,7834 24,1390 -0,0012 16,7207 1,0077 23,0000 
0,150 113,3794 50,8465 0,0018 820,6393 24,1081 -0,0020 24,5594 1,0056 23,0000 
0,200 150,7201 67,5442 0,0033 815,5464 24,0770 -0,0028 32,0725 1,0035 23,0000 
0,250 187,8385 84,1182 0,0054 810,5035 24,0457 -0,0037 39,2738 1,0015 23,0000 
0,300 224,7368 100,5697 0,0081 805,5100 24,0141 -0,0046 46,1764 0,9995 23,0000 
0,350 261,4170 116,8997 0,0114 800,5650 23,9823 -0,0056 52,7925 0,9975 23,0000 
0,400 297,8814 133,1094 0,0152 795,6679 23,9503 -0,0066 59,1338 0,9955 23,0000 
0,450 334,1321 149,1998 0,0197 790,8179 23,9181 -0,0076 65,2115 0,9935 23,0000 
0,500 370,1711 165,1720 0,0248 786,0144 23,8857 -0,0086 71,0361 0,9915 23,0000 
0,550 406,0005 181,0269 0,0305 781,2567 23,8530 -0,0097 76,6177 0,9896 23,0000 
0,600 441,6224 196,7657 0,0369 776,5442 23,8201 -0,0108 81,9661 0,9877 23,0000 
0,650 477,0386 212,3893 0,0440 771,8764 23,7870 -0,0120 87,0903 0,9858 23,0000 
0,700 512,2513 227,8988 0,0517 767,2525 23,7537 -0,0131 91,9994 0,9839 23,0000 
0,750 547,2623 243,2950 0,0601 762,6720 23,7202 -0,0143 96,7016 0,9820 23,0000 
0,800 582,0735 258,5791 0,0691 758,1344 23,6864 -0,0155 101,2051 0,9802 23,0000 
0,850 616,6868 273,7520 0,0789 753,6391 23,6524 -0,0167 105,5176 0,9783 23,0000 
0,900 651,1042 288,8145 0,0893 749,1855 23,6182 -0,0180 109,6465 0,9765 23,0000 
0,950 685,3273 303,7677 0,1004 744,7731 23,5838 -0,0193 113,5988 0,9747 23,0000 
1,000 719,3582 318,6125 0,1123 740,4014 23,5492 -0,0205 117,3815 0,9729 23,0000 
1,050 753,1984 333,3497 0,1248 736,0699 23,5143 -0,0219 121,0010 0,9711 23,0000 
1,100 786,8499 347,9803 0,1380 731,7781 23,4792 -0,0232 124,4636 0,9694 23,0000 
1,150 820,3143 362,5052 0,1519 727,5254 23,4439 -0,0245 127,7752 0,9676 23,0000 
1,200 853,5935 376,9253 0,1666 723,3114 23,4084 -0,0259 130,9416 0,9659 23,0000 
1,250 886,6890 391,2414 0,1819 719,1356 23,3726 -0,0272 133,9683 0,9642 23,0000 
1,300 919,6026 405,4544 0,1979 714,9976 23,3366 -0,0286 136,8605 0,9625 23,0000 
1,350 952,3360 419,5651 0,2147 710,8969 23,3004 -0,0300 139,6234 0,9608 23,0000 
1,400 984,8907 433,5743 0,2322 706,8330 23,2640 -0,0315 142,2619 0,9591 23,0000 
1,450 1017,2685 447,4830 0,2504 702,8055 23,2273 -0,0329 144,7805 0,9575 23,0000 
1,500 1049,4708 461,2919 0,2693 698,8140 23,1904 -0,0344 147,1838 0,9558 23,0000 
1,550 1081,4994 475,0018 0,2889 694,8580 23,1533 -0,0358 149,4761 0,9542 23,0000 
1,600 1113,3557 488,6135 0,3092 690,9371 23,1160 -0,0373 151,6615 0,9526 23,0000 
1,650 1145,0413 502,1278 0,3302 687,0510 23,0784 -0,0388 153,7440 0,9510 23,0000 
1,700 1176,5578 515,5455 0,3520 683,1991 23,0406 -0,0403 155,7275 0,9494 23,0000 
1,750 1207,9066 528,8674 0,3745 679,3811 23,0026 -0,0418 157,6155 0,9478 23,0000 
1,800 1239,0892 542,0941 0,3977 675,5967 22,9643 -0,0434 159,4117 0,9463 23,0000 
1,850 1270,1072 555,2266 0,4216 671,8453 22,9259 -0,0449 161,1194 0,9447 23,0000 
1,900 1300,9619 568,2654 0,4462 668,1267 22,8871 -0,0465 162,7419 0,9432 23,0000 
1,950 1331,6548 581,2114 0,4715 664,4405 22,8482 -0,0481 164,2823 0,9417 23,0000 
2,000 1362,1874 594,0653 0,4975 660,7863 22,8090 -0,0496 165,7437 0,9402 23,0000 
2,050 1392,5610 606,8277 0,5243 657,1636 22,7696 -0,0512 167,1289 0,9387 23,0000 
2,100 1422,7771 619,4995 0,5517 653,5723 22,7300 -0,0529 168,4408 0,9372 23,0000 
2,150 1452,8369 632,0812 0,5799 650,0119 22,6901 -0,0545 169,6820 0,9357 23,0000 
2,200 1482,7419 644,5737 0,6087 646,4820 22,6500 -0,0561 170,8551 0,9343 23,0000 
2,250 1512,4935 656,9775 0,6383 642,9824 22,6096 -0,0578 171,9626 0,9328 23,0000 
2,300 1542,0929 669,2934 0,6685 639,5126 22,5690 -0,0594 173,0069 0,9314 23,0000 
2,350 1571,5414 681,5220 0,6995 636,0724 22,5282 -0,0611 173,9904 0,9300 23,0000 
2,400 1600,8404 693,6640 0,7312 632,6615 22,4872 -0,0628 174,9151 0,9286 23,0000 
2,450 1629,9912 705,7200 0,7635 629,2794 22,4459 -0,0645 175,7833 0,9272 23,0000 
2,500 1658,9949 717,6907 0,7966 625,9260 22,4043 -0,0662 176,5971 0,9258 23,0000 
2,550 1687,8530 729,5768 0,8303 622,6008 22,3626 -0,0679 177,3583 0,9244 23,0000 
2,600 1716,5665 741,3788 0,8648 619,3036 22,3206 -0,0696 178,0690 0,9230 23,0000 
2,650 1745,1368 753,0974 0,8999 616,0340 22,2783 -0,0713 178,7310 0,9217 23,0000 
2,700 1773,5650 764,7332 0,9357 612,7918 22,2358 -0,0731 179,3459 0,9204 23,0000 
2,750 1801,8524 776,2868 0,9722 609,5766 22,1931 -0,0748 179,9156 0,9190 23,0000 
2,800 1830,0002 787,7589 1,0094 606,3883 22,1501 -0,0766 180,4418 0,9177 23,0000 
2,850 1858,0095 799,1500 1,0473 603,2264 22,1069 -0,0783 180,9258 0,9164 23,0000 
2,900 1885,8814 810,4607 1,0858 600,0907 22,0635 -0,0801 181,3694 0,9151 23,0000 
2,950 1913,6172 821,6916 1,1250 596,9809 22,0198 -0,0819 181,7740 0,9138 23,0000 
3,000 1941,2180 832,8433 1,1649 593,8967 21,9758 -0,0837 182,1410 0,9125 23,0000 
3,050 1968,6849 843,9163 1,2055 590,8380 21,9316 -0,0855 182,4718 0,9113 23,0000 
3,100 1996,0190 854,9113 1,2467 587,8043 21,8872 -0,0873 182,7677 0,9100 23,0000 
3,150 2023,2214 865,8287 1,2886 584,7954 21,8425 -0,0892 183,0299 0,9088 23,0000 
3,200 2050,2932 876,6692 1,3312 581,8111 21,7976 -0,0910 183,2598 0,9075 23,0000 
3,250 2077,2354 887,4332 1,3744 578,8511 21,7525 -0,0929 183,4584 0,9063 23,0000 
3,300 2104,0493 898,1214 1,4183 575,9152 21,7070 -0,0947 183,6270 0,9051 23,0000 
3,350 2130,7357 908,7343 1,4628 573,0031 21,6614 -0,0966 183,7667 0,9039 23,0000 
3,400 2157,2958 919,2723 1,5080 570,1145 21,6155 -0,0984 183,8784 0,9027 23,0000 
3,450 2183,7306 929,7361 1,5539 567,2492 21,5693 -0,1003 183,9633 0,9015 23,0000 
3,500 2210,0410 940,1261 1,6004 564,4070 21,5229 -0,1022 184,0223 0,9003 23,0000 
3,550 2236,2282 950,4428 1,6475 561,5876 21,4762 -0,1041 184,0564 0,8992 23,0000 
3,600 2262,2931 960,6868 1,6953 558,7907 21,4293 -0,1060 184,0666 0,8980 23,0000 
3,650 2288,2367 970,8586 1,7438 556,0163 21,3822 -0,1079 184,0536 0,8969 23,0000 
3,700 2314,0600 980,9586 1,7928 553,2639 21,3348 -0,1098 184,0184 0,8957 23,0000 
3,750 2339,7639 990,9874 1,8425 550,5334 21,2871 -0,1118 183,9618 0,8946 23,0000 
3,800 2365,3495 1000,9454 1,8929 547,8247 21,2392 -0,1137 183,8846 0,8935 23,0000 
3,850 2390,8175 1010,8332 1,9438 545,1373 21,1910 -0,1156 183,7875 0,8924 23,0000 
3,900 2416,1691 1020,6511 1,9954 542,4712 21,1426 -0,1176 183,6714 0,8913 23,0000 
3,950 2441,4052 1030,3997 2,0477 539,8261 21,0939 -0,1195 183,5369 0,8902 23,0000 
4,000 2466,5265 1040,0795 2,1005 537,2017 21,0450 -0,1215 183,3848 0,8891 23,0000 
4,050 2491,5341 1049,6908 2,1540 534,5980 20,9958 -0,1235 183,2157 0,8880 23,0000 
4,100 2516,4289 1059,2342 2,2080 532,0146 20,9463 -0,1255 183,0302 0,8870 23,0000 
4,150 2541,2117 1068,7101 2,2627 529,4515 20,8966 -0,1275 182,8291 0,8859 23,0000 
4,200 2565,8835 1078,1190 2,3181 526,9082 20,8466 -0,1294 182,6128 0,8848 23,0000 
4,250 2590,4451 1087,4612 2,3740 524,3848 20,7964 -0,1314 182,3821 0,8838 23,0000 
4,300 2614,8973 1096,7373 2,4305 521,8809 20,7459 -0,1335 182,1374 0,8828 23,0000 
4,350 2639,2410 1105,9477 2,4876 519,3964 20,6952 -0,1355 181,8793 0,8817 23,0000 
4,400 2663,4772 1115,0928 2,5454 516,9310 20,6442 -0,1375 181,6083 0,8807 23,0000 
4,450 2687,6065 1124,1729 2,6037 514,4847 20,5929 -0,1395 181,3250 0,8797 23,0000 
4,500 2711,6299 1133,1887 2,6626 512,0571 20,5414 -0,1416 181,0298 0,8787 23,0000 
4,550 2735,5481 1142,1404 2,7221 509,6481 20,4896 -0,1436 180,7232 0,8777 23,0000 
4,600 2759,3620 1151,0284 2,7822 507,2576 20,4376 -0,1456 180,4057 0,8767 23,0000 
4,650 2783,0723 1159,8532 2,8429 504,8853 20,3853 -0,1477 180,0777 0,8758 23,0000 
4,700 2806,6800 1168,6153 2,9042 502,5311 20,3327 -0,1498 179,7396 0,8748 23,0000 
4,750 2830,1857 1177,3149 2,9661 500,1948 20,2798 -0,1518 179,3920 0,8738 23,0000 
4,800 2853,5902 1185,9524 3,0285 497,8762 20,2267 -0,1539 179,0350 0,8729 23,0000 
4,850 2876,8944 1194,5284 3,0915 495,5751 20,1734 -0,1560 178,6693 0,8719 23,0000 
4,900 2900,0989 1203,0431 3,1551 493,2914 20,1197 -0,1581 178,2950 0,8710 23,0000 
4,950 2923,2046 1211,4969 3,2193 491,0249 20,0658 -0,1602 177,9127 0,8701 23,0000 
5,000 2946,2121 1219,8902 3,2840 488,7754 20,0117 -0,1623 177,5226 0,8692 23,0000 
5,050 2969,1223 1228,2235 3,3494 486,5428 19,9572 -0,1644 177,1251 0,8682 23,0000 
5,100 2991,9359 1236,4970 3,4152 484,3269 19,9025 -0,1665 176,7205 0,8673 23,0000 
5,150 3014,6535 1244,7111 3,4816 482,1275 19,8475 -0,1686 176,3091 0,8664 23,0000 
5,200 3037,2759 1252,8662 3,5486 479,9445 19,7923 -0,1707 175,8912 0,8655 23,0000 
5,250 3059,8039 1260,9627 3,6162 477,7777 19,7368 -0,1729 175,4672 0,8647 23,0000 
5,300 3082,2381 1269,0008 3,6843 475,6270 19,6810 -0,1750 175,0373 0,8638 23,0000 
5,350 3104,5792 1276,9811 3,7529 473,4922 19,6249 -0,1771 174,6017 0,8629 23,0000 
5,400 3126,8279 1284,9037 3,8221 471,3732 19,5686 -0,1793 174,1609 0,8620 23,0000 
5,450 3148,9850 1292,7691 3,8919 469,2697 19,5120 -0,1814 173,7149 0,8612 23,0000 
5,500 3171,0510 1300,5777 3,9622 467,1818 19,4551 -0,1836 173,2641 0,8603 23,0000 
5,550 3193,0267 1308,3296 4,0330 465,1091 19,3980 -0,1857 172,8087 0,8595 23,0000 
5,600 3214,9127 1316,0253 4,1044 463,0516 19,3406 -0,1879 172,3489 0,8586 23,0000 
5,650 3236,7096 1323,6652 4,1763 461,0092 19,2829 -0,1901 171,8850 0,8578 23,0000 
5,700 3258,4182 1331,2495 4,2487 458,9816 19,2249 -0,1923 171,4172 0,8570 23,0000 
5,750 3280,0391 1338,7785 4,3217 456,9688 19,1666 -0,1945 170,9457 0,8562 23,0000 
5,800 3301,5729 1346,2526 4,3952 454,9705 19,1081 -0,1966 170,4706 0,8554 23,0000 
5,850 3323,0203 1353,6721 4,4692 452,9868 19,0493 -0,1988 169,9923 0,8546 23,0000 
5,900 3344,3818 1361,0374 4,5437 451,0174 18,9902 -0,2010 169,5108 0,8538 23,0000 
5,950 3365,6581 1368,3487 4,6188 449,0622 18,9309 -0,2032 169,0264 0,8530 23,0000 
6,000 3386,8499 1375,6063 4,6944 447,1210 18,8712 -0,2055 168,5392 0,8522 23,0000 
6,050 3407,9577 1382,8106 4,7705 445,1938 18,8113 -0,2077 168,0495 0,8514 23,0000 
6,100 3428,9821 1389,9618 4,8471 443,2804 18,7511 -0,2099 167,5573 0,8506 23,0000 
6,150 3449,9237 1397,0603 4,9242 441,3807 18,6907 -0,2121 167,0628 0,8499 23,0000 
6,200 3470,7831 1404,1063 5,0018 439,4945 18,6299 -0,2143 166,5663 0,8491 23,0000 
6,250 3491,5610 1411,1002 5,0800 437,6217 18,5689 -0,2166 166,0678 0,8484 23,0000 
6,300 3512,2578 1418,0422 5,1586 435,7623 18,5076 -0,2188 165,5674 0,8476 23,0000 
6,350 3532,8742 1424,9327 5,2377 433,9161 18,4460 -0,2211 165,0654 0,8469 23,0000 
6,400 3553,4108 1431,7719 5,3174 432,0829 18,3841 -0,2233 164,5619 0,8461 23,0000 
6,450 3573,8680 1438,5601 5,3975 430,2626 18,3219 -0,2256 164,0569 0,8454 23,0000 
6,500 3594,2465 1445,2975 5,4781 428,4552 18,2595 -0,2278 163,5507 0,8447 23,0000 
6,550 3614,5468 1451,9845 5,5593 426,6605 18,1967 -0,2301 163,0433 0,8440 23,0000 
6,600 3634,7694 1458,6214 5,6409 424,8784 18,1337 -0,2324 162,5348 0,8432 23,0000 
6,650 3654,9150 1465,2084 5,7230 423,1088 18,0704 -0,2346 162,0255 0,8425 23,0000 
6,700 3674,9839 1471,7457 5,8055 421,3515 18,0068 -0,2369 161,5153 0,8418 23,0000 
6,750 3694,9769 1478,2337 5,8886 419,6065 17,9429 -0,2392 161,0043 0,8411 23,0000 
6,800 3714,8944 1484,6726 5,9721 417,8737 17,8788 -0,2415 160,4928 0,8405 23,0000 
6,850 3734,7368 1491,0627 6,0562 416,1529 17,8143 -0,2438 159,9807 0,8398 23,0000 
6,900 3754,5049 1497,4042 6,1407 414,4440 17,7496 -0,2460 159,4683 0,8391 23,0000 
6,950 3774,1989 1503,6974 6,2256 412,7469 17,6845 -0,2483 158,9555 0,8384 23,0000 
7,000 3793,8196 1509,9425 6,3111 411,0616 17,6192 -0,2506 158,4424 0,8378 23,0000 
7,050 3813,3673 1516,1399 6,3970 409,3879 17,5536 -0,2530 157,9292 0,8371 23,0000 
7,100 3832,8426 1522,2897 6,4833 407,7257 17,4877 -0,2553 157,4159 0,8364 23,0000 
7,150 3852,2459 1528,3922 6,5702 406,0749 17,4215 -0,2576 156,9027 0,8358 23,0000 
7,200 3871,5778 1534,4476 6,6575 404,4354 17,3551 -0,2599 156,3895 0,8352 23,0000 
7,250 3890,8387 1540,4562 6,7452 402,8072 17,2883 -0,2622 155,8764 0,8345 23,0000 
7,300 3910,0291 1546,4183 6,8335 401,1900 17,2212 -0,2645 155,3636 0,8339 23,0000 
7,350 3929,1496 1552,3340 6,9221 399,5839 17,1539 -0,2669 154,8511 0,8333 23,0000 
7,400 3948,2005 1558,2037 7,0113 397,9887 17,0862 -0,2692 154,3390 0,8326 23,0000 
7,450 3967,1825 1564,0275 7,1008 396,4154 17,0183 -0,2715 153,8272 0,8320 23,0000 
7,500 3986,0966 1569,8059 7,1909 394,8555 16,9500 -0,2739 153,3161 0,8314 23,0000 
7,550 4004,9432 1575,5391 7,2813 393,3071 16,8815 -0,2762 152,8055 0,8308 23,0000 
7,600 4023,7229 1581,2274 7,3722 391,7702 16,8127 -0,2785 152,2955 0,8302 23,0000 
7,650 4042,4360 1586,8709 7,4636 390,2450 16,7436 -0,2808 151,7862 0,8296 23,0000 
7,700 4061,0833 1592,4700 7,5554 388,7317 16,6742 -0,2832 151,2777 0,8290 23,0000 
7,750 4079,6651 1598,0248 7,6476 387,2304 16,6045 -0,2855 150,7700 0,8284 23,0000 
7,800 4098,1820 1603,5357 7,7402 385,7414 16,5345 -0,2878 150,2632 0,8278 23,0000 
7,850 4116,6345 1609,0029 7,8333 384,2649 16,4643 -0,2902 149,7572 0,8273 23,0000 
7,900 4135,0233 1614,4265 7,9268 382,8010 16,3937 -0,2925 149,2522 0,8267 23,0000 
7,950 4153,3487 1619,8070 8,0207 381,3498 16,3228 -0,2948 148,7483 0,8261 23,0000 
8,000 4171,6115 1625,1444 8,1151 379,9118 16,2517 -0,2972 148,2454 0,8256 23,0000 
8,050 4189,8122 1630,4392 8,2098 378,4869 16,1803 -0,2995 147,7435 0,8250 23,0000 
8,100 4207,9514 1635,6914 8,3050 377,0754 16,1085 -0,3018 147,2429 0,8244 23,0000 
8,150 4226,0297 1640,9015 8,4006 375,6775 16,0365 -0,3041 146,7434 0,8239 23,0000 
8,200 4244,0477 1646,0696 8,4966 374,2934 15,9642 -0,3065 146,2451 0,8233 23,0000 
8,250 4262,0059 1651,1960 8,5930 372,9233 15,8916 -0,3088 145,7481 0,8228 23,0000 
8,300 4279,9051 1656,2810 8,6899 371,5673 15,8187 -0,3111 145,2525 0,8223 23,0000 
8,350 4297,7459 1661,3249 8,7871 370,2256 15,7456 -0,3134 144,7581 0,8217 23,0000 
8,400 4315,5289 1666,3278 8,8847 368,8984 15,6721 -0,3157 144,2652 0,8212 23,0000 
8,450 4333,2547 1671,2901 8,9827 367,5859 15,5984 -0,3180 143,7736 0,8207 23,0000 
8,500 4350,9240 1676,2120 9,0811 366,2881 15,5244 -0,3202 143,2836 0,8202 23,0000 
8,550 4368,5376 1681,0938 9,1799 365,0053 15,4500 -0,3225 142,7950 0,8197 23,0000 
8,600 4386,0959 1685,9357 9,2791 363,7375 15,3755 -0,3248 142,3079 0,8192 23,0000 
8,650 4403,5998 1690,7381 9,3787 362,4850 15,3006 -0,3270 141,8224 0,8187 23,0000 
8,700 4421,0500 1695,5012 9,4786 361,2477 15,2255 -0,3293 141,3385 0,8182 23,0000 
8,750 4438,4470 1700,2252 9,5789 360,0259 15,1500 -0,3315 140,8561 0,8177 23,0000 
8,800 4455,7917 1704,9105 9,6796 358,8195 15,0743 -0,3338 140,3754 0,8172 23,0000 
8,850 4473,0846 1709,5572 9,7807 357,6288 14,9984 -0,3360 139,8964 0,8167 23,0000 
8,900 4490,3266 1714,1657 9,8822 356,4537 14,9221 -0,3382 139,4191 0,8162 23,0000 
8,950 4507,5183 1718,7362 9,9840 355,2943 14,8456 -0,3404 138,9435 0,8157 23,0000 
9,000 4524,6604 1723,2689 10,0862 354,1508 14,7688 -0,3426 138,4696 0,8153 23,0000 
9,050 4541,7537 1727,7643 10,1887 353,0230 14,6918 -0,3448 137,9975 0,8148 23,0000 
9,100 4558,7988 1732,2224 10,2916 351,9112 14,6145 -0,3469 137,5272 0,8143 23,0000 
9,150 4575,7966 1736,6435 10,3948 350,8152 14,5369 -0,3491 137,0586 0,8139 23,0000 
9,200 4592,7476 1741,0280 10,4984 349,7351 14,4590 -0,3512 136,5919 0,8134 23,0000 
9,250 4609,6527 1745,3761 10,6023 348,6709 14,3809 -0,3533 136,1271 0,8130 23,0000 
9,300 4626,5125 1749,6880 10,7066 347,6225 14,3026 -0,3554 135,6641 0,8125 23,0000 
9,350 4643,3278 1753,9639 10,8112 346,5901 14,2240 -0,3575 135,2030 0,8121 23,0000 
9,400 4660,0993 1758,2042 10,9162 345,5735 14,1451 -0,3596 134,7437 0,8116 23,0000 
9,450 4676,8277 1762,4091 11,0215 344,5727 14,0660 -0,3616 134,2864 0,8112 23,0000 
9,500 4693,5138 1766,5787 11,1271 343,5877 13,9866 -0,3637 133,8310 0,8108 23,0000 
9,550 4710,1582 1770,7135 11,2331 342,6183 13,9070 -0,3657 133,3776 0,8103 23,0000 
9,600 4726,7616 1774,8135 11,3393 341,6647 13,8271 -0,3677 132,9260 0,8099 23,0000 
9,650 4743,3248 1778,8791 11,4459 340,7265 13,7470 -0,3697 132,4765 0,8095 23,0000 
9,700 4759,8485 1782,9105 11,5528 339,8039 13,6667 -0,3717 132,0289 0,8091 23,0000 
9,750 4776,3334 1786,9079 11,6600 338,8967 13,5861 -0,3736 131,5833 0,8087 23,0000 
9,800 4792,7802 1790,8715 11,7676 338,0048 13,5053 -0,3756 131,1397 0,8082 23,0000 
9,850 4809,1896 1794,8016 11,8754 337,1281 13,4243 -0,3775 130,6981 0,8078 23,0000 
9,900 4825,5622 1798,6983 11,9835 336,2665 13,3430 -0,3794 130,2585 0,8074 23,0000 
9,950 4841,8988 1802,5620 12,0920 335,4199 13,2615 -0,3813 129,8209 0,8070 23,0000 
10,000 4858,2000 1806,3928 12,2007 334,5882 13,1798 -0,3831 129,3853 0,8066 23,0000 
10,050 4874,4665 1810,1910 12,3098 333,7712 13,0979 -0,3850 128,9517 0,8062 23,0000 
10,100 4890,6990 1813,9566 12,4191 332,9688 13,0157 -0,3868 128,5202 0,8059 23,0000 
10,150 4906,8982 1817,6901 12,5287 332,1809 12,9333 -0,3886 128,0907 0,8055 23,0000 
10,200 4923,0647 1821,3915 12,6386 331,4074 12,8507 -0,3904 127,6633 0,8051 23,0000 
10,250 4939,1990 1825,0610 12,7488 330,6455 12,7679 -0,3922 127,2378 0,8047 23,0000 
10,300 4955,3018 1828,6989 12,8592 329,8921 12,6849 -0,3939 126,8145 0,8043 23,0000 
10,350 4971,3732 1832,3052 12,9700 329,1471 12,6017 -0,3957 126,3931 0,8040 23,0000 
10,400 4987,4137 1835,8800 13,0810 328,4102 12,5182 -0,3974 125,9738 0,8036 23,0000 
10,450 5003,4236 1839,4235 13,1923 327,6812 12,4346 -0,3992 125,5565 0,8032 23,0000 
10,500 5019,4032 1842,9358 13,3039 326,9600 12,3507 -0,4009 125,1413 0,8029 23,0000 
10,550 5035,3530 1846,4171 13,4157 326,2465 12,2667 -0,4026 124,7280 0,8025 23,0000 
10,600 5051,2731 1849,8673 13,5278 325,5403 12,1824 -0,4043 124,3167 0,8022 23,0000 
10,650 5067,1640 1853,2868 13,6402 324,8415 12,0979 -0,4060 123,9074 0,8018 23,0000 
10,700 5083,0259 1856,6755 13,7529 324,1497 12,0132 -0,4078 123,5002 0,8015 23,0000 
10,750 5098,8591 1860,0336 13,8658 323,4649 11,9283 -0,4094 123,0948 0,8011 23,0000 
10,800 5114,6640 1863,3612 13,9789 322,7870 11,8433 -0,4111 122,6915 0,8008 23,0000 
10,850 5130,4407 1866,6584 14,0924 322,1157 11,7580 -0,4128 122,2901 0,8004 23,0000 
10,900 5146,1897 1869,9252 14,2061 321,4509 11,6725 -0,4145 121,8907 0,8001 23,0000 
10,950 5161,9111 1873,1619 14,3201 320,7926 11,5868 -0,4162 121,4933 0,7998 23,0000 
11,000 5177,6053 1876,3684 14,4343 320,1406 11,5009 -0,4178 121,0977 0,7994 23,0000 
11,050 5193,2724 1879,5450 14,5488 319,4947 11,4148 -0,4195 120,7041 0,7991 23,0000 
11,100 5208,9128 1882,6916 14,6635 318,8548 11,3285 -0,4212 120,3124 0,7988 23,0000 
11,150 5224,5266 1885,8084 14,7785 318,2209 11,2421 -0,4228 119,9227 0,7985 23,0000 
11,200 5240,1143 1888,8955 14,8938 317,5928 11,1554 -0,4244 119,5348 0,7981 23,0000 
11,250 5255,6759 1891,9529 15,0093 316,9703 11,0685 -0,4261 119,1489 0,7978 23,0000 
11,300 5271,2117 1894,9808 15,1250 316,3535 10,9815 -0,4277 118,7648 0,7975 23,0000 
11,350 5286,7219 1897,9792 15,2410 315,7422 10,8942 -0,4293 118,3826 0,7972 23,0000 
11,400 5302,2068 1900,9483 15,3573 315,1363 10,8068 -0,4310 118,0022 0,7969 23,0000 
11,450 5317,6666 1903,8880 15,4738 314,5356 10,7191 -0,4326 117,6237 0,7966 23,0000 
11,500 5333,1015 1906,7985 15,5905 313,9402 10,6313 -0,4342 117,2471 0,7963 23,0000 
11,550 5348,5117 1909,6799 15,7075 313,3499 10,5433 -0,4358 116,8723 0,7960 23,0000 
11,600 5363,8974 1912,5322 15,8248 312,7646 10,4551 -0,4374 116,4994 0,7957 23,0000 
11,650 5379,2588 1915,3555 15,9423 312,1842 10,3667 -0,4390 116,1282 0,7954 23,0000 
11,700 5394,5961 1918,1499 16,0600 311,6087 10,2782 -0,4406 115,7589 0,7952 23,0000 
11,750 5409,9096 1920,9154 16,1780 311,0380 10,1894 -0,4422 115,3913 0,7949 23,0000 
11,800 5425,1993 1923,6523 16,2962 310,4720 10,1005 -0,4438 115,0256 0,7946 23,0000 
11,850 5440,4655 1926,3604 16,4146 309,9106 10,0113 -0,4454 114,6616 0,7943 23,0000 
11,900 5455,7084 1929,0399 16,5333 309,3537 9,9220 -0,4469 114,2994 0,7940 23,0000 
11,950 5470,9281 1931,6908 16,6523 308,8013 9,8325 -0,4485 113,9390 0,7938 23,0000 
12,000 5486,1248 1934,3133 16,7714 308,2534 9,7429 -0,4501 113,5803 0,7935 23,0000 
12,050 5501,2987 1936,9073 16,8908 307,7097 9,6530 -0,4516 113,2234 0,7932 23,0000 
12,100 5516,4500 1939,4730 17,0105 307,1703 9,5630 -0,4532 112,8682 0,7930 23,0000 
12,150 5531,5788 1942,0104 17,1304 306,6351 9,4728 -0,4548 112,5147 0,7927 23,0000 
12,200 5546,6853 1944,5196 17,2505 306,1041 9,3824 -0,4563 112,1629 0,7925 23,0000 
12,250 5561,7696 1947,0006 17,3708 305,5771 9,2918 -0,4579 111,8128 0,7922 23,0000 
12,300 5576,8319 1949,4535 17,4914 305,0542 9,2011 -0,4594 111,4645 0,7920 23,0000 
12,350 5591,8724 1951,8784 17,6122 304,5352 9,1102 -0,4610 111,1178 0,7917 23,0000 
12,400 5606,8912 1954,2754 17,7332 304,0201 9,0191 -0,4625 110,7727 0,7915 23,0000 
12,450 5621,8884 1956,6444 17,8545 303,5089 8,9278 -0,4641 110,4294 0,7912 23,0000 
12,500 5636,8642 1958,9855 17,9760 303,0014 8,8363 -0,4656 110,0877 0,7910 23,0000 
12,550 5651,8188 1961,2989 18,0977 302,4977 8,7447 -0,4671 109,7476 0,7908 23,0000 
12,600 5666,7522 1963,5845 18,2197 301,9977 8,6529 -0,4687 109,4092 0,7905 23,0000 
12,650 5681,6646 1965,8424 18,3419 301,5014 8,5610 -0,4702 109,0724 0,7903 23,0000 
12,700 5696,5562 1968,0727 18,4643 301,0086 8,4688 -0,4717 108,7372 0,7901 23,0000 
12,750 5711,4271 1970,2754 18,5869 300,5193 8,3765 -0,4732 108,4036 0,7898 23,0000 
12,800 5726,2774 1972,4506 18,7098 300,0336 8,2841 -0,4748 108,0716 0,7896 23,0000 
12,850 5741,1073 1974,5984 18,8328 299,5513 8,1914 -0,4763 107,7412 0,7894 23,0000 
12,900 5755,9168 1976,7187 18,9561 299,0724 8,0986 -0,4778 107,4124 0,7892 23,0000 
12,950 5770,7061 1978,8116 19,0797 298,5969 8,0056 -0,4793 107,0852 0,7890 23,0000 
13,000 5785,4753 1980,8773 19,2034 298,1247 7,9125 -0,4808 106,7595 0,7888 23,0000 
13,050 5800,2245 1982,9156 19,3274 297,6558 7,8192 -0,4823 106,4353 0,7886 23,0000 
13,100 5814,9539 1984,9268 19,4516 297,1901 7,7257 -0,4838 106,1127 0,7884 23,0000 
13,150 5829,6636 1986,9108 19,5760 296,7276 7,6320 -0,4853 105,7916 0,7882 23,0000 
13,200 5844,3536 1988,8677 19,7006 296,2683 7,5382 -0,4868 105,4721 0,7880 23,0000 
13,250 5859,0242 1990,7975 19,8254 295,8121 7,4443 -0,4883 105,1540 0,7878 23,0000 
13,300 5873,6753 1992,7003 19,9505 295,3590 7,3501 -0,4898 104,8375 0,7876 23,0000 
13,350 5888,3072 1994,5761 20,0758 294,9089 7,2558 -0,4913 104,5225 0,7874 23,0000 
13,400 5902,9199 1996,4250 20,2013 294,4619 7,1614 -0,4928 104,2089 0,7872 23,0000 
13,450 5917,5135 1998,2470 20,3270 294,0179 7,0668 -0,4943 103,8968 0,7870 23,0000 
13,500 5932,0881 2000,0422 20,4529 293,5767 6,9720 -0,4958 103,5862 0,7868 23,0000 
13,550 5946,6439 2001,8106 20,5790 293,1386 6,8770 -0,4973 103,2771 0,7866 23,0000 
13,600 5961,1809 2003,5522 20,7054 292,7033 6,7819 -0,4987 102,9694 0,7865 23,0000 
13,650 5975,6992 2005,2671 20,8320 292,2708 6,6867 -0,5002 102,6631 0,7863 23,0000 
13,700 5990,1989 2006,9554 20,9588 291,8412 6,5913 -0,5017 102,3583 0,7861 23,0000 
13,750 6004,6802 2008,6171 21,0857 291,4144 6,4957 -0,5032 102,0549 0,7860 23,0000 
13,800 6019,1431 2010,2522 21,2129 290,9903 6,4000 -0,5047 101,7529 0,7858 23,0000 
13,850 6033,5877 2011,8607 21,3404 290,5690 6,3041 -0,5061 101,4523 0,7856 23,0000 
13,900 6048,0140 2013,4428 21,4680 290,1503 6,2081 -0,5076 101,1531 0,7855 23,0000 
13,950 6062,4223 2014,9984 21,5958 289,7344 6,1119 -0,5091 100,8553 0,7853 23,0000 
14,000 6076,8126 2016,5276 21,7239 289,3211 6,0155 -0,5105 100,5589 0,7852 23,0000 
14,050 6091,1849 2018,0304 21,8521 288,9104 5,9190 -0,5120 100,2638 0,7850 23,0000 
14,100 6105,5394 2019,5069 21,9806 288,5024 5,8224 -0,5135 99,9701 0,7849 23,0000 
14,150 6119,8761 2020,9572 22,1092 288,0969 5,7256 -0,5149 99,6778 0,7847 23,0000 
14,200 6134,1951 2022,3811 22,2381 287,6939 5,6286 -0,5164 99,3868 0,7846 23,0000 
14,250 6148,4965 2023,7789 22,3672 287,2935 5,5315 -0,5179 99,0972 0,7844 23,0000 
14,300 6162,7805 2025,1505 22,4965 286,8956 5,4343 -0,5193 98,8089 0,7843 23,0000 
14,350 6177,0469 2026,4959 22,6260 286,5002 5,3369 -0,5208 98,5219 0,7841 23,0000 
14,400 6191,2961 2027,8153 22,7557 286,1072 5,2393 -0,5222 98,2362 0,7840 23,0000 
14,450 6205,5279 2029,1085 22,8856 285,7167 5,1416 -0,5237 97,9518 0,7839 23,0000 
14,500 6219,7425 2030,3758 23,0157 285,3285 5,0438 -0,5251 97,6688 0,7838 23,0000 
14,550 6233,9400 2031,6171 23,1460 284,9428 4,9458 -0,5266 97,3870 0,7836 23,0000 
14,600 6248,1205 2032,8324 23,2765 284,5594 4,8477 -0,5281 97,1065 0,7835 23,0000 
14,650 6262,2840 2034,0218 23,4072 284,1784 4,7494 -0,5295 96,8273 0,7834 23,0000 
14,700 6276,4305 2035,1854 23,5382 283,7997 4,6510 -0,5310 96,5493 0,7833 23,0000 
14,750 6290,5603 2036,3231 23,6693 283,4234 4,5524 -0,5324 96,2727 0,7832 23,0000 
14,800 6304,6732 2037,4349 23,8006 283,0493 4,4537 -0,5338 95,9972 0,7830 23,0000 
14,850 6318,7695 2038,5211 23,9321 282,6775 4,3549 -0,5353 95,7230 0,7829 23,0000 
14,900 6332,8491 2039,5814 24,0638 282,3079 4,2559 -0,5367 95,4501 0,7828 23,0000 
14,950 6346,9122 2040,6161 24,1958 281,9406 4,1568 -0,5382 95,1784 0,7827 23,0000 
15,000 6360,9588 2041,6251 24,3279 281,5755 4,0575 -0,5396 94,9079 0,7826 23,0000 
15,050 6374,9890 2042,6085 24,4602 281,2125 3,9581 -0,5411 94,6386 0,7825 23,0000 
15,100 6389,0028 2043,5662 24,5927 280,8518 3,8585 -0,5425 94,3705 0,7824 23,0000 
15,150 6403,0003 2044,4984 24,7254 280,4933 3,7588 -0,5439 94,1037 0,7823 23,0000 
15,200 6416,9815 2045,4051 24,8584 280,1368 3,6590 -0,5454 93,8380 0,7822 23,0000 
15,250 6430,9466 2046,2862 24,9915 279,7825 3,5591 -0,5468 93,5735 0,7821 23,0000 
15,300 6444,8956 2047,1419 25,1248 279,4304 3,4590 -0,5483 93,3102 0,7821 23,0000 
15,350 6458,8285 2047,9721 25,2583 279,0803 3,3587 -0,5497 93,0480 0,7820 23,0000 
15,400 6472,7455 2048,7770 25,3920 278,7323 3,2584 -0,5511 92,7871 0,7819 23,0000 
15,450 6486,6465 2049,5564 25,5259 278,3864 3,1579 -0,5526 92,5273 0,7818 23,0000 
15,500 6500,5316 2050,3106 25,6600 278,0425 3,0573 -0,5540 92,2686 0,7817 23,0000 
15,550 6514,4010 2051,0394 25,7942 277,7007 2,9565 -0,5554 92,0111 0,7817 23,0000 
15,600 6528,2545 2051,7429 25,9287 277,3609 2,8556 -0,5569 91,7547 0,7816 23,0000 
15,650 6542,0924 2052,4212 26,0634 277,0231 2,7546 -0,5583 91,4995 0,7815 23,0000 
15,700 6555,9146 2053,0742 26,1982 276,6873 2,6534 -0,5597 91,2453 0,7815 23,0000 
15,750 6569,7213 2053,7021 26,3333 276,3535 2,5521 -0,5612 90,9923 0,7814 23,0000 
15,800 6583,5124 2054,3048 26,4686 276,0217 2,4507 -0,5626 90,7404 0,7813 23,0000 
15,850 6597,2880 2054,8824 26,6040 275,6918 2,3492 -0,5640 90,4897 0,7813 23,0000 
15,900 6611,0482 2055,4349 26,7396 275,3638 2,2475 -0,5654 90,2400 0,7812 23,0000 
15,950 6624,7930 2055,9623 26,8754 275,0378 2,1457 -0,5669 89,9914 0,7812 23,0000 
16,000 6638,5225 2056,4646 27,0115 274,7137 2,0438 -0,5683 89,7439 0,7811 23,0000 
16,050 6652,2367 2056,9420 27,1477 274,3915 1,9418 -0,5697 89,4974 0,7811 23,0000 
16,100 6665,9357 2057,3944 27,2840 274,0713 1,8396 -0,5712 89,2521 0,7810 23,0000 
16,150 6679,6195 2057,8218 27,4206 273,7528 1,7373 -0,5726 89,0078 0,7810 23,0000 
16,200 6693,2882 2058,2244 27,5574 273,4363 1,6349 -0,5740 88,7646 0,7809 23,0000 
16,250 6706,9418 2058,6020 27,6944 273,1216 1,5324 -0,5754 88,5224 0,7809 23,0000 
16,300 6720,5804 2058,9547 27,8315 272,8088 1,4297 -0,5768 88,2813 0,7809 23,0000 
16,350 6734,2040 2059,2827 27,9688 272,4978 1,3269 -0,5783 88,0412 0,7808 23,0000 
16,400 6747,8127 2059,5858 28,1064 272,1886 1,2240 -0,5797 87,8021 0,7808 23,0000 
16,450 6761,4065 2059,8641 28,2441 271,8813 1,1210 -0,5811 87,5641 0,7808 23,0000 
16,500 6774,9855 2060,1177 28,3820 271,5757 1,0179 -0,5825 87,3271 0,7808 23,0000 
16,550 6788,5496 2060,3466 28,5200 271,2719 0,9146 -0,5840 87,0912 0,7807 23,0000 
16,600 6802,0991 2060,5508 28,6583 270,9700 0,8113 -0,5854 86,8562 0,7807 23,0000 
16,650 6815,6338 2060,7303 28,7968 270,6698 0,7078 -0,5868 86,6223 0,7807 23,0000 
16,700 6829,1538 2060,8851 28,9354 270,3713 0,6042 -0,5882 86,3893 0,7807 23,0000 
16,750 6842,6592 2061,0154 29,0742 270,0746 0,5005 -0,5896 86,1573 0,7807 23,0000 
16,800 6856,1501 2061,1210 29,2132 269,7797 0,3966 -0,5911 85,9264 0,7807 23,0000 
16,850 6869,6264 2061,2021 29,3524 269,4865 0,2927 -0,5925 85,6964 0,7806 23,0000 
16,900 6883,0882 2061,2587 29,4918 269,1950 0,1886 -0,5939 85,4674 0,7806 23,0000 
16,950 6896,5356 2061,2908 29,6314 268,9052 0,0845 -0,5953 85,2394 0,7806 23,0000 
17,000 6909,9686 2061,2984 29,7711 268,6171 -0,0198 -0,5967 85,0123 0,7806 23,0000 
17,050 6923,3872 2061,2815 29,9110 268,3308 -0,1242 -0,5981 84,7862 0,7806 23,0000 
17,100 6936,7915 2061,2402 30,0511 268,0461 -0,2287 -0,5996 84,5611 0,7806 23,0000 
17,150 6950,1815 2061,1745 30,1914 267,7631 -0,3333 -0,6010 84,3369 0,7806 23,0000 
17,200 6963,5572 2061,0845 30,3319 267,4817 -0,4380 -0,6024 84,1136 0,7807 23,0000 
17,250 6976,9188 2060,9701 30,4725 267,2021 -0,5428 -0,6038 83,8913 0,7807 23,0000 
17,300 6990,2661 2060,8313 30,6134 266,9241 -0,6477 -0,6052 83,6700 0,7807 23,0000 
17,350 7003,5993 2060,6683 30,7544 266,6477 -0,7528 -0,6066 83,4495 0,7807 23,0000 
17,400 7016,9185 2060,4810 30,8956 266,3730 -0,8579 -0,6080 83,2300 0,7807 23,0000 
17,450 7030,2236 2060,2695 31,0369 266,0998 -0,9632 -0,6095 83,0114 0,7807 23,0000 
17,500 7043,5146 2060,0337 31,1785 265,8284 -1,0685 -0,6109 82,7937 0,7808 23,0000 
17,550 7056,7917 2059,7738 31,3202 265,5585 -1,1739 -0,6123 82,5770 0,7808 23,0000 
17,600 7070,0546 2059,4897 31,4621 265,2818 -1,2795 -0,6137 82,3611 0,7808 23,0000 
17,650 7083,3032 2059,1814 31,6042 265,0049 -1,3851 -0,6152 82,1461 0,7808 23,0000 
17,700 7096,5373 2058,8491 31,7465 264,7295 -1,4909 -0,6166 81,9320 0,7809 23,0000 
17,750 7109,7571 2058,4927 31,8889 264,4557 -1,5967 -0,6181 81,7188 0,7809 23,0000 
17,800 7122,9625 2058,1122 32,0315 264,1833 -1,7027 -0,6195 81,5065 0,7810 23,0000 
17,850 7136,1537 2057,7077 32,1743 263,9124 -1,8088 -0,6209 81,2950 0,7810 23,0000 
17,900 7149,3306 2057,2792 32,3173 263,6430 -1,9149 -0,6224 81,0844 0,7810 23,0000 
17,950 7162,4932 2056,8267 32,4605 263,3751 -2,0212 -0,6238 80,8747 0,7811 23,0000 
18,000 7175,6416 2056,3503 32,6038 263,1087 -2,1276 -0,6253 80,6658 0,7811 23,0000 
18,050 7188,7759 2055,8500 32,7473 262,8437 -2,2340 -0,6267 80,4578 0,7812 23,0000 
18,100 7201,8960 2055,3257 32,8910 262,5802 -2,3406 -0,6282 80,2506 0,7812 23,0000 
18,150 7215,0020 2054,7776 33,0348 262,3182 -2,4472 -0,6296 80,0443 0,7813 23,0000 
18,200 7228,0939 2054,2056 33,1789 262,0577 -2,5540 -0,6311 79,8388 0,7814 23,0000 
18,250 7241,1717 2053,6099 33,3231 261,7986 -2,6608 -0,6325 79,6341 0,7814 23,0000 
18,300 7254,2355 2052,9903 33,4675 261,5410 -2,7678 -0,6339 79,4303 0,7815 23,0000 
18,350 7267,2853 2052,3469 33,6120 261,2848 -2,8748 -0,6354 79,2273 0,7815 23,0000 
18,400 7280,3211 2051,6798 33,7568 261,0301 -2,9819 -0,6368 79,0251 0,7816 23,0000 
18,450 7293,3430 2050,9890 33,9017 260,7768 -3,0892 -0,6383 78,8237 0,7817 23,0000 
18,500 7306,3509 2050,2745 34,0467 260,5250 -3,1965 -0,6397 78,6232 0,7817 23,0000 
18,550 7319,3450 2049,5363 34,1920 260,2746 -3,3039 -0,6412 78,4234 0,7818 23,0000 
18,600 7332,3251 2048,7745 34,3374 260,0257 -3,4114 -0,6426 78,2245 0,7819 23,0000 
18,650 7345,2915 2047,9891 34,4830 259,7782 -3,5190 -0,6441 78,0263 0,7820 23,0000 
18,700 7358,2440 2047,1800 34,6288 259,5321 -3,6266 -0,6455 77,8290 0,7821 23,0000 
18,750 7371,1828 2046,3474 34,7747 259,2874 -3,7344 -0,6470 77,6324 0,7821 23,0000 
18,800 7384,1078 2045,4913 34,9208 259,0442 -3,8422 -0,6484 77,4367 0,7822 23,0000 
18,850 7397,0190 2044,6116 35,0671 258,8024 -3,9502 -0,6499 77,2417 0,7823 23,0000 
18,900 7409,9166 2043,7084 35,2136 258,5620 -4,0582 -0,6513 77,0475 0,7824 23,0000 
18,950 7422,8005 2042,7818 35,3602 258,3230 -4,1663 -0,6527 76,8540 0,7825 23,0000 
19,000 7435,6707 2041,8317 35,5070 258,0854 -4,2745 -0,6542 76,6614 0,7826 23,0000 
19,050 7448,5273 2040,8582 35,6540 257,8493 -4,3827 -0,6556 76,4695 0,7827 23,0000 
19,100 7461,3703 2039,8612 35,8011 257,6145 -4,4911 -0,6571 76,2783 0,7828 23,0000 
19,150 7474,1997 2038,8409 35,9484 257,3811 -4,5995 -0,6585 76,0879 0,7829 23,0000 
19,200 7487,0156 2037,7973 36,0959 257,1491 -4,7080 -0,6600 75,8983 0,7830 23,0000 
19,250 7499,8180 2036,7303 36,2435 256,9185 -4,8166 -0,6614 75,7094 0,7831 23,0000 
19,300 7512,6069 2035,6400 36,3913 256,6893 -4,9253 -0,6629 75,5213 0,7832 23,0000 
19,350 7525,3823 2034,5265 36,5393 256,4615 -5,0340 -0,6643 75,3339 0,7833 23,0000 
19,400 7538,1442 2033,3897 36,6874 256,2351 -5,1428 -0,6658 75,1473 0,7834 23,0000 
19,450 7550,8928 2032,2296 36,8357 256,0100 -5,2517 -0,6672 74,9614 0,7836 23,0000 
19,500 7563,6279 2031,0464 36,9842 255,7863 -5,3607 -0,6687 74,7762 0,7837 23,0000 
19,550 7576,3497 2029,8399 37,1328 255,5640 -5,4697 -0,6701 74,5917 0,7838 23,0000 
19,600 7589,0581 2028,6104 37,2816 255,3430 -5,5789 -0,6716 74,4080 0,7839 23,0000 
19,650 7601,7532 2027,3576 37,4306 255,1234 -5,6881 -0,6730 74,2250 0,7841 23,0000 
19,700 7614,4350 2026,0818 37,5798 254,9052 -5,7973 -0,6745 74,0427 0,7842 23,0000 
19,750 7627,1036 2024,7828 37,7291 254,6883 -5,9066 -0,6759 73,8612 0,7843 23,0000 
19,800 7639,7588 2023,4608 37,8785 254,4728 -6,0160 -0,6774 73,6803 0,7845 23,0000 
19,850 7652,4009 2022,1158 38,0281 254,2586 -6,1255 -0,6788 73,5001 0,7846 23,0000 
19,900 7665,0297 2020,7477 38,1779 254,0458 -6,2351 -0,6803 73,3207 0,7847 23,0000 
19,950 7677,6454 2019,3567 38,3279 253,8343 -6,3447 -0,6817 73,1419 0,7849 23,0000 
20,000 7690,2479 2017,9426 38,4780 253,6241 -6,4543 -0,6832 72,9639 0,7850 23,0000 
20,050 7702,8373 2016,5057 38,6283 253,4153 -6,5641 -0,6846 72,7865 0,7852 23,0000 
20,100 7715,4136 2015,0458 38,7787 253,2078 -6,6739 -0,6861 72,6098 0,7853 23,0000 
20,150 7727,9768 2013,5629 38,9293 253,0016 -6,7837 -0,6875 72,4339 0,7855 23,0000 
20,200 7740,5269 2012,0573 39,0801 252,7968 -6,8937 -0,6890 72,2586 0,7856 23,0000 
20,250 7753,0640 2010,5287 39,2310 252,5933 -7,0036 -0,6904 72,0839 0,7858 23,0000 
20,300 7765,5880 2008,9773 39,3821 252,3911 -7,1137 -0,6919 71,9100 0,7859 23,0000 
20,350 7778,0991 2007,4031 39,5334 252,1902 -7,2238 -0,6934 71,7367 0,7861 23,0000 
20,400 7790,5971 2005,8062 39,6848 251,9906 -7,3340 -0,6948 71,5641 0,7862 23,0000 
20,450 7803,0823 2004,1864 39,8363 251,7923 -7,4442 -0,6963 71,3922 0,7864 23,0000 
20,500 7815,5545 2002,5439 39,9881 251,5954 -7,5545 -0,6977 71,2209 0,7866 23,0000 
20,550 7828,0138 2000,8787 40,1400 251,3997 -7,6648 -0,6992 71,0503 0,7867 23,0000 
20,600 7840,4602 1999,1908 40,2920 251,2053 -7,7752 -0,7006 70,8803 0,7869 23,0000 
20,650 7852,8937 1997,4803 40,4442 251,0122 -7,8857 -0,7021 70,7110 0,7871 23,0000 
20,700 7865,3144 1995,7470 40,5966 250,8205 -7,9962 -0,7035 70,5424 0,7873 23,0000 
20,750 7877,7222 1993,9912 40,7491 250,6300 -8,1067 -0,7050 70,3743 0,7874 23,0000 
20,800 7890,1173 1992,2127 40,9018 250,4407 -8,2173 -0,7064 70,2070 0,7876 23,0000 
20,850 7902,4995 1990,4117 41,0546 250,2528 -8,3280 -0,7079 70,0403 0,7878 23,0000 
20,900 7914,8690 1988,5881 41,2076 250,0662 -8,4387 -0,7094 69,8742 0,7880 23,0000 
20,950 7927,2258 1986,7419 41,3608 249,8808 -8,5495 -0,7108 69,7087 0,7882 23,0000 
21,000 7939,5699 1984,8733 41,5141 249,6967 -8,6603 -0,7123 69,5439 0,7884 23,0000 
21,050 7951,9012 1982,9821 41,6675 249,5138 -8,7711 -0,7137 69,3798 0,7886 23,0000 
21,100 7964,2199 1981,0685 41,8211 249,3322 -8,8820 -0,7152 69,2162 0,7887 23,0000 
21,150 7976,5259 1979,1325 41,9749 249,1519 -8,9930 -0,7166 69,0533 0,7889 23,0000 
21,200 7988,8192 1977,1740 42,1288 248,9728 -9,1039 -0,7181 68,8910 0,7891 23,0000 
21,250 8001,1000 1975,1931 42,2829 248,7950 -9,2150 -0,7196 68,7293 0,7893 23,0000 
21,300 8013,3681 1973,1898 42,4372 248,6185 -9,3260 -0,7210 68,5682 0,7895 23,0000 
21,350 8025,6237 1971,1642 42,5915 248,4432 -9,4372 -0,7225 68,4078 0,7898 23,0000 
21,400 8037,8667 1969,1162 42,7461 248,2691 -9,5483 -0,7239 68,2479 0,7900 23,0000 
21,450 8050,0971 1967,0459 42,9008 248,0963 -9,6595 -0,7254 68,0887 0,7902 23,0000 
21,500 8062,3150 1964,9533 43,0556 247,9247 -9,7707 -0,7268 67,9300 0,7904 23,0000 
21,550 8074,5205 1962,8385 43,2106 247,7543 -9,8820 -0,7283 67,7720 0,7906 23,0000 
21,600 8086,7134 1960,7014 43,3658 247,5852 -9,9933 -0,7298 67,6146 0,7908 23,0000 
21,650 8098,8939 1958,5420 43,5211 247,4173 -10,1047 -0,7312 67,4577 0,7910 23,0000 
21,700 8111,0619 1956,3605 43,6765 247,2506 -10,2161 -0,7327 67,3015 0,7913 23,0000 
21,750 8123,2175 1954,1568 43,8321 247,0851 -10,3275 -0,7341 67,1458 0,7915 23,0000 
21,800 8135,3607 1951,9309 43,9879 246,9209 -10,4389 -0,7356 66,9908 0,7917 23,0000 
21,850 8147,4914 1949,6829 44,1438 246,7578 -10,5504 -0,7371 66,8363 0,7919 23,0000 
21,900 8159,6099 1947,4128 44,2999 246,5960 -10,6619 -0,7385 66,6824 0,7922 23,0000 
21,950 8171,7159 1945,1206 44,4561 246,4354 -10,7734 -0,7400 66,5291 0,7924 23,0000 
22,000 8183,8096 1942,8063 44,6124 246,2760 -10,8850 -0,7414 66,3764 0,7926 23,0000 
22,050 8195,8910 1940,4699 44,7689 246,1178 -10,9966 -0,7429 66,2242 0,7929 23,0000 
22,100 8207,9601 1938,1116 44,9256 245,9608 -11,1082 -0,7444 66,0726 0,7931 23,0000 
22,150 8220,0169 1935,7312 45,0824 245,8050 -11,2199 -0,7458 65,9216 0,7934 23,0000 
22,200 8232,0615 1933,3288 45,2393 245,6503 -11,3316 -0,7473 65,7712 0,7936 23,0000 
22,250 8244,0938 1930,9045 45,3964 245,4969 -11,4433 -0,7488 65,6213 0,7938 23,0000 
22,300 8256,1138 1928,4582 45,5537 245,3446 -11,5550 -0,7502 65,4720 0,7941 23,0000 
22,350 8268,1216 1925,9900 45,7111 245,1936 -11,6668 -0,7517 65,3232 0,7944 23,0000 
22,400 8280,1173 1923,4999 45,8686 245,0437 -11,7785 -0,7531 65,1751 0,7946 23,0000 
22,450 8292,1007 1920,9880 46,0263 244,8949 -11,8903 -0,7546 65,0274 0,7949 23,0000 
22,500 8304,0720 1918,4542 46,1841 244,7474 -12,0021 -0,7561 64,8803 0,7951 23,0000 
22,550 8316,0312 1915,8985 46,3421 244,6010 -12,1140 -0,7575 64,7338 0,7954 23,0000 
22,600 8327,9782 1913,3210 46,5002 244,4558 -12,2258 -0,7590 64,5878 0,7956 23,0000 
22,650 8339,9131 1910,7218 46,6585 244,3117 -12,3377 -0,7605 64,4424 0,7959 23,0000 
22,700 8351,8359 1908,1008 46,8169 244,1688 -12,4496 -0,7619 64,2975 0,7962 23,0000 
22,750 8363,7466 1905,4580 46,9754 244,0270 -12,5615 -0,7634 64,1532 0,7964 23,0000 
22,800 8375,6452 1902,7935 47,1341 243,8864 -12,6734 -0,7649 64,0094 0,7967 23,0000 
22,850 8387,5318 1900,1073 47,2930 243,7470 -12,7853 -0,7663 63,8661 0,7970 23,0000 
22,900 8399,4064 1897,3994 47,4520 243,6087 -12,8973 -0,7678 63,7234 0,7973 23,0000 
22,950 8411,2689 1894,6699 47,6111 243,4715 -13,0092 -0,7693 63,5812 0,7976 23,0000 
23,000 8423,1194 1891,9187 47,7704 243,3355 -13,1212 -0,7707 63,4396 0,7978 23,0000 
23,050 8434,9580 1889,1459 47,9298 243,2006 -13,2331 -0,7722 63,2985 0,7981 23,0000 
23,100 8446,7846 1886,3515 48,0893 243,0668 -13,3451 -0,7737 63,1579 0,7984 23,0000 
23,150 8458,5992 1883,5355 48,2490 242,9342 -13,4571 -0,7751 63,0178 0,7987 23,0000 
23,200 8470,4018 1880,6980 48,4089 242,8026 -13,5691 -0,7766 62,8783 0,7990 23,0000 
23,250 8482,1926 1877,8390 48,5688 242,6722 -13,6811 -0,7781 62,7392 0,7993 23,0000 
23,300 8493,9714 1874,9584 48,7289 242,5430 -13,7931 -0,7795 62,6007 0,7996 23,0000 
23,350 8505,7384 1872,0564 48,8892 242,4148 -13,9051 -0,7810 62,4627 0,7999 23,0000 
23,400 8517,4934 1869,1328 49,0496 242,2877 -14,0171 -0,7825 62,3253 0,8002 23,0000 
23,450 8529,2366 1866,1879 49,2101 242,1618 -14,1291 -0,7840 62,1883 0,8005 23,0000 
23,500 8540,9679 1863,2215 49,3708 242,0370 -14,2411 -0,7854 62,0519 0,8008 23,0000 
23,550 8552,6874 1860,2337 49,5316 241,9132 -14,3532 -0,7869 61,9159 0,8011 23,0000 
23,600 8564,3951 1857,2245 49,6926 241,7906 -14,4652 -0,7884 61,7805 0,8014 23,0000 
23,650 8576,0910 1854,1940 49,8537 241,6690 -14,5772 -0,7898 61,6456 0,8017 23,0000 
23,700 8587,7750 1851,1421 50,0149 241,5486 -14,6892 -0,7913 61,5112 0,8020 23,0000 
23,750 8599,4473 1848,0689 50,1763 241,4292 -14,8012 -0,7928 61,3773 0,8023 23,0000 
23,800 8611,1079 1844,9744 50,3378 241,3109 -14,9132 -0,7942 61,2438 0,8027 23,0000 
23,850 8622,7566 1841,8586 50,4994 241,1937 -15,0252 -0,7957 61,1109 0,8030 23,0000 
23,900 8634,3936 1838,7216 50,6612 241,0776 -15,1372 -0,7972 60,9785 0,8033 23,0000 
23,950 8646,0190 1835,5633 50,8231 240,9625 -15,2492 -0,7987 60,8466 0,8036 23,0000 
24,000 8657,6325 1832,3839 50,9851 240,8485 -15,3612 -0,8001 60,7151 0,8040 23,0000 
24,050 8669,2344 1829,1832 51,1473 240,7356 -15,4731 -0,8016 60,5842 0,8043 23,0000 
24,100 8680,8247 1825,9614 51,3096 240,6238 -15,5851 -0,8031 60,4537 0,8046 23,0000 
24,150 8692,4032 1822,7184 51,4721 240,5130 -15,6970 -0,8046 60,3238 0,8050 23,0000 
24,200 8703,9701 1819,4543 51,6347 240,4032 -15,8090 -0,8060 60,1943 0,8053 23,0000 
24,250 8715,5253 1816,1691 51,7974 240,2945 -15,9209 -0,8075 60,0653 0,8056 23,0000 
24,300 8727,0689 1812,8628 51,9602 240,1869 -16,0328 -0,8090 59,9368 0,8060 23,0000 
24,350 8738,6009 1809,5354 52,1232 240,0803 -16,1447 -0,8105 59,8087 0,8063 23,0000 
24,400 8750,1213 1806,1870 52,2863 239,9748 -16,2565 -0,8119 59,6812 0,8067 23,0000 
24,450 8761,6301 1802,8176 52,4496 239,8703 -16,3684 -0,8134 59,5541 0,8070 23,0000 
24,500 8773,1273 1799,4272 52,6130 239,7668 -16,4802 -0,8149 59,4275 0,8074 23,0000 
24,550 8784,6129 1796,0158 52,7765 239,6644 -16,5921 -0,8164 59,3014 0,8077 23,0000 
24,600 8796,0870 1792,5835 52,9401 239,5630 -16,7039 -0,8178 59,1757 0,8081 23,0000 
24,650 8807,5496 1789,1302 53,1039 239,4626 -16,8157 -0,8193 59,0505 0,8084 23,0000 
24,700 8819,0006 1785,6560 53,2678 239,3633 -16,9274 -0,8208 58,9258 0,8088 23,0000 
24,750 8830,4401 1782,1609 53,4318 239,2650 -17,0392 -0,8223 58,8015 0,8091 23,0000 
24,800 8841,8681 1778,6449 53,5960 239,1676 -17,1509 -0,8238 58,6777 0,8095 23,0000 
24,850 8853,2846 1775,1081 53,7603 239,0713 -17,2626 -0,8252 58,5544 0,8099 23,0000 
24,900 8864,6896 1771,5504 53,9247 238,9761 -17,3742 -0,8267 58,4315 0,8102 23,0000 
24,950 8876,0831 1767,9720 54,0893 238,8818 -17,4859 -0,8282 58,3091 0,8106 23,0000 
25,000 8887,4652 1764,3727 54,2540 238,7885 -17,5975 -0,8297 58,1872 0,8110 23,0000 
25,050 8898,8358 1760,7527 54,4188 238,6962 -17,7091 -0,8312 58,0657 0,8114 23,0000 
25,100 8910,1950 1757,1120 54,5837 238,6050 -17,8207 -0,8326 57,9446 0,8117 23,0000 
25,150 8921,5428 1753,4505 54,7488 238,5147 -17,9322 -0,8341 57,8240 0,8121 23,0000 
25,200 8932,8792 1749,7683 54,9140 238,4254 -18,0437 -0,8356 57,7039 0,8125 23,0000 
25,250 8944,2042 1746,0655 55,0793 238,3371 -18,1552 -0,8371 57,5842 0,8129 23,0000 
25,300 8955,5178 1742,3420 55,2448 238,2497 -18,2666 -0,8386 57,4650 0,8133 23,0000 
25,350 8966,8200 1738,5978 55,4103 238,1634 -18,3780 -0,8400 57,3462 0,8137 23,0000 
25,400 8978,1108 1734,8330 55,5760 238,0780 -18,4894 -0,8415 57,2278 0,8141 23,0000 
25,450 8989,3903 1731,0477 55,7419 237,9936 -18,6007 -0,8430 57,1099 0,8145 23,0000 
25,500 9000,6584 1727,2417 55,9078 237,9102 -18,7120 -0,8445 56,9925 0,8149 23,0000 
25,550 9011,9152 1723,4152 56,0739 237,8278 -18,8233 -0,8460 56,8755 0,8153 23,0000 
25,600 9023,1607 1719,5682 56,2401 237,7463 -18,9345 -0,8475 56,7589 0,8157 23,0000 
25,650 9034,3949 1715,7007 56,4064 237,6657 -19,0457 -0,8489 56,6428 0,8161 23,0000 
25,700 9045,6178 1711,8126 56,5728 237,5861 -19,1569 -0,8504 56,5271 0,8165 23,0000 
25,750 9056,8293 1707,9041 56,7394 237,5075 -19,2680 -0,8519 56,4118 0,8169 23,0000 
25,800 9068,0296 1703,9752 56,9061 237,4298 -19,3791 -0,8534 56,2970 0,8173 23,0000 
25,850 9079,2187 1700,0258 57,0729 237,3531 -19,4901 -0,8549 56,1826 0,8177 23,0000 
25,900 9090,3964 1696,0561 57,2398 237,2773 -19,6011 -0,8564 56,0686 0,8181 23,0000 
25,950 9101,5630 1692,0659 57,4069 237,2025 -19,7120 -0,8579 55,9551 0,8185 23,0000 
26,000 9112,7182 1688,0554 57,5741 237,1285 -19,8229 -0,8593 55,8420 0,8189 23,0000 
26,050 9123,8623 1684,0245 57,7414 237,0555 -19,9338 -0,8608 55,7293 0,8194 23,0000 
26,100 9134,9951 1679,9734 57,9088 236,9835 -20,0446 -0,8623 55,6170 0,8198 23,0000 
26,150 9146,1168 1675,9019 58,0763 236,9124 -20,1554 -0,8638 55,5052 0,8202 23,0000 
26,200 9157,2272 1671,8102 58,2440 236,8422 -20,2661 -0,8653 55,3938 0,8206 23,0000 
26,250 9168,3264 1667,6981 58,4118 236,7729 -20,3768 -0,8668 55,2828 0,8211 23,0000 
26,300 9179,4145 1663,5659 58,5797 236,7045 -20,4874 -0,8683 55,1723 0,8215 23,0000 
26,350 9190,4914 1659,4135 58,7477 236,6370 -20,5980 -0,8698 55,0621 0,8219 23,0000 
26,400 9201,5571 1655,2408 58,9158 236,5705 -20,7085 -0,8713 54,9524 0,8224 23,0000 
26,450 9212,6117 1651,0480 59,0841 236,5048 -20,8190 -0,8727 54,8431 0,8228 23,0000 
26,500 9223,6551 1646,8351 59,2525 236,4401 -20,9294 -0,8742 54,7342 0,8233 23,0000 
26,550 9234,6874 1642,6020 59,4210 236,3762 -21,0397 -0,8757 54,6257 0,8237 23,0000 
26,600 9245,7086 1638,3488 59,5896 236,3133 -21,1500 -0,8772 54,5177 0,8242 23,0000 
26,650 9256,7186 1634,0755 59,7583 236,2512 -21,2603 -0,8787 54,4100 0,8246 23,0000 
26,700 9267,7176 1629,7822 59,9271 236,1900 -21,3705 -0,8802 54,3028 0,8251 23,0000 
26,750 9278,7055 1625,4688 60,0961 236,1297 -21,4806 -0,8817 54,1959 0,8255 23,0000 
26,800 9289,6822 1621,1355 60,2652 236,0703 -21,5907 -0,8832 54,0895 0,8260 23,0000 
26,850 9300,6479 1616,7821 60,4344 236,0118 -21,7008 -0,8847 53,9835 0,8264 23,0000 
26,900 9311,6026 1612,4087 60,6037 235,9541 -21,8107 -0,8862 53,8779 0,8269 23,0000 
26,950 9322,5461 1608,0154 60,7731 235,8973 -21,9206 -0,8877 53,7727 0,8274 23,0000 
27,000 9333,4787 1603,6022 60,9426 235,8414 -22,0305 -0,8892 53,6679 0,8278 23,0000 
27,050 9344,4001 1599,1690 61,1122 235,7863 -22,1403 -0,8907 53,5635 0,8283 23,0000 
27,100 9355,3106 1594,7160 61,2820 235,7321 -22,2500 -0,8921 53,4595 0,8288 23,0000 
27,150 9366,2100 1590,2430 61,4519 235,6787 -22,3597 -0,8936 53,3559 0,8292 23,0000 
27,200 9377,0984 1585,7503 61,6218 235,6263 -22,4693 -0,8951 53,2527 0,8297 23,0000 
27,250 9387,9758 1581,2377 61,7919 235,5746 -22,5788 -0,8966 53,1499 0,8302 23,0000 
27,300 9398,8422 1576,7053 61,9621 235,5238 -22,6883 -0,8981 53,0474 0,8307 23,0000 
27,350 9409,6976 1572,1531 62,1325 235,4738 -22,7977 -0,8996 52,9454 0,8311 23,0000 
27,400 9420,5420 1567,5812 62,3029 235,4247 -22,9070 -0,9011 52,8438 0,8316 23,0000 
27,450 9431,3754 1562,9896 62,4734 235,3764 -23,0163 -0,9026 52,7426 0,8321 23,0000 
27,500 9442,1979 1558,3782 62,6441 235,3290 -23,1255 -0,9041 52,6417 0,8326 23,0000 
27,550 9453,0094 1553,7471 62,8148 235,2824 -23,2346 -0,9056 52,5413 0,8331 23,0000 
27,600 9463,8099 1549,0963 62,9857 235,2366 -23,3437 -0,9071 52,4412 0,8336 23,0000 
27,650 9474,5995 1544,4259 63,1567 235,1916 -23,4527 -0,9086 52,3416 0,8341 23,0000 
27,700 9485,3782 1539,7359 63,3278 235,1474 -23,5616 -0,9101 52,2423 0,8346 23,0000 
27,750 9496,1460 1535,0263 63,4990 235,1041 -23,6705 -0,9116 52,1434 0,8351 23,0000 
27,800 9506,9028 1530,2971 63,6703 235,0615 -23,7793 -0,9131 52,0449 0,8356 23,0000 
27,850 9517,6487 1525,5483 63,8417 235,0198 -23,8880 -0,9146 51,9468 0,8361 23,0000 
27,900 9528,3837 1520,7800 64,0132 234,9789 -23,9966 -0,9161 51,8490 0,8366 23,0000 
27,950 9539,1078 1515,9921 64,1848 234,9388 -24,1052 -0,9176 51,7517 0,8371 23,0000 
28,000 9549,8210 1511,1848 64,3565 234,8995 -24,2136 -0,9191 51,6547 0,8376 23,0000 
28,050 9560,5233 1506,3580 64,5284 234,8609 -24,3220 -0,9206 51,5581 0,8381 23,0000 
28,100 9571,2147 1501,5117 64,7003 234,8232 -24,4304 -0,9221 51,4619 0,8387 23,0000 
28,150 9581,8953 1496,6460 64,8724 234,7862 -24,5386 -0,9236 51,3660 0,8392 23,0000 
28,200 9592,5650 1491,7609 65,0445 234,7501 -24,6468 -0,9251 51,2706 0,8397 23,0000 
28,250 9603,2239 1486,8564 65,2168 234,7147 -24,7549 -0,9266 51,1755 0,8402 23,0000 
28,300 9613,8719 1481,9325 65,3891 234,6801 -24,8629 -0,9281 51,0808 0,8408 23,0000 
28,350 9624,5090 1476,9893 65,5616 234,6462 -24,9708 -0,9296 50,9864 0,8413 23,0000 
28,400 9635,1354 1472,0267 65,7342 234,6131 -25,0787 -0,9311 50,8924 0,8418 23,0000 
28,450 9645,7509 1467,0449 65,9068 234,5808 -25,1865 -0,9326 50,7989 0,8423 23,0000 
28,500 9656,3555 1462,0438 66,0796 234,5493 -25,2942 -0,9341 50,7056 0,8429 23,0000 
28,550 9666,9494 1457,0234 66,2525 234,5185 -25,4018 -0,9356 50,6128 0,8434 23,0000 
28,600 9677,5324 1451,9838 66,4255 234,4885 -25,5093 -0,9371 50,5203 0,8440 23,0000 
28,650 9688,1047 1446,9250 66,5985 234,4592 -25,6167 -0,9386 50,4282 0,8445 23,0000 
28,700 9698,6661 1441,8470 66,7717 234,4307 -25,7241 -0,9402 50,3364 0,8450 23,0000 
28,750 9709,2168 1436,7498 66,9450 234,4029 -25,8314 -0,9417 50,2450 0,8456 23,0000 
28,800 9719,7567 1431,6335 67,1184 234,3758 -25,9385 -0,9432 50,1540 0,8461 23,0000 
28,850 9730,2858 1426,4981 67,2918 234,3495 -26,0456 -0,9447 50,0634 0,8467 23,0000 
28,900 9740,8041 1421,3436 67,4654 234,3239 -26,1526 -0,9462 49,9731 0,8472 23,0000 
28,950 9751,3117 1416,1700 67,6391 234,2991 -26,2596 -0,9477 49,8832 0,8478 23,0000 
29,000 9761,8085 1410,9773 67,8129 234,2750 -26,3664 -0,9492 49,7936 0,8484 23,0000 
29,050 9772,2946 1405,7656 67,9867 234,2516 -26,4731 -0,9507 49,7044 0,8489 23,0000 
29,100 9782,7699 1400,5349 68,1607 234,2289 -26,5798 -0,9522 49,6156 0,8495 23,0000 
29,150 9793,2344 1395,2852 68,3348 234,2069 -26,6863 -0,9537 49,5271 0,8501 23,0000 
29,200 9803,6883 1390,0165 68,5089 234,1857 -26,7928 -0,9552 49,4389 0,8506 23,0000 
29,250 9814,1314 1384,7289 68,6832 234,1652 -26,8992 -0,9567 49,3512 0,8512 23,0000 
29,300 9824,5638 1379,4224 68,8575 234,1453 -27,0055 -0,9582 49,2638 0,8518 23,0000 
29,350 9834,9854 1374,0969 69,0320 234,1262 -27,1116 -0,9597 49,1767 0,8523 23,0000 
29,400 9845,3964 1368,7526 69,2065 234,1078 -27,2177 -0,9613 49,0900 0,8529 23,0000 
29,450 9855,7967 1363,3895 69,3812 234,0901 -27,3237 -0,9628 49,0037 0,8535 23,0000 
29,500 9866,1862 1358,0075 69,5559 234,0730 -27,4297 -0,9643 48,9177 0,8541 23,0000 
29,550 9876,5651 1352,6067 69,7307 234,0567 -27,5355 -0,9658 48,8320 0,8547 23,0000 
29,600 9886,9333 1347,1871 69,9057 234,0410 -27,6412 -0,9673 48,7467 0,8553 23,0000 
29,650 9897,2907 1341,7488 70,0807 234,0260 -27,7468 -0,9688 48,6618 0,8558 23,0000 
29,700 9907,6376 1336,2917 70,2558 234,0117 -27,8523 -0,9703 48,5772 0,8564 23,0000 
29,750 9917,9737 1330,8159 70,4310 233,9981 -27,9577 -0,9718 48,4929 0,8570 23,0000 
29,800 9928,2992 1325,3214 70,6063 233,9851 -28,0631 -0,9733 48,4090 0,8576 23,0000 
29,850 9938,6140 1319,8082 70,7817 233,9728 -28,1683 -0,9749 48,3255 0,8582 23,0000 
29,900 9948,9181 1314,2764 70,9571 233,9612 -28,2734 -0,9764 48,2423 0,8588 23,0000 
29,950 9959,2116 1308,7260 71,1327 233,9502 -28,3784 -0,9779 48,1594 0,8594 23,0000 
30,000 9969,4945 1303,1569 71,3083 233,9399 -28,4834 -0,9794 48,0769 0,8600 23,0000 
30,050 9979,7667 1297,5693 71,4841 233,9302 -28,5882 -0,9809 47,9948 0,8607 23,0000 
30,100 9990,0283 1291,9631 71,6599 233,9212 -28,6929 -0,9824 47,9129 0,8613 23,0000 
30,150 10000,2792 1286,3384 71,8358 233,9129 -28,7975 -0,9839 47,8315 0,8619 23,0000 
30,200 10010,5196 1280,6952 72,0118 233,9051 -28,9020 -0,9854 47,7503 0,8625 23,0000 
30,250 10020,7493 1275,0335 72,1879 233,8981 -29,0064 -0,9870 47,6695 0,8631 23,0000 
30,300 10030,9683 1269,3533 72,3641 233,8916 -29,1108 -0,9885 47,5890 0,8637 23,0000 
30,350 10041,1768 1263,6547 72,5404 233,8858 -29,2150 -0,9900 47,5089 0,8644 23,0000 
30,400 10051,3747 1257,9376 72,7167 233,8806 -29,3191 -0,9915 47,4291 0,8650 23,0000 
30,450 10061,5619 1252,2022 72,8932 233,8761 -29,4230 -0,9930 47,3497 0,8656 23,0000 
30,500 10071,7386 1246,4484 73,0697 233,8721 -29,5269 -0,9945 47,2706 0,8662 23,0000 
30,550 10081,9047 1240,6762 73,2463 233,8688 -29,6307 -0,9960 47,1918 0,8669 23,0000 
30,600 10092,0602 1234,8857 73,4230 233,8661 -29,7344 -0,9976 47,1134 0,8675 23,0000 
30,650 10102,2050 1229,0769 73,5998 233,8640 -29,8380 -0,9991 47,0353 0,8681 23,0000 
30,700 10112,3394 1223,2499 73,7767 233,8625 -29,9414 -1,0006 46,9575 0,8688 23,0000 
30,750 10122,4631 1217,4045 73,9536 233,8616 -30,0448 -1,0021 46,8801 0,8694 23,0000 
30,800 10132,5763 1211,5410 74,1307 233,8613 -30,1480 -1,0036 46,8030 0,8701 23,0000 
30,850 10142,6789 1205,6592 74,3078 233,8617 -30,2511 -1,0051 46,7262 0,8707 23,0000 
30,900 10152,7709 1199,7592 74,4850 233,8626 -30,3541 -1,0066 46,6498 0,8714 23,0000 
30,950 10162,8524 1193,8411 74,6622 233,8641 -30,4571 -1,0082 46,5736 0,8720 23,0000 
31,000 10172,9233 1187,9049 74,8396 233,8661 -30,5599 -1,0097 46,4979 0,8727 23,0000 
31,050 10182,9837 1181,9505 75,0170 233,8688 -30,6625 -1,0112 46,4224 0,8733 23,0000 
31,100 10193,0335 1175,9780 75,1946 233,8721 -30,7651 -1,0127 46,3473 0,8740 23,0000 
31,150 10203,0728 1169,9875 75,3722 233,8759 -30,8676 -1,0142 46,2725 0,8747 23,0000 
31,200 10213,1016 1163,9789 75,5498 233,8803 -30,9699 -1,0157 46,1980 0,8753 23,0000 
31,250 10223,1198 1157,9523 75,7276 233,8853 -31,0722 -1,0173 46,1239 0,8760 23,0000 
31,300 10233,1275 1151,9077 75,9054 233,8908 -31,1743 -1,0188 46,0501 0,8767 23,0000 
31,350 10243,1246 1145,8451 76,0833 233,8969 -31,2763 -1,0203 45,9766 0,8773 23,0000 
31,400 10253,1112 1139,7646 76,2613 233,9035 -31,3782 -1,0218 45,9034 0,8780 23,0000 
31,450 10263,0874 1133,6661 76,4394 233,9107 -31,4800 -1,0233 45,8305 0,8787 23,0000 
31,500 10273,0530 1127,5497 76,6175 233,9185 -31,5816 -1,0248 45,7580 0,8793 23,0000 
31,550 10283,0080 1121,4155 76,7957 233,9268 -31,6832 -1,0264 45,6858 0,8800 23,0000 
31,600 10292,9526 1115,2634 76,9740 233,9357 -31,7846 -1,0279 45,6139 0,8807 23,0000 
31,650 10302,8867 1109,0935 77,1524 233,9451 -31,8859 -1,0294 45,5424 0,8814 23,0000 
31,700 10312,8103 1102,9057 77,3308 233,9550 -31,9871 -1,0309 45,4711 0,8821 23,0000 
31,750 10322,7233 1096,7002 77,5094 233,9655 -32,0882 -1,0324 45,4002 0,8828 23,0000 
31,800 10332,6259 1090,4769 77,6879 233,9765 -32,1892 -1,0339 45,3296 0,8835 23,0000 
31,850 10342,5180 1084,2359 77,8666 233,9880 -32,2900 -1,0355 45,2593 0,8842 23,0000 
31,900 10352,3996 1077,9772 78,0453 234,0000 -32,3907 -1,0370 45,1893 0,8849 23,0000 
31,950 10362,2707 1071,7008 78,2241 234,0126 -32,4914 -1,0385 45,1197 0,8856 23,0000 
32,000 10372,1314 1065,4067 78,4030 234,0257 -32,5918 -1,0400 45,0503 0,8863 23,0000 
32,050 10381,9815 1059,0950 78,5820 234,0393 -32,6922 -1,0415 44,9813 0,8870 23,0000 
32,100 10391,8212 1052,7656 78,7610 234,0534 -32,7925 -1,0430 44,9126 0,8877 23,0000 
32,150 10401,6504 1046,4187 78,9401 234,0680 -32,8926 -1,0446 44,8442 0,8884 23,0000 
32,200 10411,4692 1040,0542 79,1192 234,0831 -32,9926 -1,0461 44,7761 0,8891 23,0000 
32,250 10421,2775 1033,6721 79,2984 234,0988 -33,0925 -1,0476 44,7083 0,8898 23,0000 
32,300 10431,0753 1027,2726 79,4777 234,1149 -33,1923 -1,0491 44,6409 0,8905 23,0000 
32,350 10440,8627 1020,8555 79,6571 234,1315 -33,2919 -1,0506 44,5737 0,8912 23,0000 
32,400 10450,6396 1014,4210 79,8365 234,1486 -33,3914 -1,0521 44,5069 0,8920 23,0000 
32,450 10460,4060 1007,9690 80,0160 234,1662 -33,4908 -1,0537 44,4403 0,8927 23,0000 
32,500 10470,1620 1001,4997 80,1956 234,1842 -33,5901 -1,0552 44,3741 0,8934 23,0000 
32,550 10479,9076 995,0129 80,3752 234,2028 -33,6892 -1,0567 44,3082 0,8942 23,0000 
32,600 10489,6427 988,5087 80,5549 234,2218 -33,7883 -1,0582 44,2426 0,8949 23,0000 
32,650 10499,3674 981,9872 80,7347 234,2413 -33,8872 -1,0597 44,1773 0,8956 23,0000 
32,700 10509,0816 975,4484 80,9145 234,2613 -33,9860 -1,0612 44,1123 0,8964 23,0000 
32,750 10518,7854 968,8923 81,0944 234,2817 -34,0846 -1,0628 44,0476 0,8971 23,0000 
32,800 10528,4788 962,3189 81,2743 234,3026 -34,1831 -1,0643 43,9832 0,8978 23,0000 
32,850 10538,1618 955,7282 81,4543 234,3239 -34,2816 -1,0658 43,9192 0,8986 23,0000 
32,900 10547,8343 949,1203 81,6344 234,3457 -34,3798 -1,0673 43,8554 0,8993 23,0000 
32,950 10557,4964 942,4953 81,8145 234,3680 -34,4780 -1,0688 43,7919 0,9001 23,0000 
33,000 10567,1480 935,8530 81,9947 234,3907 -34,5760 -1,0703 43,7288 0,9008 23,0000 
33,050 10576,7893 929,1936 82,1750 234,4138 -34,6739 -1,0718 43,6659 0,9016 23,0000 
33,100 10586,4201 922,5171 82,3553 234,4374 -34,7717 -1,0733 43,6033 0,9023 23,0000 
33,150 10596,0405 915,8235 82,5356 234,4615 -34,8694 -1,0749 43,5411 0,9031 23,0000 
33,200 10605,6505 909,1128 82,7161 234,4859 -34,9669 -1,0764 43,4791 0,9039 23,0000 
33,250 10615,2501 902,3850 82,8966 234,5108 -35,0643 -1,0779 43,4174 0,9046 23,0000 
33,300 10624,8393 895,6403 83,0771 234,5361 -35,1615 -1,0794 43,3561 0,9054 23,0000 
33,350 10634,4181 888,8785 83,2577 234,5619 -35,2587 -1,0809 43,2950 0,9062 23,0000 
33,400 10643,9865 882,0997 83,4384 234,5880 -35,3557 -1,0824 43,2342 0,9069 23,0000 
33,450 10653,5445 875,3040 83,6191 234,6146 -35,4526 -1,0839 43,1738 0,9077 23,0000 
33,500 10663,0921 868,4914 83,7999 234,6416 -35,5493 -1,0854 43,1136 0,9085 23,0000 
33,550 10672,6292 861,6619 83,9807 234,6690 -35,6460 -1,0869 43,0537 0,9092 23,0000 
33,600 10682,1560 854,8155 84,1616 234,6969 -35,7425 -1,0885 42,9941 0,9100 23,0000 
33,650 10691,6724 847,9522 84,3425 234,7251 -35,8388 -1,0900 42,9348 0,9108 23,0000 
33,700 10701,1785 841,0722 84,5235 234,7537 -35,9351 -1,0915 42,8758 0,9116 23,0000 
33,750 10710,6741 834,1753 84,7045 234,7827 -36,0312 -1,0930 42,8171 0,9124 23,0000 
33,800 10720,1593 827,2617 84,8856 234,8121 -36,1272 -1,0945 42,7587 0,9132 23,0000 
33,850 10729,6342 820,3313 85,0667 234,8419 -36,2230 -1,0960 42,7006 0,9140 23,0000 
33,900 10739,0987 813,3842 85,2479 234,8721 -36,3187 -1,0975 42,6428 0,9148 23,0000 
33,950 10748,5528 806,4204 85,4292 234,9027 -36,4143 -1,0990 42,5853 0,9156 23,0000 
34,000 10757,9965 799,4399 85,6104 234,9337 -36,5098 -1,1005 42,5280 0,9164 23,0000 
34,050 10767,4298 792,4428 85,7918 234,9650 -36,6051 -1,1020 42,4711 0,9172 23,0000 
34,100 10776,8528 785,4290 85,9732 234,9967 -36,7003 -1,1035 42,4144 0,9180 23,0000 
34,150 10786,2654 778,3987 86,1546 235,0288 -36,7953 -1,1050 42,3580 0,9188 23,0000 
34,200 10795,6676 771,3518 86,3361 235,0612 -36,8903 -1,1065 42,3019 0,9196 23,0000 
34,250 10805,0595 764,2883 86,5176 235,0940 -36,9851 -1,1080 42,2461 0,9204 23,0000 
34,300 10814,4410 757,2084 86,6992 235,1272 -37,0797 -1,1095 42,1906 0,9212 23,0000 
34,350 10823,8121 750,1119 86,8808 235,1607 -37,1743 -1,1110 42,1354 0,9220 23,0000 
34,400 10833,1729 742,9990 87,0624 235,1946 -37,2687 -1,1125 42,0805 0,9229 23,0000 
34,450 10842,5233 735,8696 87,2441 235,2288 -37,3630 -1,1140 42,0258 0,9237 23,0000 
34,500 10851,8634 728,7239 87,4259 235,2634 -37,4571 -1,1155 41,9714 0,9245 23,0000 
34,550 10861,1931 721,5617 87,6076 235,2983 -37,5511 -1,1170 41,9173 0,9253 23,0000 
34,600 10870,5124 714,3832 87,7895 235,3336 -37,6450 -1,1185 41,8635 0,9262 23,0000 
34,650 10879,8214 707,1883 87,9713 235,3692 -37,7387 -1,1200 41,8100 0,9270 23,0000 
34,700 10889,1200 699,9771 88,1532 235,4051 -37,8323 -1,1215 41,7568 0,9278 23,0000 
34,750 10898,4083 692,7497 88,3352 235,4414 -37,9258 -1,1230 41,7038 0,9287 23,0000 
34,800 10907,6862 685,5060 88,5172 235,4779 -38,0191 -1,1244 41,6511 0,9295 23,0000 
34,850 10916,9538 678,2460 88,6992 235,5149 -38,1123 -1,1259 41,5988 0,9304 23,0000 
34,900 10926,2111 670,9699 88,8813 235,5521 -38,2054 -1,1274 41,5466 0,9312 23,0000 
34,950 10935,4579 663,6776 89,0634 235,5896 -38,2983 -1,1289 41,4948 0,9320 23,0000 
35,000 10944,6945 656,3691 89,2455 235,6275 -38,3911 -1,1304 41,4432 0,9329 23,0000 
35,050 10953,9207 649,0445 89,4277 235,6657 -38,4838 -1,1319 41,3920 0,9338 23,0000 
35,100 10963,1365 641,7038 89,6099 235,7042 -38,5763 -1,1334 41,3410 0,9346 23,0000 
35,150 10972,3421 634,3470 89,7921 235,7429 -38,6687 -1,1348 41,2902 0,9355 23,0000 
35,200 10981,5372 626,9742 89,9744 235,7820 -38,7610 -1,1363 41,2398 0,9363 23,0000 
35,250 10990,7221 619,5853 90,1567 235,8214 -38,8531 -1,1378 41,1896 0,9372 23,0000 
35,300 10999,8966 612,1805 90,3390 235,8611 -38,9451 -1,1393 41,1397 0,9381 23,0000 
35,350 11009,0607 604,7597 90,5213 235,9010 -39,0370 -1,1407 41,0901 0,9389 23,0000 
35,400 11018,2146 597,3229 90,7037 235,9413 -39,1287 -1,1422 41,0408 0,9398 23,0000 
35,450 11027,3581 589,8703 90,8862 235,9818 -39,2203 -1,1437 40,9917 0,9407 23,0000 
35,500 11036,4912 582,4017 91,0686 236,0227 -39,3117 -1,1452 40,9429 0,9415 23,0000 
35,550 11045,6141 574,9173 91,2511 236,0638 -39,4031 -1,1466 40,8944 0,9424 23,0000 
35,600 11054,7266 567,4171 91,4336 236,1051 -39,4942 -1,1481 40,8461 0,9433 23,0000 
35,650 11063,8288 559,9010 91,6161 236,1468 -39,5853 -1,1496 40,7981 0,9442 23,0000 
35,700 11072,9206 552,3692 91,7987 236,1887 -39,6762 -1,1510 40,7504 0,9451 23,0000 
35,750 11082,0021 544,8216 91,9812 236,2309 -39,7670 -1,1525 40,7030 0,9460 23,0000 
35,800 11091,0733 537,2583 92,1639 236,2733 -39,8576 -1,1539 40,6558 0,9469 23,0000 
35,850 11100,1342 529,6793 92,3465 236,3160 -39,9481 -1,1554 40,6089 0,9477 23,0000 
35,900 11109,1847 522,0846 92,5291 236,3589 -40,0385 -1,1568 40,5622 0,9486 23,0000 
35,950 11118,2249 514,4743 92,7118 236,4021 -40,1287 -1,1583 40,5159 0,9495 23,0000 
36,000 11127,2548 506,8483 92,8945 236,4456 -40,2188 -1,1598 40,4698 0,9504 23,0000 
36,050 11136,2744 499,2068 93,0772 236,4893 -40,3088 -1,1612 40,4240 0,9513 23,0000 
36,100 11145,2837 491,5497 93,2599 236,5332 -40,3986 -1,1626 40,3784 0,9522 23,0000 
36,150 11154,2826 483,8770 93,4427 236,5774 -40,4883 -1,1641 40,3331 0,9532 23,0000 
36,200 11163,2712 476,1889 93,6254 236,6218 -40,5779 -1,1655 40,2881 0,9541 23,0000 
36,250 11172,2495 468,4853 93,8082 236,6664 -40,6673 -1,1670 40,2433 0,9550 23,0000 
36,300 11181,2175 460,7662 93,9910 236,7113 -40,7566 -1,1684 40,1988 0,9559 23,0000 
36,350 11190,1751 453,0316 94,1738 236,7564 -40,8457 -1,1698 40,1546 0,9568 23,0000 
36,400 11199,1224 445,2817 94,3566 236,8017 -40,9347 -1,1713 40,1106 0,9577 23,0000 
36,450 11208,0595 437,5164 94,5395 236,8472 -41,0236 -1,1727 40,0669 0,9587 23,0000 
36,500 11216,9862 429,7358 94,7223 236,8930 -41,1123 -1,1741 40,0234 0,9596 23,0000 
36,550 11225,9025 421,9398 94,9052 236,9390 -41,2009 -1,1755 39,9802 0,9605 23,0000 
36,600 11234,8086 414,1286 95,0880 236,9851 -41,2894 -1,1770 39,9373 0,9615 23,0000 
36,650 11243,7044 406,3021 95,2709 237,0315 -41,3777 -1,1784 39,8946 0,9624 23,0000 
36,700 11252,5898 398,4603 95,4538 237,0781 -41,4659 -1,1798 39,8522 0,9633 23,0000 
36,750 11261,4649 390,6034 95,6367 237,1248 -41,5540 -1,1812 39,8101 0,9643 23,0000 
36,800 11270,3297 382,7313 95,8195 237,1718 -41,6419 -1,1826 39,7682 0,9652 23,0000 
36,850 11279,1842 374,8440 96,0024 237,2190 -41,7297 -1,1840 39,7266 0,9661 23,0000 
36,900 11288,0284 366,9416 96,1853 237,2663 -41,8173 -1,1854 39,6852 0,9671 23,0000 
36,950 11296,8623 359,0241 96,3682 237,3139 -41,9048 -1,1868 39,6441 0,9680 23,0000 
37,000 11305,6858 351,0915 96,5511 237,3616 -41,9922 -1,1882 39,6033 0,9690 23,0000 
37,050 11314,4991 343,1439 96,7340 237,4095 -42,0795 -1,1896 39,5627 0,9700 23,0000 
37,100 11323,3020 335,1813 96,9169 237,4576 -42,1666 -1,1910 39,5223 0,9709 23,0000 
37,150 11332,0946 327,2036 97,0998 237,5058 -42,2535 -1,1924 39,4823 0,9719 23,0000 
37,200 11340,8769 319,2111 97,2827 237,5542 -42,3404 -1,1937 39,4424 0,9728 23,0000 
37,250 11349,6489 311,2036 97,4656 237,6028 -42,4271 -1,1951 39,4029 0,9738 23,0000 
37,300 11358,4106 303,1812 97,6485 237,6515 -42,5136 -1,1965 39,3636 0,9748 23,0000 
37,350 11367,1619 295,1439 97,8314 237,7004 -42,6001 -1,1978 39,3245 0,9757 23,0000 
37,400 11375,9030 287,0918 98,0143 237,7495 -42,6864 -1,1992 39,2857 0,9767 23,0000 
37,450 11384,6337 279,0249 98,1971 237,7987 -42,7725 -1,2005 39,2472 0,9777 23,0000 
37,500 11393,3541 270,9431 98,3800 237,8481 -42,8585 -1,2019 39,2089 0,9787 23,0000 
37,550 11402,0642 262,8467 98,5628 237,8976 -42,9444 -1,2032 39,1708 0,9796 23,0000 
37,600 11410,7640 254,7355 98,7456 237,9472 -43,0302 -1,2046 39,1331 0,9806 23,0000 
37,650 11419,4535 246,6096 98,9285 237,9970 -43,1158 -1,2059 39,0955 0,9816 23,0000 
37,700 11428,1327 238,4690 99,1113 238,0469 -43,2013 -1,2072 39,0582 0,9826 23,0000 
37,750 11436,8015 230,3138 99,2940 238,0969 -43,2866 -1,2085 39,0212 0,9836 23,0000 
37,800 11445,4600 222,1439 99,4768 238,1471 -43,3718 -1,2098 38,9845 0,9846 23,0000 
37,850 11454,1083 213,9595 99,6595 238,1974 -43,4569 -1,2112 38,9479 0,9856 23,0000 
37,900 11462,7462 205,7605 99,8422 238,2478 -43,5419 -1,2124 38,9117 0,9866 23,0000 
37,950 11471,3737 197,5470 100,0249 238,2983 -43,6267 -1,2137 38,8757 0,9876 23,0000 
38,000 11479,9910 189,3190 100,2076 238,3489 -43,7114 -1,2150 38,8399 0,9886 23,0000 
38,050 11488,5979 181,0765 100,3903 238,3996 -43,7959 -1,2163 38,8044 0,9896 23,0000 
38,100 11497,1945 172,8195 100,5729 238,4505 -43,8803 -1,2176 38,7691 0,9906 23,0000 
38,150 11505,7808 164,5482 100,7555 238,5014 -43,9646 -1,2188 38,7341 0,9916 23,0000 
38,200 11514,3568 156,2624 100,9380 238,5524 -44,0487 -1,2201 38,6994 0,9926 23,0000 
38,250 11522,9224 147,9623 101,1205 238,6035 -44,1328 -1,2213 38,6649 0,9936 23,0000 
38,300 11531,4778 139,6479 101,3030 238,6547 -44,2166 -1,2225 38,6307 0,9947 23,0000 
38,350 11540,0227 131,3192 101,4855 238,7060 -44,3004 -1,2238 38,5967 0,9957 23,0000 
38,400 11548,5574 122,9762 101,6679 238,7573 -44,3840 -1,2250 38,5629 0,9967 23,0000 
38,450 11557,0817 114,6190 101,8502 238,8087 -44,4675 -1,2262 38,5295 0,9977 23,0000 
38,500 11565,5957 106,2476 102,0326 238,8602 -44,5509 -1,2274 38,4963 0,9988 23,0000 
38,550 11574,0994 97,8620 102,2148 238,9117 -44,6341 -1,2285 38,4633 0,9998 23,0000 
38,600 11582,5927 89,4622 102,3971 238,9633 -44,7172 -1,2297 38,4306 1,0008 23,0000 
38,650 11591,0757 81,0483 102,5792 239,0149 -44,8002 -1,2308 38,3982 1,0019 23,0000 
38,700 11599,5483 72,6204 102,7614 239,0665 -44,8830 -1,2320 38,3660 1,0029 23,0000 
38,750 11608,0106 64,1783 102,9434 239,1182 -44,9657 -1,2331 38,3341 1,0040 23,0000 
38,800 11616,4626 55,7223 103,1254 239,1699 -45,0483 -1,2342 38,3025 1,0050 23,0000 
38,850 11624,9041 47,2522 103,3074 239,2216 -45,1308 -1,2352 38,2712 1,0060 23,0000 
38,900 11633,3354 38,7682 103,4892 239,2732 -45,2131 -1,2363 38,2401 1,0071 23,0000 
38,950 11641,7562 30,2702 103,6710 239,3248 -45,2954 -1,2373 38,2094 1,0082 23,0000 
39,000 11650,1667 21,7584 103,8527 239,3764 -45,3775 -1,2383 38,1790 1,0092 23,0000 
39,050 11658,5668 13,2326 104,0344 239,4278 -45,4595 -1,2392 38,1489 1,0103 23,0000 
39,100 11666,9565 4,6931 104,2159 239,4790 -45,5414 -1,2401 38,1192 1,0113 23,0000 
39,1274 11671,5541 0,0000 104,3155 239,5067 -45,5863 -1,2404 38,1033 1,0119 23,0000 
