t(c) x(м) y(м) z(м) Vk(м/с) teta(град) psy(град) omega_x(рад/с) pi(y) m(кг) 
0,000 0,0000 0,0000 0,0000 836,2300 24,2000 0,0000 0,0000 1,0119 23,0000 
0,050 38,0252 17,0772 0,0002 831,1371 24,1696 -0,0005 8,5435 1,0098 23,0000 
0,100 75,8283 34,0304 0,0007 826,0965 24,1390 -0,0012 16,7301 1,0077 23,0000 
0,150 113,4115 50,8609 0,0018 821,1058 24,1081 -0,0020 24,5801 1,0056 23,0000 
0,200 150,7770 67,5697 0,0033 816,1642 24,0771 -0,0028 32,1084 1,0035 23,0000 
0,250 187,9270 84,1579 0,0054 811,2708 24,0457 -0,0037 39,3284 1,0015 23,0000 
0,300 224,8636 100,6266 0,0081 806,4248 24,0142 -0,0046 46,2530 0,9995 23,0000 
0,350 261,5890 116,9768 0,0114 801,6256 23,9825 -0,0056 52,8943 0,9974 23,0000 
0,400 298,1051 133,2096 0,0152 796,8726 23,9505 -0,0066 59,2635 0,9955 23,0000 
0,450 334,4140 149,3260 0,0197 792,1650 23,9184 -0,0076 65,3717 0,9935 23,0000 
0,500 370,5178 165,3270 0,0248 787,5022 23,8860 -0,0086 71,2291 0,9915 23,0000 
0,550 406,4183 181,2137 0,0306 782,8838 23,8534 -0,0097 76,8457 0,9896 23,0000 
0,600 442,1176 196,9870 0,0370 778,3090 23,8206 -0,0108 82,2310 0,9876 23,0000 
0,650 477,6176 212,6479 0,0440 773,7773 23,7876 -0,0120 87,3940 0,9857 23,0000 
0,700 512,9201 228,1974 0,0518 769,2882 23,7543 -0,0131 92,3434 0,9838 23,0000 
0,750 548,0272 243,6364 0,0602 764,8411 23,7209 -0,0143 97,0874 0,9820 23,0000 
0,800 582,9405 258,9659 0,0693 760,4355 23,6872 -0,0155 101,6340 0,9801 23,0000 
0,850 617,6620 274,1867 0,0790 756,0709 23,6534 -0,0167 105,9908 0,9783 23,0000 
0,900 652,1934 289,2999 0,0895 751,7467 23,6193 -0,0180 110,1651 0,9764 23,0000 
0,950 686,5366 304,3063 0,1006 747,4624 23,5850 -0,0192 114,1638 0,9746 23,0000 
1,000 720,6932 319,2068 0,1125 743,2176 23,5505 -0,0205 117,9937 0,9728 23,0000 
1,050 754,6651 334,0023 0,1250 739,0117 23,5157 -0,0218 121,6611 0,9711 23,0000 
1,100 788,4540 348,6937 0,1383 734,8443 23,4808 -0,0232 125,1721 0,9693 23,0000 
1,150 822,0614 363,2819 0,1523 730,7150 23,4456 -0,0245 128,5328 0,9675 23,0000 
1,200 855,4893 377,7676 0,1670 726,6231 23,4103 -0,0258 131,7487 0,9658 23,0000 
1,250 888,7392 392,1518 0,1824 722,5747 23,3747 -0,0272 134,8253 0,9641 23,0000 
1,300 921,8130 406,4355 0,1985 718,5627 23,3389 -0,0286 137,7680 0,9624 23,0000 
1,350 954,7123 420,6193 0,2153 714,5854 23,3028 -0,0300 140,5816 0,9607 23,0000 
1,400 987,4386 434,7041 0,2329 710,6426 23,2666 -0,0314 143,2710 0,9590 23,0000 
1,450 1019,9934 448,6907 0,2511 706,7340 23,2301 -0,0329 145,8407 0,9573 23,0000 
1,500 1052,3783 462,5797 0,2701 702,8593 23,1935 -0,0343 148,2952 0,9557 23,0000 
1,550 1084,5946 476,3721 0,2898 699,0183 23,1566 -0,0358 150,6387 0,9540 23,0000 
1,600 1116,6440 490,0686 0,3102 695,2106 23,1195 -0,0373 152,8752 0,9524 23,0000 
1,650 1148,5279 503,6698 0,3314 691,4360 23,0821 -0,0387 155,0088 0,9508 23,0000 
1,700 1180,2477 517,1766 0,3532 687,6942 23,0446 -0,0403 157,0431 0,9492 23,0000 
1,750 1211,8049 530,5897 0,3758 683,9848 23,0068 -0,0418 158,9818 0,9476 23,0000 
1,800 1243,2009 543,9097 0,3991 680,3076 22,9688 -0,0433 160,8284 0,9461 23,0000 
1,850 1274,4371 557,1376 0,4232 676,6623 22,9306 -0,0449 162,5862 0,9445 23,0000 
1,900 1305,5149 570,2738 0,4479 673,0484 22,8922 -0,0464 164,2585 0,9430 23,0000 
1,950 1336,4358 583,3193 0,4734 669,4658 22,8535 -0,0480 165,8484 0,9414 23,0000 
2,000 1367,2010 596,2746 0,4996 665,9140 22,8147 -0,0496 167,3588 0,9399 23,0000 
2,050 1397,8120 609,1404 0,5265 662,3929 22,7756 -0,0512 168,7927 0,9384 23,0000 
2,100 1428,2701 621,9175 0,5541 658,9020 22,7362 -0,0528 170,1528 0,9369 23,0000 
2,150 1458,5766 634,6065 0,5824 655,4410 22,6967 -0,0544 171,4418 0,9354 23,0000 
2,200 1488,7329 647,2081 0,6115 652,0097 22,6569 -0,0560 172,6623 0,9340 23,0000 
2,250 1518,7402 659,7229 0,6413 648,6076 22,6169 -0,0577 173,8166 0,9325 23,0000 
2,300 1548,5998 672,1517 0,6717 645,2345 22,5767 -0,0593 174,9073 0,9311 23,0000 
2,350 1578,3131 684,4950 0,7029 641,8901 22,5363 -0,0610 175,9366 0,9296 23,0000 
2,400 1607,8812 696,7535 0,7348 638,5740 22,4956 -0,0626 176,9067 0,9282 23,0000 
2,450 1637,3054 708,9278 0,7674 635,2860 22,4547 -0,0643 177,8197 0,9268 23,0000 
2,500 1666,5870 721,0186 0,8007 632,0257 22,4136 -0,0660 178,6777 0,9254 23,0000 
2,550 1695,7272 733,0265 0,8347 628,7928 22,3722 -0,0677 179,4827 0,9240 23,0000 
2,600 1724,7271 744,9520 0,8694 625,5869 22,3306 -0,0694 180,2365 0,9226 23,0000 
2,650 1753,5880 756,7959 0,9048 622,4079 22,2888 -0,0712 180,9411 0,9213 23,0000 
2,700 1782,3110 768,5586 0,9409 619,2553 22,2468 -0,0729 181,5981 0,9199 23,0000 
2,750 1810,8973 780,2408 0,9778 616,1289 22,2045 -0,0746 182,2092 0,9186 23,0000 
2,800 1839,3481 791,8431 1,0153 613,0284 22,1620 -0,0764 182,7762 0,9172 23,0000 
2,850 1867,6645 803,3661 1,0534 609,9535 22,1193 -0,0782 183,3006 0,9159 23,0000 
2,900 1895,8475 814,8103 1,0923 606,9039 22,0763 -0,0799 183,7839 0,9146 23,0000 
2,950 1923,8984 826,1762 1,1319 603,8793 22,0331 -0,0817 184,2276 0,9133 23,0000 
3,000 1951,8182 837,4645 1,1722 600,8793 21,9897 -0,0835 184,6331 0,9120 23,0000 
3,050 1979,6080 848,6757 1,2131 597,9038 21,9460 -0,0853 185,0018 0,9107 23,0000 
3,100 2007,2689 859,8103 1,2547 594,9525 21,9021 -0,0871 185,3350 0,9095 23,0000 
3,150 2034,8019 870,8689 1,2970 592,0249 21,8580 -0,0889 185,6340 0,9082 23,0000 
3,200 2062,2080 881,8520 1,3400 589,1210 21,8136 -0,0908 185,9000 0,9069 23,0000 
3,250 2089,4884 892,7602 1,3837 586,2404 21,7691 -0,0926 186,1342 0,9057 23,0000 
3,300 2116,6440 903,5939 1,4280 583,3828 21,7242 -0,0945 186,3377 0,9045 23,0000 
3,350 2143,6758 914,3536 1,4730 580,5480 21,6792 -0,0963 186,5116 0,9033 23,0000 
3,400 2170,5849 925,0400 1,5187 577,7357 21,6339 -0,0982 186,6571 0,9020 23,0000 
3,450 2197,3722 935,6534 1,5650 574,9456 21,5883 -0,1000 186,7751 0,9008 23,0000 
3,500 2224,0387 946,1944 1,6120 572,1776 21,5426 -0,1019 186,8666 0,8997 23,0000 
3,550 2250,5854 956,6635 1,6597 569,4312 21,4965 -0,1038 186,9326 0,8985 23,0000 
3,600 2277,0131 967,0611 1,7080 566,7064 21,4503 -0,1057 186,9741 0,8973 23,0000 
3,650 2303,3229 977,3878 1,7569 564,0028 21,4038 -0,1076 186,9918 0,8961 23,0000 
3,700 2329,5157 987,6439 1,8066 561,3202 21,3571 -0,1095 186,9867 0,8950 23,0000 
3,750 2355,5924 997,8300 1,8568 558,6583 21,3101 -0,1114 186,9596 0,8938 23,0000 
3,800 2381,5539 1007,9466 1,9078 556,0170 21,2629 -0,1134 186,9113 0,8927 23,0000 
3,850 2407,4011 1017,9940 1,9593 553,3959 21,2155 -0,1153 186,8426 0,8916 23,0000 
3,900 2433,1349 1027,9728 2,0115 550,7949 21,1678 -0,1172 186,7542 0,8905 23,0000 
3,950 2458,7561 1037,8834 2,0644 548,2138 21,1198 -0,1192 186,6468 0,8893 23,0000 
4,000 2484,2657 1047,7262 2,1179 545,6522 21,0717 -0,1211 186,5213 0,8882 23,0000 
4,050 2509,6644 1057,5017 2,1720 543,1100 21,0233 -0,1231 186,3781 0,8871 23,0000 
4,100 2534,9532 1067,2103 2,2268 540,5870 20,9746 -0,1251 186,2181 0,8861 23,0000 
4,150 2560,1328 1076,8524 2,2822 538,0829 20,9257 -0,1270 186,0417 0,8850 23,0000 
4,200 2585,2042 1086,4284 2,3382 535,5975 20,8766 -0,1290 185,8497 0,8839 23,0000 
4,250 2610,1680 1095,9388 2,3948 533,1307 20,8272 -0,1310 185,6426 0,8829 23,0000 
4,300 2635,0252 1105,3840 2,4521 530,6822 20,7775 -0,1330 185,4210 0,8818 23,0000 
4,350 2659,7765 1114,7644 2,5100 528,2518 20,7276 -0,1350 185,1854 0,8808 23,0000 
4,400 2684,4227 1124,0804 2,5685 525,8393 20,6775 -0,1370 184,9364 0,8797 23,0000 
4,450 2708,9645 1133,3323 2,6276 523,4446 20,6271 -0,1390 184,6745 0,8787 23,0000 
4,500 2733,4029 1142,5207 2,6874 521,0674 20,5765 -0,1411 184,4001 0,8777 23,0000 
4,550 2757,7384 1151,6458 2,7477 518,7075 20,5257 -0,1431 184,1138 0,8767 23,0000 
4,600 2781,9719 1160,7081 2,8087 516,3647 20,4745 -0,1451 183,8161 0,8757 23,0000 
4,650 2806,1042 1169,7079 2,8702 514,0389 20,4232 -0,1472 183,5073 0,8747 23,0000 
4,700 2830,1359 1178,6456 2,9324 511,7299 20,3715 -0,1492 183,1879 0,8737 23,0000 
4,750 2854,0677 1187,5217 2,9951 509,4375 20,3197 -0,1513 182,8583 0,8727 23,0000 
4,800 2877,9005 1196,3364 3,0585 507,1615 20,2676 -0,1533 182,5190 0,8717 23,0000 
4,850 2901,6350 1205,0901 3,1224 504,9018 20,2152 -0,1554 182,1703 0,8708 23,0000 
4,900 2925,2717 1213,7832 3,1870 502,6581 20,1626 -0,1575 181,8127 0,8698 23,0000 
4,950 2948,8115 1222,4161 3,2521 500,4303 20,1097 -0,1596 181,4464 0,8689 23,0000 
5,000 2972,2549 1230,9890 3,3178 498,2182 20,0565 -0,1616 181,0718 0,8679 23,0000 
5,050 2995,6028 1239,5024 3,3841 496,0218 20,0032 -0,1637 180,6893 0,8670 23,0000 
5,100 3018,8558 1247,9567 3,4510 493,8407 19,9495 -0,1658 180,2992 0,8661 23,0000 
5,150 3042,0145 1256,3520 3,5184 491,6748 19,8956 -0,1679 179,9018 0,8652 23,0000 
5,200 3065,0796 1264,6888 3,5864 489,5241 19,8415 -0,1700 179,4975 0,8642 23,0000 
5,250 3088,0517 1272,9675 3,6550 487,3883 19,7871 -0,1722 179,0865 0,8633 23,0000 
5,300 3110,9316 1281,1883 3,7242 485,2672 19,7324 -0,1743 178,6691 0,8624 23,0000 
5,350 3133,7197 1289,3516 3,7940 483,1608 19,6775 -0,1764 178,2456 0,8615 23,0000 
5,400 3156,4169 1297,4577 3,8643 481,0689 19,6223 -0,1785 177,8164 0,8607 23,0000 
5,450 3179,0237 1305,5069 3,9351 478,9913 19,5669 -0,1807 177,3815 0,8598 23,0000 
5,500 3201,5407 1313,4995 4,0066 476,9279 19,5112 -0,1828 176,9414 0,8589 23,0000 
5,550 3223,9685 1321,4359 4,0785 474,8785 19,4552 -0,1850 176,4962 0,8581 23,0000 
5,600 3246,3077 1329,3164 4,1511 472,8430 19,3990 -0,1871 176,0462 0,8572 23,0000 
5,650 3268,5590 1337,1413 4,2242 470,8213 19,3425 -0,1893 175,5916 0,8563 23,0000 
5,700 3290,7229 1344,9108 4,2978 468,8132 19,2858 -0,1914 175,1327 0,8555 23,0000 
5,750 3312,8001 1352,6254 4,3720 466,8186 19,2288 -0,1936 174,6696 0,8547 23,0000 
5,800 3334,7911 1360,2852 4,4467 464,8374 19,1715 -0,1958 174,2025 0,8538 23,0000 
5,850 3356,6964 1367,8906 4,5220 462,8694 19,1140 -0,1980 173,7317 0,8530 23,0000 
5,900 3378,5167 1375,4419 4,5978 460,9145 19,0562 -0,2002 173,2574 0,8522 23,0000 
5,950 3400,2525 1382,9394 4,6742 458,9726 18,9982 -0,2024 172,7798 0,8514 23,0000 
6,000 3421,9044 1390,3833 4,7510 457,0435 18,9399 -0,2045 172,2989 0,8506 23,0000 
6,050 3443,4729 1397,7740 4,8285 455,1272 18,8813 -0,2067 171,8151 0,8498 23,0000 
6,100 3464,9586 1405,1117 4,9064 453,2234 18,8224 -0,2090 171,3284 0,8490 23,0000 
6,150 3486,3620 1412,3967 4,9849 451,3322 18,7633 -0,2112 170,8391 0,8482 23,0000 
6,200 3507,6836 1419,6293 5,0639 449,4533 18,7039 -0,2134 170,3473 0,8474 23,0000 
6,250 3528,9240 1426,8097 5,1434 447,5867 18,6443 -0,2156 169,8532 0,8467 23,0000 
6,300 3550,0838 1433,9383 5,2234 445,7314 18,5843 -0,2178 169,3568 0,8459 23,0000 
6,350 3571,1633 1441,0153 5,3040 443,8872 18,5241 -0,2201 168,8584 0,8451 23,0000 
6,400 3592,1630 1448,0409 5,3850 442,0542 18,4637 -0,2223 168,3581 0,8444 23,0000 
6,450 3613,0835 1455,0154 5,4666 440,2323 18,4030 -0,2245 167,8560 0,8436 23,0000 
6,500 3633,9252 1461,9390 5,5487 438,4218 18,3420 -0,2268 167,3523 0,8429 23,0000 
6,550 3654,6886 1468,8120 5,6313 436,6226 18,2807 -0,2290 166,8471 0,8422 23,0000 
6,600 3675,3742 1475,6347 5,7143 434,8348 18,2191 -0,2313 166,3404 0,8414 23,0000 
6,650 3695,9824 1482,4073 5,7979 433,0584 18,1573 -0,2335 165,8324 0,8407 23,0000 
6,700 3716,5138 1489,1301 5,8820 431,2936 18,0952 -0,2358 165,3233 0,8400 23,0000 
6,750 3736,9689 1495,8033 5,9666 429,5404 18,0328 -0,2380 164,8132 0,8393 23,0000 
6,800 3757,3482 1502,4271 6,0517 427,7988 17,9702 -0,2403 164,3020 0,8386 23,0000 
6,850 3777,6521 1509,0019 6,1372 426,0688 17,9073 -0,2426 163,7901 0,8379 23,0000 
6,900 3797,8812 1515,5278 6,2233 424,3506 17,8441 -0,2449 163,2774 0,8372 23,0000 
6,950 3818,0360 1522,0052 6,3098 422,6440 17,7806 -0,2472 162,7641 0,8365 23,0000 
7,000 3838,1169 1528,4343 6,3968 420,9492 17,7168 -0,2494 162,2502 0,8358 23,0000 
7,050 3858,1246 1534,8154 6,4844 419,2661 17,6528 -0,2517 161,7359 0,8351 23,0000 
7,100 3878,0594 1541,1486 6,5723 417,5948 17,5885 -0,2540 161,2212 0,8344 23,0000 
7,150 3897,9220 1547,4343 6,6608 415,9354 17,5239 -0,2563 160,7063 0,8338 23,0000 
7,200 3917,7128 1553,6726 6,7497 414,2877 17,4590 -0,2586 160,1911 0,8331 23,0000 
7,250 3937,4324 1559,8640 6,8391 412,6518 17,3939 -0,2609 159,6759 0,8325 23,0000 
7,300 3957,0812 1566,0085 6,9290 411,0277 17,3285 -0,2632 159,1607 0,8318 23,0000 
7,350 3976,6597 1572,1065 7,0194 409,4155 17,2628 -0,2656 158,6455 0,8312 23,0000 
7,400 3996,1686 1578,1582 7,1102 407,8150 17,1968 -0,2679 158,1305 0,8305 23,0000 
7,450 4015,6082 1584,1638 7,2015 406,2263 17,1305 -0,2702 157,6157 0,8299 23,0000 
7,500 4034,9791 1590,1236 7,2932 404,6494 17,0640 -0,2725 157,1011 0,8292 23,0000 
7,550 4054,2818 1596,0379 7,3854 403,0843 16,9971 -0,2749 156,5870 0,8286 23,0000 
7,600 4073,5169 1601,9068 7,4781 401,5309 16,9300 -0,2772 156,0732 0,8280 23,0000 
7,650 4092,6848 1607,7307 7,5712 399,9892 16,8626 -0,2795 155,5599 0,8274 23,0000 
7,700 4111,7860 1613,5097 7,6648 398,4592 16,7950 -0,2819 155,0471 0,8268 23,0000 
7,750 4130,8211 1619,2442 7,7588 396,9409 16,7270 -0,2842 154,5350 0,8262 23,0000 
7,800 4149,7906 1624,9342 7,8533 395,4343 16,6588 -0,2865 154,0235 0,8256 23,0000 
7,850 4168,6949 1630,5802 7,9482 393,9392 16,5903 -0,2889 153,5127 0,8250 23,0000 
7,900 4187,5346 1636,1823 8,0436 392,4558 16,5215 -0,2912 153,0026 0,8244 23,0000 
7,950 4206,3102 1641,7407 8,1394 390,9839 16,4524 -0,2936 152,4934 0,8238 23,0000 
8,000 4225,0221 1647,2558 8,2357 389,5234 16,3831 -0,2959 151,9851 0,8232 23,0000 
8,050 4243,6710 1652,7276 8,3324 388,0738 16,3134 -0,2982 151,4777 0,8226 23,0000 
8,100 4262,2571 1658,1565 8,4295 386,6357 16,2435 -0,3006 150,9712 0,8221 23,0000 
8,150 4280,7811 1663,5427 8,5270 385,2090 16,1733 -0,3029 150,4657 0,8215 23,0000 
8,200 4299,2435 1668,8863 8,6250 383,7935 16,1028 -0,3053 149,9613 0,8210 23,0000 
8,250 4317,6447 1674,1877 8,7234 382,3890 16,0321 -0,3076 149,4580 0,8204 23,0000 
8,300 4335,9852 1679,4470 8,8223 380,9956 15,9610 -0,3099 148,9558 0,8198 23,0000 
8,350 4354,2654 1684,6645 8,9215 379,6130 15,8897 -0,3123 148,4548 0,8193 23,0000 
8,400 4372,4859 1689,8404 9,0212 378,2410 15,8181 -0,3146 147,9549 0,8188 23,0000 
8,450 4390,6472 1694,9748 9,1213 376,8797 15,7462 -0,3169 147,4563 0,8182 23,0000 
8,500 4408,7496 1700,0681 9,2218 375,5288 15,6740 -0,3193 146,9590 0,8177 23,0000 
8,550 4426,7936 1705,1203 9,3227 374,1883 15,6016 -0,3216 146,4630 0,8172 23,0000 
8,600 4444,7796 1710,1318 9,4240 372,8581 15,5288 -0,3239 145,9682 0,8166 23,0000 
8,650 4462,7082 1715,1027 9,5258 371,5381 15,4558 -0,3262 145,4749 0,8161 23,0000 
8,700 4480,5798 1720,0332 9,6279 370,2283 15,3825 -0,3285 144,9829 0,8156 23,0000 
8,750 4498,3947 1724,9235 9,7304 368,9285 15,3090 -0,3308 144,4924 0,8151 23,0000 
8,800 4516,1534 1729,7739 9,8333 367,6387 15,2351 -0,3331 144,0032 0,8146 23,0000 
8,850 4533,8564 1734,5844 9,9366 366,3588 15,1610 -0,3354 143,5156 0,8141 23,0000 
8,900 4551,5041 1739,3554 10,0402 365,0888 15,0866 -0,3377 143,0294 0,8136 23,0000 
8,950 4569,0969 1744,0870 10,1443 363,8287 15,0119 -0,3400 142,5447 0,8131 23,0000 
9,000 4586,6352 1748,7793 10,2487 362,5782 14,9369 -0,3422 142,0615 0,8126 23,0000 
9,050 4604,1195 1753,4327 10,3535 361,3376 14,8617 -0,3445 141,5799 0,8121 23,0000 
9,100 4621,5501 1758,0472 10,4586 360,1065 14,7862 -0,3468 141,0999 0,8116 23,0000 
9,150 4638,9275 1762,6231 10,5641 358,8851 14,7104 -0,3490 140,6214 0,8112 23,0000 
9,200 4656,2521 1767,1606 10,6700 357,6734 14,6343 -0,3512 140,1445 0,8107 23,0000 
9,250 4673,5244 1771,6597 10,7762 356,4711 14,5579 -0,3535 139,6692 0,8102 23,0000 
9,300 4690,7447 1776,1208 10,8828 355,2784 14,4813 -0,3557 139,1956 0,8098 23,0000 
9,350 4707,9134 1780,5440 10,9897 354,0952 14,4044 -0,3579 138,7236 0,8093 23,0000 
9,400 4725,0309 1784,9295 11,0969 352,9214 14,3272 -0,3600 138,2532 0,8089 23,0000 
9,450 4742,0977 1789,2775 11,2045 351,7571 14,2498 -0,3622 137,7846 0,8084 23,0000 
9,500 4759,1142 1793,5881 11,3124 350,6022 14,1720 -0,3644 137,3176 0,8080 23,0000 
9,550 4776,0808 1797,8615 11,4206 349,4566 14,0940 -0,3665 136,8523 0,8075 23,0000 
9,600 4792,9978 1802,0979 11,5291 348,3204 14,0157 -0,3686 136,3887 0,8071 23,0000 
9,650 4809,8657 1806,2974 11,6380 347,1935 13,9372 -0,3707 135,9268 0,8066 23,0000 
9,700 4826,6849 1810,4604 11,7471 346,0759 13,8583 -0,3728 135,4667 0,8062 23,0000 
9,750 4843,4558 1814,5868 11,8565 344,9676 13,7792 -0,3749 135,0082 0,8058 23,0000 
9,800 4860,1788 1818,6769 11,9662 343,8685 13,6999 -0,3769 134,5516 0,8054 23,0000 
9,850 4876,8542 1822,7309 12,0762 342,7786 13,6202 -0,3790 134,0966 0,8049 23,0000 
9,900 4893,4825 1826,7489 12,1865 341,6980 13,5403 -0,3810 133,6435 0,8045 23,0000 
9,950 4910,0642 1830,7311 12,2971 340,6265 13,4601 -0,3830 133,1921 0,8041 23,0000 
10,000 4926,5995 1834,6776 12,4079 339,5657 13,3796 -0,3850 132,7425 0,8037 23,0000 
10,050 4943,0891 1838,5888 12,5190 338,5207 13,2989 -0,3869 132,2946 0,8033 23,0000 
10,100 4959,5337 1842,4647 12,6303 337,4920 13,2179 -0,3889 131,8486 0,8029 23,0000 
10,150 4975,9342 1846,3058 12,7419 336,4793 13,1366 -0,3908 131,4043 0,8025 23,0000 
10,200 4992,2911 1850,1121 12,8537 335,4825 13,0551 -0,3927 130,9619 0,8021 23,0000 
10,250 5008,6053 1853,8840 12,9658 334,5015 12,9733 -0,3945 130,5214 0,8017 23,0000 
10,300 5024,8774 1857,6216 13,0781 333,5361 12,8913 -0,3964 130,0827 0,8014 23,0000 
10,350 5041,1082 1861,3253 13,1906 332,5861 12,8090 -0,3982 129,6458 0,8010 23,0000 
10,400 5057,2984 1864,9952 13,3034 331,6512 12,7264 -0,4000 129,2109 0,8006 23,0000 
10,450 5073,4485 1868,6315 13,4164 330,7312 12,6436 -0,4018 128,7778 0,8002 23,0000 
10,500 5089,5594 1872,2345 13,5297 329,8258 12,5606 -0,4036 128,3466 0,7999 23,0000 
10,550 5105,6317 1875,8043 13,6431 328,9348 12,4773 -0,4053 127,9173 0,7995 23,0000 
10,600 5121,6660 1879,3413 13,7568 328,0578 12,3937 -0,4071 127,4899 0,7991 23,0000 
10,650 5137,6629 1882,8454 13,8707 327,1946 12,3099 -0,4088 127,0644 0,7988 23,0000 
10,700 5153,6231 1886,3171 13,9848 326,3448 12,2259 -0,4106 126,6409 0,7984 23,0000 
10,750 5169,5472 1889,7564 14,0992 325,5082 12,1416 -0,4123 126,2192 0,7981 23,0000 
10,800 5185,4358 1893,1635 14,2137 324,6844 12,0571 -0,4140 125,7995 0,7977 23,0000 
10,850 5201,2893 1896,5386 14,3285 323,8732 11,9723 -0,4157 125,3817 0,7974 23,0000 
10,900 5217,1085 1899,8820 14,4435 323,0742 11,8873 -0,4174 124,9658 0,7970 23,0000 
10,950 5232,8938 1903,1936 14,5588 322,2872 11,8021 -0,4191 124,5518 0,7967 23,0000 
11,000 5248,6458 1906,4738 14,6742 321,5117 11,7167 -0,4208 124,1398 0,7963 23,0000 
11,050 5264,3650 1909,7227 14,7899 320,7476 11,6310 -0,4225 123,7297 0,7960 23,0000 
11,100 5280,0519 1912,9404 14,9058 319,9944 11,5451 -0,4241 123,3215 0,7957 23,0000 
11,150 5295,7069 1916,1271 15,0219 319,2520 11,4590 -0,4258 122,9152 0,7954 23,0000 
11,200 5311,3306 1919,2829 15,1382 318,5199 11,3726 -0,4275 122,5109 0,7950 23,0000 
11,250 5326,9234 1922,4080 15,2548 317,7980 11,2861 -0,4291 122,1084 0,7947 23,0000 
11,300 5342,4857 1925,5025 15,3716 317,0858 11,1993 -0,4308 121,7079 0,7944 23,0000 
11,350 5358,0180 1928,5666 15,4886 316,3832 11,1123 -0,4324 121,3093 0,7941 23,0000 
11,400 5373,5207 1931,6003 15,6058 315,6899 11,0251 -0,4340 120,9125 0,7938 23,0000 
11,450 5388,9942 1934,6038 15,7232 315,0055 10,9376 -0,4357 120,5177 0,7935 23,0000 
11,500 5404,4389 1937,5773 15,8409 314,3298 10,8500 -0,4373 120,1248 0,7932 23,0000 
11,550 5419,8551 1940,5208 15,9588 313,6625 10,7621 -0,4389 119,7337 0,7929 23,0000 
11,600 5435,2432 1943,4344 16,0769 313,0035 10,6741 -0,4405 119,3446 0,7926 23,0000 
11,650 5450,6037 1946,3183 16,1952 312,3523 10,5858 -0,4421 118,9573 0,7923 23,0000 
11,700 5465,9367 1949,1726 16,3137 311,7088 10,4973 -0,4437 118,5718 0,7920 23,0000 
11,750 5481,2427 1951,9974 16,4325 311,0727 10,4087 -0,4453 118,1883 0,7917 23,0000 
11,800 5496,5219 1954,7927 16,5515 310,4441 10,3198 -0,4469 117,8066 0,7914 23,0000 
11,850 5511,7747 1957,5587 16,6707 309,8226 10,2307 -0,4485 117,4267 0,7911 23,0000 
11,900 5527,0013 1960,2956 16,7901 309,2080 10,1414 -0,4501 117,0487 0,7909 23,0000 
11,950 5542,2022 1963,0033 16,9097 308,6002 10,0519 -0,4517 116,6725 0,7906 23,0000 
12,000 5557,3774 1965,6819 17,0295 307,9987 9,9622 -0,4533 116,2981 0,7903 23,0000 
12,050 5572,5274 1968,3316 17,1496 307,4035 9,8724 -0,4548 115,9256 0,7900 23,0000 
12,100 5587,6524 1970,9525 17,2699 306,8143 9,7823 -0,4564 115,5548 0,7898 23,0000 
12,150 5602,7525 1973,5446 17,3904 306,2309 9,6920 -0,4580 115,1859 0,7895 23,0000 
12,200 5617,8281 1976,1080 17,5111 305,6531 9,6016 -0,4595 114,8187 0,7892 23,0000 
12,250 5632,8794 1978,6428 17,6320 305,0808 9,5109 -0,4611 114,4533 0,7890 23,0000 
12,300 5647,9066 1981,1490 17,7531 304,5138 9,4201 -0,4626 114,0897 0,7887 23,0000 
12,350 5662,9099 1983,6268 17,8745 303,9520 9,3290 -0,4642 113,7278 0,7885 23,0000 
12,400 5677,8895 1986,0762 17,9960 303,3951 9,2378 -0,4657 113,3677 0,7882 23,0000 
12,450 5692,8457 1988,4973 18,1178 302,8431 9,1464 -0,4673 113,0094 0,7880 23,0000 
12,500 5707,7785 1990,8902 18,2398 302,2958 9,0548 -0,4688 112,6528 0,7877 23,0000 
12,550 5722,6883 1993,2548 18,3620 301,7531 8,9630 -0,4704 112,2979 0,7875 23,0000 
12,600 5737,5751 1995,5914 18,4844 301,2148 8,8710 -0,4719 111,9447 0,7873 23,0000 
12,650 5752,4392 1997,8999 18,6070 300,6810 8,7789 -0,4734 111,5932 0,7870 23,0000 
12,700 5767,2807 2000,1804 18,7299 300,1513 8,6865 -0,4750 111,2434 0,7868 23,0000 
12,750 5782,0997 2002,4331 18,8529 299,6258 8,5940 -0,4765 110,8953 0,7866 23,0000 
12,800 5796,8966 2004,6578 18,9762 299,1044 8,5013 -0,4780 110,5489 0,7864 23,0000 
12,850 5811,6713 2006,8548 19,0996 298,5869 8,4084 -0,4795 110,2041 0,7861 23,0000 
12,900 5826,4240 2009,0240 19,2233 298,0732 8,3153 -0,4810 109,8610 0,7859 23,0000 
12,950 5841,1549 2011,1656 19,3472 297,5634 8,2221 -0,4826 109,5196 0,7857 23,0000 
13,000 5855,8642 2013,2795 19,4713 297,0572 8,1287 -0,4841 109,1798 0,7855 23,0000 
13,050 5870,5519 2015,3659 19,5955 296,5547 8,0350 -0,4856 108,8416 0,7853 23,0000 
13,100 5885,2182 2017,4247 19,7200 296,0557 7,9413 -0,4871 108,5050 0,7851 23,0000 
13,150 5899,8633 2019,4561 19,8447 295,5601 7,8473 -0,4886 108,1700 0,7849 23,0000 
13,200 5914,4872 2021,4601 19,9696 295,0680 7,7532 -0,4901 107,8366 0,7847 23,0000 
13,250 5929,0900 2023,4368 20,0947 294,5793 7,6588 -0,4916 107,5048 0,7845 23,0000 
13,300 5943,6720 2025,3861 20,2200 294,0938 7,5643 -0,4931 107,1746 0,7843 23,0000 
13,350 5958,2332 2027,3082 20,3455 293,6116 7,4697 -0,4946 106,8460 0,7841 23,0000 
13,400 5972,7737 2029,2031 20,4712 293,1326 7,3748 -0,4961 106,5189 0,7839 23,0000 
13,450 5987,2936 2031,0709 20,5972 292,6567 7,2798 -0,4976 106,1934 0,7837 23,0000 
13,500 6001,7931 2032,9116 20,7233 292,1839 7,1846 -0,4991 105,8694 0,7835 23,0000 
13,550 6016,2723 2034,7252 20,8496 291,7142 7,0893 -0,5005 105,5469 0,7833 23,0000 
13,600 6030,7312 2036,5118 20,9761 291,2474 6,9938 -0,5020 105,2260 0,7831 23,0000 
13,650 6045,1700 2038,2715 21,1028 290,7836 6,8981 -0,5035 104,9066 0,7830 23,0000 
13,700 6059,5888 2040,0042 21,2297 290,3228 6,8022 -0,5050 104,5886 0,7828 23,0000 
13,750 6073,9876 2041,7101 21,3568 289,8648 6,7062 -0,5065 104,2722 0,7826 23,0000 
13,800 6088,3666 2043,3892 21,4841 289,4097 6,6099 -0,5079 103,9573 0,7824 23,0000 
13,850 6102,7259 2045,0415 21,6116 288,9574 6,5136 -0,5094 103,6438 0,7823 23,0000 
13,900 6117,0655 2046,6671 21,7392 288,5079 6,4170 -0,5109 103,3318 0,7821 23,0000 
13,950 6131,3856 2048,2660 21,8671 288,0612 6,3203 -0,5124 103,0212 0,7819 23,0000 
14,000 6145,6863 2049,8383 21,9952 287,6172 6,2234 -0,5138 102,7121 0,7818 23,0000 
14,050 6159,9675 2051,3840 22,1234 287,1760 6,1264 -0,5153 102,4044 0,7816 23,0000 
14,100 6174,2295 2052,9031 22,2519 286,7374 6,0292 -0,5168 102,0982 0,7815 23,0000 
14,150 6188,4723 2054,3958 22,3806 286,3015 5,9318 -0,5182 101,7934 0,7813 23,0000 
14,200 6202,6961 2055,8619 22,5094 285,8682 5,8343 -0,5197 101,4900 0,7812 23,0000 
14,250 6216,9008 2057,3017 22,6384 285,4376 5,7366 -0,5212 101,1879 0,7810 23,0000 
14,300 6231,0866 2058,7150 22,7676 285,0096 5,6387 -0,5226 100,8873 0,7809 23,0000 
14,350 6245,2535 2060,1021 22,8971 284,5842 5,5407 -0,5241 100,5881 0,7808 23,0000 
14,400 6259,4017 2061,4628 23,0267 284,1614 5,4425 -0,5256 100,2903 0,7806 23,0000 
14,450 6273,5312 2062,7973 23,1564 283,7411 5,3442 -0,5270 99,9938 0,7805 23,0000 
14,500 6287,6422 2064,1056 23,2864 283,3235 5,2457 -0,5285 99,6987 0,7804 23,0000 
14,550 6301,7346 2065,3876 23,4166 282,9083 5,1470 -0,5299 99,4049 0,7802 23,0000 
14,600 6315,8086 2066,6436 23,5469 282,4957 5,0482 -0,5314 99,1125 0,7801 23,0000 
14,650 6329,8643 2067,8735 23,6775 282,0856 4,9493 -0,5328 98,8214 0,7800 23,0000 
14,700 6343,9017 2069,0773 23,8082 281,6783 4,8501 -0,5343 98,5316 0,7799 23,0000 
14,750 6357,9209 2070,2551 23,9391 281,2733 4,7508 -0,5357 98,2432 0,7797 23,0000 
14,800 6371,9221 2071,4069 24,0702 280,8706 4,6514 -0,5372 97,9560 0,7796 23,0000 
14,850 6385,9052 2072,5327 24,2015 280,4703 4,5518 -0,5386 97,6702 0,7795 23,0000 
14,900 6399,8704 2073,6327 24,3330 280,0722 4,4520 -0,5401 97,3857 0,7794 23,0000 
14,950 6413,8176 2074,7068 24,4646 279,6765 4,3521 -0,5415 97,1024 0,7793 23,0000 
15,000 6427,7471 2075,7551 24,5964 279,2831 4,2521 -0,5430 96,8204 0,7792 23,0000 
15,050 6441,6588 2076,7775 24,7285 278,8919 4,1519 -0,5444 96,5397 0,7791 23,0000 
15,100 6455,5528 2077,7743 24,8606 278,5030 4,0515 -0,5459 96,2603 0,7790 23,0000 
15,150 6469,4292 2078,7453 24,9930 278,1164 3,9510 -0,5473 95,9821 0,7789 23,0000 
15,200 6483,2880 2079,6906 25,1256 277,7320 3,8503 -0,5487 95,7052 0,7788 23,0000 
15,250 6497,1294 2080,6103 25,2583 277,3498 3,7495 -0,5502 95,4295 0,7787 23,0000 
15,300 6510,9533 2081,5043 25,3913 276,9698 3,6486 -0,5516 95,1551 0,7786 23,0000 
15,350 6524,7599 2082,3728 25,5244 276,5920 3,5475 -0,5531 94,8818 0,7785 23,0000 
15,400 6538,5492 2083,2158 25,6576 276,2164 3,4462 -0,5545 94,6098 0,7784 23,0000 
15,450 6552,3213 2084,0332 25,7911 275,8429 3,3448 -0,5559 94,3390 0,7784 23,0000 
15,500 6566,0763 2084,8252 25,9247 275,4716 3,2432 -0,5574 94,0694 0,7783 23,0000 
15,550 6579,8141 2085,5917 26,0586 275,1025 3,1416 -0,5588 93,8010 0,7782 23,0000 
15,600 6593,5349 2086,3328 26,1926 274,7355 3,0397 -0,5602 93,5338 0,7781 23,0000 
15,650 6607,2387 2087,0486 26,3267 274,3706 2,9377 -0,5617 93,2678 0,7780 23,0000 
15,700 6620,9256 2087,7390 26,4611 274,0078 2,8356 -0,5631 93,0029 0,7780 23,0000 
15,750 6634,5957 2088,4041 26,5956 273,6471 2,7333 -0,5646 92,7392 0,7779 23,0000 
15,800 6648,2489 2089,0440 26,7303 273,2886 2,6309 -0,5660 92,4767 0,7778 23,0000 
15,850 6661,8855 2089,6586 26,8652 272,9321 2,5284 -0,5674 92,2153 0,7778 23,0000 
15,900 6675,5053 2090,2480 27,0003 272,5776 2,4257 -0,5688 91,9551 0,7777 23,0000 
15,950 6689,1086 2090,8122 27,1355 272,2252 2,3228 -0,5703 91,6960 0,7777 23,0000 
16,000 6702,6952 2091,3513 27,2709 271,8749 2,2199 -0,5717 91,4381 0,7776 23,0000 
16,050 6716,2654 2091,8653 27,4065 271,5266 2,1168 -0,5731 91,1813 0,7776 23,0000 
16,100 6729,8191 2092,3543 27,5422 271,1803 2,0135 -0,5746 90,9256 0,7775 23,0000 
16,150 6743,3564 2092,8181 27,6782 270,8361 1,9101 -0,5760 90,6710 0,7775 23,0000 
16,200 6756,8774 2093,2570 27,8143 270,4938 1,8066 -0,5774 90,4175 0,7774 23,0000 
16,250 6770,3821 2093,6709 27,9505 270,1535 1,7030 -0,5789 90,1651 0,7774 23,0000 
16,300 6783,8706 2094,0599 28,0870 269,8152 1,5992 -0,5803 89,9138 0,7773 23,0000 
16,350 6797,3429 2094,4239 28,2236 269,4789 1,4953 -0,5817 89,6636 0,7773 23,0000 
16,400 6810,7991 2094,7631 28,3604 269,1446 1,3912 -0,5831 89,4145 0,7773 23,0000 
16,450 6824,2392 2095,0774 28,4973 268,8122 1,2870 -0,5846 89,1664 0,7772 23,0000 
16,500 6837,6633 2095,3669 28,6345 268,4817 1,1827 -0,5860 88,9195 0,7772 23,0000 
16,550 6851,0715 2095,6315 28,7718 268,1532 1,0783 -0,5874 88,6735 0,7772 23,0000 
16,600 6864,4637 2095,8715 28,9092 267,8266 0,9737 -0,5888 88,4287 0,7772 23,0000 
16,650 6877,8401 2096,0867 29,0469 267,5020 0,8690 -0,5903 88,1849 0,7771 23,0000 
16,700 6891,2006 2096,2772 29,1847 267,1792 0,7641 -0,5917 87,9421 0,7771 23,0000 
16,750 6904,5454 2096,4430 29,3227 266,8584 0,6592 -0,5931 87,7004 0,7771 23,0000 
16,800 6917,8745 2096,5842 29,4608 266,5394 0,5541 -0,5945 87,4597 0,7771 23,0000 
16,850 6931,1879 2096,7008 29,5991 266,2223 0,4489 -0,5960 87,2200 0,7771 23,0000 
16,900 6944,4857 2096,7928 29,7376 265,9071 0,3435 -0,5974 86,9814 0,7771 23,0000 
16,950 6957,7680 2096,8602 29,8763 265,5937 0,2381 -0,5988 86,7437 0,7771 23,0000 
17,000 6971,0347 2096,9031 30,0151 265,2823 0,1325 -0,6003 86,5071 0,7771 23,0000 
17,050 6984,2860 2096,9215 30,1541 264,9726 0,0268 -0,6017 86,2715 0,7771 23,0000 
17,100 6997,5218 2096,9155 30,2933 264,6648 -0,0791 -0,6032 86,0369 0,7771 23,0000 
17,150 7010,7423 2096,8850 30,4326 264,3588 -0,1850 -0,6046 85,8032 0,7771 23,0000 
17,200 7023,9474 2096,8301 30,5721 264,0547 -0,2911 -0,6061 85,5706 0,7771 23,0000 
17,250 7037,1372 2096,7509 30,7118 263,7523 -0,3973 -0,6075 85,3389 0,7771 23,0000 
17,300 7050,3119 2096,6473 30,8517 263,4518 -0,5036 -0,6090 85,1082 0,7771 23,0000 
17,350 7063,4713 2096,5193 30,9917 263,1531 -0,6100 -0,6104 84,8785 0,7771 23,0000 
17,400 7076,6155 2096,3671 31,1319 262,8561 -0,7166 -0,6119 84,6497 0,7771 23,0000 
17,450 7089,7447 2096,1906 31,2723 262,5610 -0,8233 -0,6133 84,4219 0,7771 23,0000 
17,500 7102,8588 2095,9898 31,4129 262,2676 -0,9300 -0,6148 84,1951 0,7772 23,0000 
17,550 7115,9579 2095,7649 31,5536 261,9760 -1,0369 -0,6162 83,9692 0,7772 23,0000 
17,600 7129,0420 2095,5158 31,6945 261,6861 -1,1439 -0,6177 83,7442 0,7772 23,0000 
17,650 7142,1112 2095,2425 31,8356 261,3980 -1,2510 -0,6191 83,5202 0,7772 23,0000 
17,700 7155,1655 2094,9451 31,9768 261,1117 -1,3583 -0,6206 83,2971 0,7773 23,0000 
17,750 7168,2049 2094,6235 32,1182 260,8271 -1,4656 -0,6220 83,0749 0,7773 23,0000 
17,800 7181,2295 2094,2780 32,2598 260,5442 -1,5731 -0,6235 82,8537 0,7773 23,0000 
17,850 7194,2394 2093,9083 32,4015 260,2630 -1,6806 -0,6250 82,6334 0,7774 23,0000 
17,900 7207,2346 2093,5147 32,5434 259,9836 -1,7883 -0,6264 82,4140 0,7774 23,0000 
17,950 7220,2150 2093,0970 32,6855 259,7058 -1,8961 -0,6279 82,1955 0,7774 23,0000 
18,000 7233,1809 2092,6554 32,8278 259,4298 -2,0040 -0,6293 81,9779 0,7775 23,0000 
18,050 7246,1321 2092,1898 32,9702 259,1555 -2,1120 -0,6308 81,7611 0,7775 23,0000 
18,100 7259,0687 2091,7003 33,1128 258,8828 -2,2200 -0,6322 81,5453 0,7776 23,0000 
18,150 7271,9909 2091,1870 33,2555 258,6119 -2,3282 -0,6337 81,3304 0,7776 23,0000 
18,200 7284,8985 2090,6498 33,3985 258,3426 -2,4365 -0,6351 81,1163 0,7777 23,0000 
18,250 7297,7918 2090,0887 33,5416 258,0750 -2,5450 -0,6366 80,9032 0,7777 23,0000 
18,300 7310,6706 2089,5038 33,6848 257,8090 -2,6535 -0,6380 80,6909 0,7778 23,0000 
18,350 7323,5350 2088,8952 33,8282 257,5447 -2,7621 -0,6395 80,4795 0,7779 23,0000 
18,400 7336,3851 2088,2628 33,9718 257,2821 -2,8708 -0,6410 80,2689 0,7779 23,0000 
18,450 7349,2209 2087,6066 34,1156 257,0211 -2,9796 -0,6424 80,0592 0,7780 23,0000 
18,500 7362,0424 2086,9268 34,2595 256,7617 -3,0885 -0,6439 79,8503 0,7781 23,0000 
18,550 7374,8498 2086,2233 34,4036 256,5040 -3,1975 -0,6453 79,6423 0,7781 23,0000 
18,600 7387,6429 2085,4961 34,5479 256,2479 -3,3066 -0,6468 79,4352 0,7782 23,0000 
18,650 7400,4219 2084,7453 34,6923 255,9934 -3,4158 -0,6482 79,2288 0,7783 23,0000 
18,700 7413,1868 2083,9708 34,8369 255,7405 -3,5250 -0,6497 79,0234 0,7784 23,0000 
18,750 7425,9376 2083,1729 34,9817 255,4892 -3,6344 -0,6512 78,8187 0,7784 23,0000 
18,800 7438,6743 2082,3513 35,1266 255,2395 -3,7439 -0,6526 78,6149 0,7785 23,0000 
18,850 7451,3971 2081,5062 35,2717 254,9914 -3,8535 -0,6541 78,4119 0,7786 23,0000 
18,900 7464,1059 2080,6376 35,4169 254,7449 -3,9631 -0,6555 78,2097 0,7787 23,0000 
18,950 7476,8007 2079,7456 35,5623 254,5000 -4,0729 -0,6570 78,0083 0,7788 23,0000 
19,000 7489,4817 2078,8301 35,7079 254,2567 -4,1827 -0,6584 77,8078 0,7789 23,0000 
19,050 7502,1487 2077,8911 35,8536 254,0149 -4,2926 -0,6599 77,6080 0,7790 23,0000 
19,100 7514,8020 2076,9288 35,9995 253,7747 -4,4026 -0,6614 77,4091 0,7791 23,0000 
19,150 7527,4414 2075,9430 36,1456 253,5361 -4,5127 -0,6628 77,2109 0,7792 23,0000 
19,200 7540,0671 2074,9340 36,2918 253,2990 -4,6229 -0,6643 77,0136 0,7793 23,0000 
19,250 7552,6790 2073,9015 36,4382 253,0634 -4,7331 -0,6657 76,8170 0,7794 23,0000 
19,300 7565,2772 2072,8458 36,5848 252,8294 -4,8435 -0,6672 76,6212 0,7795 23,0000 
19,350 7577,8618 2071,7668 36,7315 252,5969 -4,9539 -0,6687 76,4262 0,7796 23,0000 
19,400 7590,4327 2070,6645 36,8783 252,3660 -5,0644 -0,6701 76,2320 0,7797 23,0000 
19,450 7602,9900 2069,5390 37,0254 252,1366 -5,1750 -0,6716 76,0385 0,7798 23,0000 
19,500 7615,5337 2068,3903 37,1726 251,9087 -5,2857 -0,6730 75,8458 0,7799 23,0000 
19,550 7628,0639 2067,2184 37,3199 251,6823 -5,3964 -0,6745 75,6539 0,7800 23,0000 
19,600 7640,5805 2066,0234 37,4674 251,4574 -5,5072 -0,6760 75,4627 0,7802 23,0000 
19,650 7653,0837 2064,8052 37,6151 251,2341 -5,6181 -0,6774 75,2723 0,7803 23,0000 
19,700 7665,5734 2063,5638 37,7630 251,0122 -5,7291 -0,6789 75,0827 0,7804 23,0000 
19,750 7678,0497 2062,2994 37,9110 250,7918 -5,8402 -0,6803 74,8938 0,7805 23,0000 
19,800 7690,5126 2061,0119 38,0591 250,5729 -5,9513 -0,6818 74,7056 0,7807 23,0000 
19,850 7702,9621 2059,7014 38,2074 250,3555 -6,0625 -0,6833 74,5182 0,7808 23,0000 
19,900 7715,3983 2058,3679 38,3559 250,1395 -6,1738 -0,6847 74,3316 0,7809 23,0000 
19,950 7727,8212 2057,0113 38,5045 249,9251 -6,2851 -0,6862 74,1456 0,7811 23,0000 
20,000 7740,2308 2055,6318 38,6533 249,7121 -6,3965 -0,6877 73,9604 0,7812 23,0000 
20,050 7752,6272 2054,2293 38,8023 249,5005 -6,5080 -0,6891 73,7759 0,7813 23,0000 
20,100 7765,0103 2052,8039 38,9514 249,2905 -6,6195 -0,6906 73,5922 0,7815 23,0000 
20,150 7777,3803 2051,3556 39,1006 249,0818 -6,7311 -0,6920 73,4091 0,7816 23,0000 
20,200 7789,7371 2049,8844 39,2500 248,8746 -6,8428 -0,6935 73,2268 0,7818 23,0000 
20,250 7802,0807 2048,3904 39,3996 248,6689 -6,9546 -0,6950 73,0452 0,7819 23,0000 
20,300 7814,4113 2046,8735 39,5493 248,4646 -7,0664 -0,6964 72,8643 0,7821 23,0000 
20,350 7826,7287 2045,3338 39,6992 248,2617 -7,1782 -0,6979 72,6842 0,7822 23,0000 
20,400 7839,0331 2043,7713 39,8493 248,0603 -7,2902 -0,6994 72,5047 0,7824 23,0000 
20,450 7851,3245 2042,1861 39,9995 247,8602 -7,4022 -0,7008 72,3259 0,7826 23,0000 
20,500 7863,6029 2040,5781 40,1498 247,6616 -7,5142 -0,7023 72,1478 0,7827 23,0000 
20,550 7875,8683 2038,9474 40,3003 247,4644 -7,6263 -0,7038 71,9704 0,7829 23,0000 
20,600 7888,1207 2037,2940 40,4510 247,2686 -7,7385 -0,7052 71,7937 0,7831 23,0000 
20,650 7900,3603 2035,6179 40,6018 247,0742 -7,8507 -0,7067 71,6177 0,7832 23,0000 
20,700 7912,5869 2033,9191 40,7528 246,8812 -7,9630 -0,7082 71,4424 0,7834 23,0000 
20,750 7924,8007 2032,1978 40,9039 246,6896 -8,0753 -0,7096 71,2677 0,7836 23,0000 
20,800 7937,0016 2030,4538 41,0551 246,4994 -8,1877 -0,7111 71,0937 0,7837 23,0000 
20,850 7949,1897 2028,6872 41,2066 246,3105 -8,3002 -0,7126 70,9204 0,7839 23,0000 
20,900 7961,3650 2026,8981 41,3582 246,1231 -8,4127 -0,7140 70,7478 0,7841 23,0000 
20,950 7973,5276 2025,0864 41,5099 245,9370 -8,5252 -0,7155 70,5758 0,7843 23,0000 
21,000 7985,6774 2023,2522 41,6618 245,7523 -8,6378 -0,7170 70,4045 0,7845 23,0000 
21,050 7997,8144 2021,3955 41,8138 245,5689 -8,7505 -0,7184 70,2339 0,7847 23,0000 
21,100 8009,9388 2019,5163 41,9660 245,3869 -8,8631 -0,7199 70,0639 0,7849 23,0000 
21,150 8022,0505 2017,6147 42,1183 245,2063 -8,9759 -0,7214 69,8946 0,7850 23,0000 
21,200 8034,1496 2015,6907 42,2708 245,0270 -9,0887 -0,7228 69,7259 0,7852 23,0000 
21,250 8046,2360 2013,7442 42,4235 244,8491 -9,2015 -0,7243 69,5579 0,7854 23,0000 
21,300 8058,3099 2011,7753 42,5763 244,6725 -9,3144 -0,7258 69,3905 0,7856 23,0000 
21,350 8070,3711 2009,7841 42,7292 244,4972 -9,4273 -0,7272 69,2237 0,7858 23,0000 
21,400 8082,4199 2007,7706 42,8823 244,3233 -9,5403 -0,7287 69,0576 0,7860 23,0000 
21,450 8094,4560 2005,7347 43,0355 244,1507 -9,6533 -0,7302 68,8922 0,7862 23,0000 
21,500 8106,4797 2003,6765 43,1889 243,9794 -9,7663 -0,7316 68,7273 0,7865 23,0000 
21,550 8118,4909 2001,5961 43,3425 243,8094 -9,8794 -0,7331 68,5631 0,7867 23,0000 
21,600 8130,4896 1999,4934 43,4962 243,6408 -9,9925 -0,7346 68,3996 0,7869 23,0000 
21,650 8142,4759 1997,3685 43,6500 243,4735 -10,1057 -0,7360 68,2366 0,7871 23,0000 
21,700 8154,4497 1995,2213 43,8040 243,3074 -10,2189 -0,7375 68,0743 0,7873 23,0000 
21,750 8166,4112 1993,0520 43,9581 243,1427 -10,3321 -0,7390 67,9126 0,7875 23,0000 
21,800 8178,3603 1990,8605 44,1124 242,9793 -10,4453 -0,7405 67,7515 0,7878 23,0000 
21,850 8190,2970 1988,6468 44,2668 242,8171 -10,5586 -0,7419 67,5910 0,7880 23,0000 
21,900 8202,2214 1986,4111 44,4214 242,6563 -10,6720 -0,7434 67,4312 0,7882 23,0000 
21,950 8214,1335 1984,1532 44,5761 242,4967 -10,7853 -0,7449 67,2719 0,7884 23,0000 
22,000 8226,0333 1981,8733 44,7310 242,3384 -10,8987 -0,7463 67,1133 0,7887 23,0000 
22,050 8237,9208 1979,5712 44,8860 242,1814 -11,0121 -0,7478 66,9552 0,7889 23,0000 
22,100 8249,7961 1977,2472 45,0411 242,0257 -11,1256 -0,7493 66,7978 0,7891 23,0000 
22,150 8261,6591 1974,9011 45,1964 241,8712 -11,2390 -0,7508 66,6410 0,7894 23,0000 
22,200 8273,5100 1972,5331 45,3519 241,7180 -11,3525 -0,7522 66,4847 0,7896 23,0000 
22,250 8285,3486 1970,1430 45,5075 241,5660 -11,4660 -0,7537 66,3291 0,7899 23,0000 
22,300 8297,1751 1967,7310 45,6632 241,4153 -11,5796 -0,7552 66,1740 0,7901 23,0000 
22,350 8308,9895 1965,2971 45,8191 241,2659 -11,6932 -0,7567 66,0195 0,7903 23,0000 
22,400 8320,7917 1962,8413 45,9751 241,1177 -11,8067 -0,7581 65,8656 0,7906 23,0000 
22,450 8332,5818 1960,3636 46,1313 240,9707 -11,9204 -0,7596 65,7123 0,7908 23,0000 
22,500 8344,3598 1957,8640 46,2876 240,8250 -12,0340 -0,7611 65,5596 0,7911 23,0000 
22,550 8356,1257 1955,3426 46,4440 240,6805 -12,1476 -0,7626 65,4075 0,7914 23,0000 
22,600 8367,8796 1952,7994 46,6006 240,5373 -12,2613 -0,7640 65,2559 0,7916 23,0000 
22,650 8379,6215 1950,2343 46,7574 240,3952 -12,3750 -0,7655 65,1049 0,7919 23,0000 
22,700 8391,3514 1947,6475 46,9142 240,2544 -12,4887 -0,7670 64,9545 0,7921 23,0000 
22,750 8403,0692 1945,0389 47,0713 240,1148 -12,6024 -0,7685 64,8046 0,7924 23,0000 
22,800 8414,7751 1942,4086 47,2284 239,9764 -12,7161 -0,7699 64,6553 0,7927 23,0000 
22,850 8426,4690 1939,7565 47,3857 239,8392 -12,8299 -0,7714 64,5066 0,7929 23,0000 
22,900 8438,1510 1937,0828 47,5432 239,7033 -12,9436 -0,7729 64,3584 0,7932 23,0000 
22,950 8449,8211 1934,3874 47,7008 239,5685 -13,0574 -0,7744 64,2108 0,7935 23,0000 
23,000 8461,4792 1931,6703 47,8585 239,4349 -13,1711 -0,7758 64,0637 0,7938 23,0000 
23,050 8473,1255 1928,9316 48,0163 239,3025 -13,2849 -0,7773 63,9172 0,7941 23,0000 
23,100 8484,7599 1926,1713 48,1743 239,1713 -13,3987 -0,7788 63,7713 0,7943 23,0000 
23,150 8496,3825 1923,3894 48,3325 239,0413 -13,5125 -0,7803 63,6259 0,7946 23,0000 
23,200 8507,9932 1920,5859 48,4908 238,9125 -13,6263 -0,7818 63,4810 0,7949 23,0000 
23,250 8519,5921 1917,7609 48,6492 238,7848 -13,7401 -0,7832 63,3367 0,7952 23,0000 
23,300 8531,1792 1914,9144 48,8077 238,6584 -13,8539 -0,7847 63,1930 0,7955 23,0000 
23,350 8542,7545 1912,0463 48,9664 238,5330 -13,9677 -0,7862 63,0497 0,7958 23,0000 
23,400 8554,3181 1909,1568 49,1253 238,4089 -14,0815 -0,7877 62,9071 0,7961 23,0000 
23,450 8565,8699 1906,2458 49,2842 238,2859 -14,1953 -0,7892 62,7649 0,7964 23,0000 
23,500 8577,4100 1903,3134 49,4434 238,1641 -14,3091 -0,7906 62,6233 0,7967 23,0000 
23,550 8588,9383 1900,3595 49,6026 238,0434 -14,4229 -0,7921 62,4822 0,7970 23,0000 
23,600 8600,4550 1897,3842 49,7620 237,9238 -14,5367 -0,7936 62,3417 0,7973 23,0000 
23,650 8611,9600 1894,3876 49,9215 237,8054 -14,6505 -0,7951 62,2016 0,7976 23,0000 
23,700 8623,4533 1891,3696 50,0811 237,6882 -14,7643 -0,7966 62,0621 0,7979 23,0000 
23,750 8634,9350 1888,3303 50,2409 237,5721 -14,8781 -0,7981 61,9232 0,7982 23,0000 
23,800 8646,4050 1885,2696 50,4008 237,4571 -14,9919 -0,7995 61,7847 0,7985 23,0000 
23,850 8657,8634 1882,1877 50,5609 237,3432 -15,1057 -0,8010 61,6468 0,7988 23,0000 
23,900 8669,3102 1879,0844 50,7211 237,2305 -15,2195 -0,8025 61,5094 0,7992 23,0000 
23,950 8680,7455 1875,9600 50,8814 237,1189 -15,3332 -0,8040 61,3725 0,7995 23,0000 
24,000 8692,1691 1872,8143 51,0419 237,0084 -15,4470 -0,8055 61,2361 0,7998 23,0000 
24,050 8703,5812 1869,6473 51,2025 236,8990 -15,5607 -0,8070 61,1002 0,8001 23,0000 
24,100 8714,9817 1866,4592 51,3632 236,7907 -15,6744 -0,8084 60,9649 0,8004 23,0000 
24,150 8726,3708 1863,2499 51,5240 236,6835 -15,7882 -0,8099 60,8300 0,8008 23,0000 
24,200 8737,7483 1860,0195 51,6850 236,5774 -15,9019 -0,8114 60,6957 0,8011 23,0000 
24,250 8749,1143 1856,7679 51,8462 236,4725 -16,0155 -0,8129 60,5618 0,8014 23,0000 
24,300 8760,4688 1853,4953 52,0074 236,3686 -16,1292 -0,8144 60,4285 0,8018 23,0000 
24,350 8771,8118 1850,2015 52,1688 236,2658 -16,2429 -0,8159 60,2957 0,8021 23,0000 
24,400 8783,1434 1846,8867 52,3303 236,1641 -16,3565 -0,8174 60,1633 0,8025 23,0000 
24,450 8794,4636 1843,5509 52,4919 236,0634 -16,4701 -0,8188 60,0315 0,8028 23,0000 
24,500 8805,7723 1840,1940 52,6537 235,9639 -16,5837 -0,8203 59,9001 0,8031 23,0000 
24,550 8817,0696 1836,8161 52,8156 235,8654 -16,6973 -0,8218 59,7693 0,8035 23,0000 
24,600 8828,3555 1833,4172 52,9777 235,7680 -16,8108 -0,8233 59,6389 0,8038 23,0000 
24,650 8839,6300 1829,9974 53,1398 235,6716 -16,9243 -0,8248 59,5090 0,8042 23,0000 
24,700 8850,8931 1826,5566 53,3021 235,5763 -17,0378 -0,8263 59,3797 0,8046 23,0000 
24,750 8862,1449 1823,0949 53,4646 235,4821 -17,1513 -0,8278 59,2508 0,8049 23,0000 
24,800 8873,3854 1819,6123 53,6271 235,3889 -17,2648 -0,8293 59,1223 0,8053 23,0000 
24,850 8884,6145 1816,1089 53,7898 235,2968 -17,3782 -0,8308 58,9944 0,8056 23,0000 
24,900 8895,8323 1812,5846 53,9526 235,2057 -17,4916 -0,8322 58,8669 0,8060 23,0000 
24,950 8907,0387 1809,0394 54,1155 235,1157 -17,6049 -0,8337 58,7400 0,8064 23,0000 
25,000 8918,2339 1805,4735 54,2786 235,0266 -17,7183 -0,8352 58,6135 0,8067 23,0000 
25,050 8929,4178 1801,8867 54,4418 234,9387 -17,8316 -0,8367 58,4875 0,8071 23,0000 
25,100 8940,5905 1798,2792 54,6051 234,8517 -17,9449 -0,8382 58,3619 0,8075 23,0000 
25,150 8951,7518 1794,6509 54,7685 234,7658 -18,0581 -0,8397 58,2368 0,8079 23,0000 
25,200 8962,9020 1791,0019 54,9321 234,6809 -18,1713 -0,8412 58,1122 0,8082 23,0000 
25,250 8974,0409 1787,3321 55,0958 234,5971 -18,2845 -0,8427 57,9881 0,8086 23,0000 
25,300 8985,1685 1783,6417 55,2596 234,5142 -18,3976 -0,8442 57,8644 0,8090 23,0000 
25,350 8996,2850 1779,9307 55,4236 234,4323 -18,5107 -0,8457 57,7412 0,8094 23,0000 
25,400 9007,3903 1776,1989 55,5876 234,3515 -18,6238 -0,8472 57,6185 0,8098 23,0000 
25,450 9018,4844 1772,4466 55,7518 234,2717 -18,7368 -0,8487 57,4962 0,8102 23,0000 
25,500 9029,5673 1768,6736 55,9161 234,1928 -18,8498 -0,8501 57,3744 0,8105 23,0000 
25,550 9040,6391 1764,8801 56,0806 234,1150 -18,9627 -0,8516 57,2531 0,8109 23,0000 
25,600 9051,6997 1761,0660 56,2451 234,0381 -19,0756 -0,8531 57,1322 0,8113 23,0000 
25,650 9062,7492 1757,2314 56,4098 233,9623 -19,1885 -0,8546 57,0117 0,8117 23,0000 
25,700 9073,7876 1753,3762 56,5746 233,8874 -19,3013 -0,8561 56,8917 0,8121 23,0000 
25,750 9084,8148 1749,5005 56,7395 233,8135 -19,4141 -0,8576 56,7722 0,8125 23,0000 
25,800 9095,8309 1745,6044 56,9046 233,7406 -19,5268 -0,8591 56,6531 0,8129 23,0000 
25,850 9106,8360 1741,6878 57,0698 233,6686 -19,6395 -0,8606 56,5345 0,8133 23,0000 
25,900 9117,8300 1737,7508 57,2351 233,5976 -19,7522 -0,8621 56,4163 0,8138 23,0000 
25,950 9128,8129 1733,7933 57,4005 233,5276 -19,8648 -0,8636 56,2986 0,8142 23,0000 
26,000 9139,7847 1729,8155 57,5660 233,4586 -19,9773 -0,8651 56,1813 0,8146 23,0000 
26,050 9150,7455 1725,8173 57,7317 233,3904 -20,0898 -0,8666 56,0645 0,8150 23,0000 
26,100 9161,6953 1721,7987 57,8974 233,3233 -20,2022 -0,8681 55,9481 0,8154 23,0000 
26,150 9172,6340 1717,7598 58,0633 233,2571 -20,3146 -0,8696 55,8321 0,8158 23,0000 
26,200 9183,5617 1713,7006 58,2293 233,1918 -20,4270 -0,8711 55,7166 0,8163 23,0000 
26,250 9194,4784 1709,6211 58,3955 233,1275 -20,5393 -0,8726 55,6015 0,8167 23,0000 
26,300 9205,3841 1705,5213 58,5617 233,0642 -20,6515 -0,8741 55,4869 0,8171 23,0000 
26,350 9216,2788 1701,4013 58,7281 233,0017 -20,7637 -0,8756 55,3727 0,8175 23,0000 
26,400 9227,1626 1697,2611 58,8946 232,9402 -20,8758 -0,8771 55,2589 0,8180 23,0000 
26,450 9238,0354 1693,1007 59,0612 232,8796 -20,9879 -0,8786 55,1456 0,8184 23,0000 
26,500 9248,8972 1688,9201 59,2279 232,8200 -21,0999 -0,8801 55,0327 0,8189 23,0000 
26,550 9259,7481 1684,7193 59,3947 232,7612 -21,2119 -0,8816 54,9202 0,8193 23,0000 
26,600 9270,5881 1680,4984 59,5617 232,7034 -21,3238 -0,8831 54,8081 0,8197 23,0000 
26,650 9281,4171 1676,2573 59,7287 232,6465 -21,4356 -0,8846 54,6965 0,8202 23,0000 
26,700 9292,2352 1671,9962 59,8959 232,5905 -21,5474 -0,8861 54,5853 0,8206 23,0000 
26,750 9303,0424 1667,7150 60,0632 232,5354 -21,6591 -0,8876 54,4746 0,8211 23,0000 
26,800 9313,8387 1663,4137 60,2306 232,4812 -21,7707 -0,8891 54,3642 0,8215 23,0000 
26,850 9324,6241 1659,0924 60,3982 232,4279 -21,8823 -0,8906 54,2543 0,8220 23,0000 
26,900 9335,3987 1654,7511 60,5658 232,3754 -21,9939 -0,8921 54,1448 0,8224 23,0000 
26,950 9346,1623 1650,3898 60,7336 232,3239 -22,1053 -0,8936 54,0357 0,8229 23,0000 
27,000 9356,9151 1646,0085 60,9014 232,2733 -22,2167 -0,8952 53,9271 0,8234 23,0000 
27,050 9367,6571 1641,6073 61,0694 232,2235 -22,3280 -0,8967 53,8188 0,8238 23,0000 
27,100 9378,3882 1637,1861 61,2375 232,1746 -22,4393 -0,8982 53,7110 0,8243 23,0000 
27,150 9389,1085 1632,7451 61,4057 232,1266 -22,5505 -0,8997 53,6036 0,8248 23,0000 
27,200 9399,8179 1628,2841 61,5740 232,0794 -22,6616 -0,9012 53,4966 0,8252 23,0000 
27,250 9410,5166 1623,8033 61,7424 232,0332 -22,7727 -0,9027 53,3900 0,8257 23,0000 
27,300 9421,2044 1619,3027 61,9110 231,9877 -22,8837 -0,9042 53,2839 0,8262 23,0000 
27,350 9431,8814 1614,7822 62,0796 231,9432 -22,9946 -0,9057 53,1781 0,8266 23,0000 
27,400 9442,5477 1610,2420 62,2484 231,8995 -23,1054 -0,9072 53,0727 0,8271 23,0000 
27,450 9453,2031 1605,6819 62,4173 231,8566 -23,2162 -0,9087 52,9678 0,8276 23,0000 
27,500 9463,8478 1601,1022 62,5862 231,8146 -23,3269 -0,9102 52,8633 0,8281 23,0000 
27,550 9474,4817 1596,5026 62,7553 231,7734 -23,4375 -0,9117 52,7591 0,8286 23,0000 
27,600 9485,1049 1591,8834 62,9245 231,7331 -23,5481 -0,9132 52,6554 0,8291 23,0000 
27,650 9495,7173 1587,2445 63,0938 231,6936 -23,6586 -0,9148 52,5521 0,8296 23,0000 
27,700 9506,3189 1582,5859 63,2632 231,6550 -23,7690 -0,9163 52,4492 0,8300 23,0000 
27,750 9516,9098 1577,9076 63,4328 231,6171 -23,8793 -0,9178 52,3466 0,8305 23,0000 
27,800 9527,4900 1573,2098 63,6024 231,5801 -23,9895 -0,9193 52,2445 0,8310 23,0000 
27,850 9538,0595 1568,4923 63,7721 231,5439 -24,0997 -0,9208 52,1428 0,8315 23,0000 
27,900 9548,6183 1563,7553 63,9420 231,5085 -24,2098 -0,9223 52,0415 0,8320 23,0000 
27,950 9559,1663 1558,9986 64,1119 231,4740 -24,3198 -0,9238 51,9405 0,8325 23,0000 
28,000 9569,7037 1554,2225 64,2820 231,4402 -24,4297 -0,9253 51,8400 0,8330 23,0000 
28,050 9580,2304 1549,4268 64,4521 231,4073 -24,5395 -0,9268 51,7399 0,8336 23,0000 
28,100 9590,7464 1544,6117 64,6224 231,3751 -24,6493 -0,9284 51,6401 0,8341 23,0000 
28,150 9601,2517 1539,7770 64,7928 231,3438 -24,7590 -0,9299 51,5408 0,8346 23,0000 
28,200 9611,7464 1534,9230 64,9633 231,3132 -24,8686 -0,9314 51,4418 0,8351 23,0000 
28,250 9622,2303 1530,0495 65,1338 231,2834 -24,9781 -0,9329 51,3432 0,8356 23,0000 
28,300 9632,7037 1525,1565 65,3045 231,2544 -25,0875 -0,9344 51,2451 0,8361 23,0000 
28,350 9643,1664 1520,2442 65,4753 231,2262 -25,1968 -0,9359 51,1473 0,8367 23,0000 
28,400 9653,6184 1515,3126 65,6462 231,1988 -25,3061 -0,9375 51,0499 0,8372 23,0000 
28,450 9664,0598 1510,3616 65,8172 231,1722 -25,4152 -0,9390 50,9528 0,8377 23,0000 
28,500 9674,4906 1505,3912 65,9883 231,1463 -25,5243 -0,9405 50,8562 0,8382 23,0000 
28,550 9684,9108 1500,4016 66,1595 231,1212 -25,6333 -0,9420 50,7599 0,8388 23,0000 
28,600 9695,3204 1495,3927 66,3308 231,0968 -25,7422 -0,9435 50,6641 0,8393 23,0000 
28,650 9705,7193 1490,3646 66,5022 231,0732 -25,8510 -0,9450 50,5686 0,8398 23,0000 
28,700 9716,1077 1485,3172 66,6737 231,0504 -25,9597 -0,9466 50,4735 0,8404 23,0000 
28,750 9726,4854 1480,2506 66,8453 231,0283 -26,0683 -0,9481 50,3787 0,8409 23,0000 
28,800 9736,8526 1475,1648 67,0170 231,0070 -26,1768 -0,9496 50,2844 0,8415 23,0000 
28,850 9747,2092 1470,0599 67,1888 230,9864 -26,2853 -0,9511 50,1904 0,8420 23,0000 
28,900 9757,5552 1464,9358 67,3607 230,9665 -26,3936 -0,9526 50,0968 0,8426 23,0000 
28,950 9767,8907 1459,7926 67,5327 230,9474 -26,5019 -0,9541 50,0036 0,8431 23,0000 
29,000 9778,2156 1454,6303 67,7048 230,9290 -26,6100 -0,9557 49,9108 0,8437 23,0000 
29,050 9788,5299 1449,4490 67,8769 230,9114 -26,7181 -0,9572 49,8183 0,8442 23,0000 
29,100 9798,8337 1444,2485 68,0492 230,8944 -26,8260 -0,9587 49,7262 0,8448 23,0000 
29,150 9809,1269 1439,0291 68,2216 230,8782 -26,9339 -0,9602 49,6345 0,8453 23,0000 
29,200 9819,4096 1433,7906 68,3941 230,8627 -27,0417 -0,9617 49,5431 0,8459 23,0000 
29,250 9829,6818 1428,5332 68,5667 230,8480 -27,1493 -0,9633 49,4521 0,8465 23,0000 
29,300 9839,9434 1423,2568 68,7393 230,8339 -27,2569 -0,9648 49,3615 0,8470 23,0000 
29,350 9850,1946 1417,9614 68,9121 230,8205 -27,3644 -0,9663 49,2713 0,8476 23,0000 
29,400 9860,4352 1412,6472 69,0850 230,8079 -27,4718 -0,9678 49,1814 0,8482 23,0000 
29,450 9870,6653 1407,3140 69,2579 230,7959 -27,5790 -0,9694 49,0919 0,8488 23,0000 
29,500 9880,8849 1401,9620 69,4310 230,7846 -27,6862 -0,9709 49,0028 0,8493 23,0000 
29,550 9891,0939 1396,5911 69,6041 230,7741 -27,7933 -0,9724 48,9140 0,8499 23,0000 
29,600 9901,2925 1391,2014 69,7774 230,7642 -27,9002 -0,9739 48,8256 0,8505 23,0000 
29,650 9911,4807 1385,7929 69,9507 230,7550 -28,0071 -0,9755 48,7375 0,8511 23,0000 
29,700 9921,6583 1380,3656 70,1241 230,7465 -28,1139 -0,9770 48,6498 0,8517 23,0000 
29,750 9931,8254 1374,9195 70,2977 230,7386 -28,2205 -0,9785 48,5625 0,8523 23,0000 
29,800 9941,9821 1369,4548 70,4713 230,7314 -28,3271 -0,9800 48,4755 0,8528 23,0000 
29,850 9952,1283 1363,9712 70,6450 230,7249 -28,4335 -0,9816 48,3889 0,8534 23,0000 
29,900 9962,2640 1358,4691 70,8187 230,7191 -28,5398 -0,9831 48,3026 0,8540 23,0000 
29,950 9972,3893 1352,9482 70,9926 230,7139 -28,6461 -0,9846 48,2168 0,8546 23,0000 
30,000 9982,5042 1347,4087 71,1666 230,7094 -28,7522 -0,9861 48,1312 0,8552 23,0000 
30,050 9992,6085 1341,8506 71,3407 230,7055 -28,8582 -0,9877 48,0460 0,8558 23,0000 
30,100 10002,7025 1336,2738 71,5148 230,7023 -28,9641 -0,9892 47,9612 0,8564 23,0000 
30,150 10012,7860 1330,6785 71,6890 230,6997 -29,0699 -0,9907 47,8767 0,8571 23,0000 
30,200 10022,8591 1325,0647 71,8634 230,6978 -29,1756 -0,9922 47,7926 0,8577 23,0000 
30,250 10032,9217 1319,4323 72,0378 230,6965 -29,2812 -0,9938 47,7089 0,8583 23,0000 
30,300 10042,9739 1313,7814 72,2123 230,6959 -29,3867 -0,9953 47,6254 0,8589 23,0000 
30,350 10053,0157 1308,1120 72,3869 230,6958 -29,4920 -0,9968 47,5424 0,8595 23,0000 
30,400 10063,0471 1302,4242 72,5616 230,6964 -29,5973 -0,9983 47,4597 0,8601 23,0000 
30,450 10073,0680 1296,7179 72,7363 230,6977 -29,7024 -0,9999 47,3773 0,8607 23,0000 
30,500 10083,0786 1290,9933 72,9112 230,6995 -29,8074 -1,0014 47,2953 0,8614 23,0000 
30,550 10093,0787 1285,2502 73,0861 230,7020 -29,9124 -1,0029 47,2136 0,8620 23,0000 
30,600 10103,0685 1279,4887 73,2611 230,7051 -30,0171 -1,0045 47,1323 0,8626 23,0000 
30,650 10113,0479 1273,7090 73,4362 230,7087 -30,1218 -1,0060 47,0513 0,8633 23,0000 
30,700 10123,0168 1267,9109 73,6114 230,7130 -30,2264 -1,0075 46,9707 0,8639 23,0000 
30,750 10132,9754 1262,0945 73,7867 230,7179 -30,3309 -1,0090 46,8904 0,8645 23,0000 
30,800 10142,9236 1256,2598 73,9620 230,7234 -30,4352 -1,0106 46,8105 0,8652 23,0000 
30,850 10152,8614 1250,4069 74,1374 230,7295 -30,5394 -1,0121 46,7309 0,8658 23,0000 
30,900 10162,7889 1244,5357 74,3130 230,7362 -30,6435 -1,0136 46,6517 0,8665 23,0000 
30,950 10172,7059 1238,6463 74,4886 230,7434 -30,7475 -1,0152 46,5728 0,8671 23,0000 
31,000 10182,6127 1232,7388 74,6642 230,7513 -30,8514 -1,0167 46,4942 0,8677 23,0000 
31,050 10192,5090 1226,8131 74,8400 230,7597 -30,9552 -1,0182 46,4160 0,8684 23,0000 
31,100 10202,3950 1220,8693 75,0158 230,7687 -31,0588 -1,0198 46,3381 0,8690 23,0000 
31,150 10212,2706 1214,9074 75,1918 230,7783 -31,1623 -1,0213 46,2605 0,8697 23,0000 
31,200 10222,1359 1208,9274 75,3677 230,7884 -31,2657 -1,0228 46,1833 0,8704 23,0000 
31,250 10231,9908 1202,9293 75,5438 230,7991 -31,3690 -1,0244 46,1064 0,8710 23,0000 
31,300 10241,8354 1196,9132 75,7200 230,8104 -31,4722 -1,0259 46,0299 0,8717 23,0000 
31,350 10251,6696 1190,8791 75,8962 230,8222 -31,5752 -1,0274 45,9537 0,8723 23,0000 
31,400 10261,4935 1184,8269 76,0725 230,8346 -31,6781 -1,0290 45,8778 0,8730 23,0000 
31,450 10271,3071 1178,7569 76,2489 230,8475 -31,7809 -1,0305 45,8023 0,8737 23,0000 
31,500 10281,1104 1172,6688 76,4254 230,8609 -31,8836 -1,0320 45,7271 0,8744 23,0000 
31,550 10290,9033 1166,5629 76,6019 230,8750 -31,9861 -1,0335 45,6522 0,8750 23,0000 
31,600 10300,6858 1160,4391 76,7785 230,8895 -32,0886 -1,0351 45,5777 0,8757 23,0000 
31,650 10310,4581 1154,2974 76,9552 230,9046 -32,1909 -1,0366 45,5035 0,8764 23,0000 
31,700 10320,2201 1148,1378 77,1320 230,9202 -32,2931 -1,0381 45,4296 0,8771 23,0000 
31,750 10329,9717 1141,9605 77,3088 230,9363 -32,3951 -1,0397 45,3561 0,8778 23,0000 
31,800 10339,7130 1135,7653 77,4857 230,9530 -32,4971 -1,0412 45,2828 0,8784 23,0000 
31,850 10349,4440 1129,5524 77,6627 230,9702 -32,5989 -1,0427 45,2100 0,8791 23,0000 
31,900 10359,1647 1123,3217 77,8398 230,9879 -32,7006 -1,0443 45,1374 0,8798 23,0000 
31,950 10368,8751 1117,0733 78,0169 231,0061 -32,8021 -1,0458 45,0652 0,8805 23,0000 
32,000 10378,5752 1110,8072 78,1941 231,0248 -32,9036 -1,0473 44,9933 0,8812 23,0000 
32,050 10388,2650 1104,5234 78,3714 231,0441 -33,0049 -1,0489 44,9217 0,8819 23,0000 
32,100 10397,9445 1098,2220 78,5487 231,0638 -33,1061 -1,0504 44,8504 0,8826 23,0000 
32,150 10407,6137 1091,9029 78,7262 231,0840 -33,2071 -1,0519 44,7795 0,8833 23,0000 
32,200 10417,2727 1085,5663 78,9036 231,1048 -33,3081 -1,0535 44,7089 0,8840 23,0000 
32,250 10426,9213 1079,2120 79,0812 231,1260 -33,4089 -1,0550 44,6386 0,8847 23,0000 
32,300 10436,5596 1072,8402 79,2588 231,1477 -33,5096 -1,0565 44,5686 0,8854 23,0000 
32,350 10446,1877 1066,4509 79,4365 231,1699 -33,6101 -1,0581 44,4990 0,8861 23,0000 
32,400 10455,8055 1060,0441 79,6143 231,1925 -33,7105 -1,0596 44,4297 0,8869 23,0000 
32,450 10465,4130 1053,6198 79,7921 231,2157 -33,8108 -1,0611 44,3607 0,8876 23,0000 
32,500 10475,0103 1047,1780 79,9700 231,2393 -33,9110 -1,0627 44,2920 0,8883 23,0000 
32,550 10484,5972 1040,7189 80,1479 231,2634 -34,0110 -1,0642 44,2236 0,8890 23,0000 
32,600 10494,1739 1034,2423 80,3260 231,2879 -34,1109 -1,0657 44,1556 0,8897 23,0000 
32,650 10503,7404 1027,7483 80,5041 231,3129 -34,2107 -1,0673 44,0879 0,8905 23,0000 
32,700 10513,2966 1021,2370 80,6822 231,3384 -34,3104 -1,0688 44,0204 0,8912 23,0000 
32,750 10522,8425 1014,7083 80,8604 231,3643 -34,4099 -1,0703 43,9534 0,8919 23,0000 
32,800 10532,3781 1008,1624 81,0387 231,3907 -34,5093 -1,0719 43,8866 0,8927 23,0000 
32,850 10541,9035 1001,5992 81,2171 231,4175 -34,6085 -1,0734 43,8201 0,8934 23,0000 
32,900 10551,4186 995,0187 81,3955 231,4448 -34,7076 -1,0749 43,7540 0,8942 23,0000 
32,950 10560,9235 988,4209 81,5739 231,4725 -34,8066 -1,0765 43,6881 0,8949 23,0000 
33,000 10570,4182 981,8060 81,7525 231,5007 -34,9055 -1,0780 43,6226 0,8956 23,0000 
33,050 10579,9026 975,1739 81,9311 231,5292 -35,0042 -1,0795 43,5574 0,8964 23,0000 
33,100 10589,3767 968,5247 82,1097 231,5583 -35,1028 -1,0810 43,4925 0,8971 23,0000 
33,150 10598,8406 961,8583 82,2884 231,5877 -35,2013 -1,0826 43,4279 0,8979 23,0000 
33,200 10608,2942 955,1748 82,4672 231,6175 -35,2996 -1,0841 43,3636 0,8986 23,0000 
33,250 10617,7376 948,4742 82,6460 231,6478 -35,3978 -1,0856 43,2996 0,8994 23,0000 
33,300 10627,1708 941,7566 82,8249 231,6785 -35,4958 -1,0872 43,2360 0,9002 23,0000 
33,350 10636,5937 935,0220 83,0039 231,7096 -35,5938 -1,0887 43,1726 0,9009 23,0000 
33,400 10646,0064 928,2703 83,1829 231,7411 -35,6916 -1,0902 43,1096 0,9017 23,0000 
33,450 10655,4089 921,5017 83,3619 231,7730 -35,7892 -1,0918 43,0468 0,9024 23,0000 
33,500 10664,8011 914,7161 83,5410 231,8054 -35,8867 -1,0933 42,9844 0,9032 23,0000 
33,550 10674,1831 907,9136 83,7202 231,8381 -35,9841 -1,0948 42,9223 0,9040 23,0000 
33,600 10683,5549 901,0942 83,8994 231,8712 -36,0814 -1,0963 42,8605 0,9048 23,0000 
33,650 10692,9165 894,2580 84,0787 231,9047 -36,1785 -1,0979 42,7990 0,9055 23,0000 
33,700 10702,2678 887,4048 84,2580 231,9386 -36,2755 -1,0994 42,7377 0,9063 23,0000 
33,750 10711,6089 880,5349 84,4374 231,9728 -36,3723 -1,1009 42,6768 0,9071 23,0000 
33,800 10720,9397 873,6482 84,6168 232,0075 -36,4690 -1,1025 42,6162 0,9079 23,0000 
33,850 10730,2604 866,7447 84,7963 232,0425 -36,5656 -1,1040 42,5559 0,9087 23,0000 
33,900 10739,5708 859,8244 84,9759 232,0779 -36,6621 -1,1055 42,4959 0,9095 23,0000 
33,950 10748,8710 852,8874 85,1555 232,1137 -36,7584 -1,1070 42,4362 0,9102 23,0000 
34,000 10758,1610 845,9338 85,3351 232,1498 -36,8545 -1,1085 42,3768 0,9110 23,0000 
34,050 10767,4408 838,9634 85,5148 232,1863 -36,9506 -1,1101 42,3177 0,9118 23,0000 
34,100 10776,7104 831,9765 85,6945 232,2232 -37,0464 -1,1116 42,2589 0,9126 23,0000 
34,150 10785,9697 824,9729 85,8743 232,2604 -37,1422 -1,1131 42,2004 0,9134 23,0000 
34,200 10795,2189 817,9527 86,0542 232,2979 -37,2378 -1,1146 42,1422 0,9142 23,0000 
34,250 10804,4578 810,9160 86,2340 232,3358 -37,3333 -1,1162 42,0843 0,9150 23,0000 
34,300 10813,6865 803,8627 86,4140 232,3741 -37,4286 -1,1177 42,0266 0,9159 23,0000 
34,350 10822,9051 796,7929 86,5939 232,4127 -37,5238 -1,1192 41,9693 0,9167 23,0000 
34,400 10832,1134 789,7066 86,7740 232,4516 -37,6189 -1,1207 41,9123 0,9175 23,0000 
34,450 10841,3115 782,6039 86,9540 232,4909 -37,7138 -1,1222 41,8555 0,9183 23,0000 
34,500 10850,4994 775,4848 87,1341 232,5305 -37,8086 -1,1238 41,7991 0,9191 23,0000 
34,550 10859,6771 768,3492 87,3143 232,5704 -37,9033 -1,1253 41,7430 0,9199 23,0000 
34,600 10868,8446 761,1973 87,4945 232,6107 -37,9978 -1,1268 41,6871 0,9208 23,0000 
34,650 10878,0019 754,0290 87,6747 232,6512 -38,0922 -1,1283 41,6315 0,9216 23,0000 
34,700 10887,1490 746,8444 87,8550 232,6921 -38,1864 -1,1298 41,5763 0,9224 23,0000 
34,750 10896,2859 739,6435 88,0353 232,7333 -38,2805 -1,1313 41,5213 0,9232 23,0000 
34,800 10905,4126 732,4263 88,2156 232,7748 -38,3744 -1,1328 41,4666 0,9241 23,0000 
34,850 10914,5291 725,1928 88,3960 232,8167 -38,4683 -1,1344 41,4122 0,9249 23,0000 
34,900 10923,6354 717,9432 88,5765 232,8588 -38,5619 -1,1359 41,3581 0,9258 23,0000 
34,950 10932,7315 710,6774 88,7569 232,9012 -38,6555 -1,1374 41,3043 0,9266 23,0000 
35,000 10941,8174 703,3954 88,9374 232,9439 -38,7489 -1,1389 41,2507 0,9274 23,0000 
35,050 10950,8931 696,0972 89,1180 232,9869 -38,8421 -1,1404 41,1975 0,9283 23,0000 
35,100 10959,9586 688,7830 89,2986 233,0302 -38,9353 -1,1419 41,1445 0,9291 23,0000 
35,150 10969,0139 681,4526 89,4792 233,0738 -39,0282 -1,1434 41,0918 0,9300 23,0000 
35,200 10978,0591 674,1062 89,6598 233,1177 -39,1211 -1,1449 41,0394 0,9308 23,0000 
35,250 10987,0940 666,7438 89,8405 233,1618 -39,2138 -1,1464 40,9873 0,9317 23,0000 
35,300 10996,1188 659,3654 90,0212 233,2063 -39,3063 -1,1479 40,9355 0,9326 23,0000 
35,350 11005,1333 651,9710 90,2020 233,2510 -39,3987 -1,1494 40,8840 0,9334 23,0000 
35,400 11014,1377 644,5606 90,3828 233,2959 -39,4910 -1,1509 40,8327 0,9343 23,0000 
35,450 11023,1319 637,1344 90,5636 233,3412 -39,5832 -1,1524 40,7817 0,9351 23,0000 
35,500 11032,1159 629,6922 90,7444 233,3866 -39,6752 -1,1539 40,7310 0,9360 23,0000 
35,550 11041,0897 622,2342 90,9253 233,4324 -39,7670 -1,1554 40,6806 0,9369 23,0000 
35,600 11050,0533 614,7603 91,1062 233,4784 -39,8587 -1,1569 40,6305 0,9378 23,0000 
35,650 11059,0067 607,2706 91,2871 233,5247 -39,9503 -1,1584 40,5806 0,9386 23,0000 
35,700 11067,9500 599,7652 91,4681 233,5712 -40,0417 -1,1599 40,5311 0,9395 23,0000 
35,750 11076,8831 592,2439 91,6490 233,6179 -40,1330 -1,1614 40,4818 0,9404 23,0000 
35,800 11085,8059 584,7070 91,8300 233,6649 -40,2242 -1,1629 40,4327 0,9413 23,0000 
35,850 11094,7186 577,1543 92,0111 233,7122 -40,3152 -1,1643 40,3840 0,9422 23,0000 
35,900 11103,6211 569,5860 92,1921 233,7596 -40,4061 -1,1658 40,3355 0,9430 23,0000 
35,950 11112,5134 562,0020 92,3732 233,8073 -40,4968 -1,1673 40,2873 0,9439 23,0000 
36,000 11121,3955 554,4024 92,5543 233,8552 -40,5874 -1,1688 40,2394 0,9448 23,0000 
36,050 11130,2675 546,7873 92,7354 233,9034 -40,6778 -1,1703 40,1918 0,9457 23,0000 
36,100 11139,1292 539,1565 92,9166 233,9518 -40,7681 -1,1717 40,1444 0,9466 23,0000 
36,150 11147,9808 531,5102 93,0977 234,0004 -40,8583 -1,1732 40,0973 0,9475 23,0000 
36,200 11156,8222 523,8484 93,2789 234,0492 -40,9483 -1,1747 40,0505 0,9484 23,0000 
36,250 11165,6534 516,1712 93,4601 234,0982 -41,0382 -1,1762 40,0040 0,9493 23,0000 
36,300 11174,4744 508,4785 93,6413 234,1474 -41,1279 -1,1776 39,9577 0,9502 23,0000 
36,350 11183,2853 500,7703 93,8225 234,1969 -41,2175 -1,1791 39,9117 0,9512 23,0000 
36,400 11192,0859 493,0468 94,0038 234,2465 -41,3070 -1,1805 39,8660 0,9521 23,0000 
36,450 11200,8764 485,3079 94,1850 234,2963 -41,3963 -1,1820 39,8205 0,9530 23,0000 
36,500 11209,6566 477,5536 94,3663 234,3463 -41,4855 -1,1835 39,7753 0,9539 23,0000 
36,550 11218,4267 469,7840 94,5476 234,3966 -41,5745 -1,1849 39,7304 0,9548 23,0000 
36,600 11227,1866 461,9992 94,7289 234,4470 -41,6634 -1,1864 39,6858 0,9558 23,0000 
36,650 11235,9364 454,1991 94,9102 234,4976 -41,7522 -1,1878 39,6414 0,9567 23,0000 
36,700 11244,6759 446,3838 95,0915 234,5483 -41,8408 -1,1893 39,5973 0,9576 23,0000 
36,750 11253,4053 438,5533 95,2729 234,5993 -41,9293 -1,1907 39,5534 0,9585 23,0000 
36,800 11262,1244 430,7076 95,4542 234,6504 -42,0176 -1,1922 39,5098 0,9595 23,0000 
36,850 11270,8334 422,8467 95,6355 234,7017 -42,1058 -1,1936 39,4665 0,9604 23,0000 
36,900 11279,5322 414,9708 95,8169 234,7531 -42,1938 -1,1950 39,4235 0,9614 23,0000 
36,950 11288,2208 407,0798 95,9982 234,8048 -42,2817 -1,1965 39,3807 0,9623 23,0000 
37,000 11296,8992 399,1737 96,1796 234,8566 -42,3695 -1,1979 39,3382 0,9632 23,0000 
37,050 11305,5675 391,2526 96,3610 234,9085 -42,4571 -1,1993 39,2959 0,9642 23,0000 
37,100 11314,2255 383,3165 96,5423 234,9606 -42,5446 -1,2007 39,2539 0,9651 23,0000 
37,150 11322,8734 375,3654 96,7237 235,0128 -42,6320 -1,2022 39,2122 0,9661 23,0000 
37,200 11331,5110 367,3994 96,9051 235,0652 -42,7192 -1,2036 39,1707 0,9670 23,0000 
37,250 11340,1385 359,4184 97,0864 235,1178 -42,8062 -1,2050 39,1295 0,9680 23,0000 
37,300 11348,7558 351,4226 97,2678 235,1705 -42,8932 -1,2064 39,0886 0,9690 23,0000 
37,350 11357,3629 343,4120 97,4492 235,2233 -42,9800 -1,2078 39,0479 0,9699 23,0000 
37,400 11365,9598 335,3865 97,6305 235,2762 -43,0666 -1,2092 39,0075 0,9709 23,0000 
37,450 11374,5465 327,3462 97,8119 235,3293 -43,1531 -1,2106 38,9673 0,9719 23,0000 
37,500 11383,1230 319,2911 97,9932 235,3825 -43,2395 -1,2120 38,9274 0,9728 23,0000 
37,550 11391,6894 311,2213 98,1745 235,4358 -43,3257 -1,2134 38,8878 0,9738 23,0000 
37,600 11400,2455 303,1368 98,3559 235,4893 -43,4118 -1,2148 38,8484 0,9748 23,0000 
37,650 11408,7914 295,0377 98,5372 235,5428 -43,4977 -1,2161 38,8092 0,9757 23,0000 
37,700 11417,3272 286,9238 98,7185 235,5965 -43,5835 -1,2175 38,7704 0,9767 23,0000 
37,750 11425,8527 278,7954 98,8998 235,6503 -43,6692 -1,2189 38,7318 0,9777 23,0000 
37,800 11434,3681 270,6523 99,0811 235,7041 -43,7547 -1,2202 38,6934 0,9787 23,0000 
37,850 11442,8732 262,4947 99,2623 235,7581 -43,8401 -1,2216 38,6553 0,9797 23,0000 
37,900 11451,3681 254,3226 99,4436 235,8122 -43,9253 -1,2230 38,6175 0,9807 23,0000 
37,950 11459,8529 246,1360 99,6248 235,8664 -44,0105 -1,2243 38,5799 0,9817 23,0000 
38,000 11468,3274 237,9349 99,8060 235,9206 -44,0954 -1,2256 38,5426 0,9827 23,0000 
38,050 11476,7918 229,7193 99,9872 235,9750 -44,1803 -1,2270 38,5055 0,9837 23,0000 
38,100 11485,2459 221,4894 100,1684 236,0294 -44,2650 -1,2283 38,4687 0,9847 23,0000 
38,150 11493,6898 213,2450 100,3495 236,0839 -44,3495 -1,2296 38,4321 0,9857 23,0000 
38,200 11502,1236 204,9863 100,5306 236,1385 -44,4339 -1,2309 38,3958 0,9867 23,0000 
38,250 11510,5471 196,7133 100,7117 236,1932 -44,5182 -1,2322 38,3598 0,9877 23,0000 
38,300 11518,9604 188,4260 100,8928 236,2479 -44,6024 -1,2335 38,3240 0,9887 23,0000 
38,350 11527,3634 180,1244 101,0738 236,3026 -44,6864 -1,2348 38,2884 0,9897 23,0000 
38,400 11535,7563 171,8086 101,2548 236,3575 -44,7702 -1,2361 38,2531 0,9907 23,0000 
38,450 11544,1390 163,4785 101,4358 236,4124 -44,8540 -1,2374 38,2181 0,9917 23,0000 
38,500 11552,5114 155,1344 101,6167 236,4673 -44,9376 -1,2386 38,1833 0,9928 23,0000 
38,550 11560,8736 146,7760 101,7976 236,5223 -45,0210 -1,2399 38,1488 0,9938 23,0000 
38,600 11569,2256 138,4036 101,9785 236,5773 -45,1044 -1,2411 38,1146 0,9948 23,0000 
38,650 11577,5674 130,0170 102,1593 236,6323 -45,1876 -1,2424 38,0806 0,9958 23,0000 
38,700 11585,8989 121,6165 102,3401 236,6874 -45,2706 -1,2436 38,0468 0,9969 23,0000 
38,750 11594,2202 113,2019 102,5208 236,7424 -45,3536 -1,2448 38,0133 0,9979 23,0000 
38,800 11602,5313 104,7733 102,7015 236,7975 -45,4363 -1,2460 37,9801 0,9989 23,0000 
38,850 11610,8321 96,3307 102,8821 236,8526 -45,5190 -1,2472 37,9471 1,0000 23,0000 
38,900 11619,1227 87,8743 103,0627 236,9077 -45,6015 -1,2483 37,9144 1,0010 23,0000 
38,950 11627,4031 79,4039 103,2432 236,9628 -45,6839 -1,2495 37,8820 1,0021 23,0000 
39,000 11635,6732 70,9197 103,4237 237,0179 -45,7662 -1,2506 37,8498 1,0031 23,0000 
39,050 11643,9330 62,4216 103,6041 237,0729 -45,8483 -1,2517 37,8179 1,0042 23,0000 
39,100 11652,1826 53,9097 103,7844 237,1279 -45,9303 -1,2528 37,7863 1,0052 23,0000 
39,150 11660,4220 45,3841 103,9647 237,1828 -46,0122 -1,2539 37,7550 1,0063 23,0000 
39,200 11668,6510 36,8447 104,1449 237,2376 -46,0940 -1,2550 37,7239 1,0073 23,0000 
39,250 11676,8698 28,2916 104,3250 237,2924 -46,1756 -1,2560 37,6932 1,0084 23,0000 
39,300 11685,0783 19,7249 104,5050 237,3470 -46,2571 -1,2570 37,6628 1,0095 23,0000 
39,350 11693,2765 11,1445 104,6850 237,4014 -46,3386 -1,2579 37,6327 1,0105 23,0000 
39,400 11701,4644 2,5505 104,8648 237,4554 -46,4199 -1,2587 37,6031 1,0116 23,0000 
39,4148 11703,8876 0,0000 104,9181 237,4710 -46,4440 -1,2589 37,5945 1,0119 23,0000 
