t(c) x(м) y(м) z(м) Vk(м/с) teta(град) psy(град) omega_x(рад/с) pi(y) m(кг) 
0,000 0,0000 0,0000 0,0000 836,2300 24,2000 0,0000 0,0000 1,0119 23,0000 
0,050 38,0211 17,0753 0,0002 830,9606 24,1696 -0,0005 8,5408 1,0098 23,0000 
0,100 75,8124 34,0233 0,0007 825,7554 24,1390 -0,0012 16,7197 1,0077 23,0000 
0,150 113,3765 50,8452 0,0018 820,6112 24,1081 -0,0020 24,5576 1,0056 23,0000 
0,200 150,7161 67,5424 0,0033 815,5267 24,0770 -0,0028 32,0700 1,0035 23,0000 
0,250 187,8340 84,1162 0,0054 810,5003 24,0457 -0,0037 39,2710 1,0015 23,0000 
0,300 224,7326 100,5678 0,0081 805,5309 24,0141 -0,0046 46,1739 0,9995 23,0000 
0,350 261,4145 116,8986 0,0114 800,6174 23,9823 -0,0056 52,7910 0,9975 23,0000 
0,400 297,8821 133,1097 0,0152 795,7586 23,9503 -0,0066 59,1342 0,9955 23,0000 
0,450 334,1379 149,2024 0,0197 790,9535 23,9181 -0,0076 65,2148 0,9935 23,0000 
0,500 370,1843 165,1778 0,0248 786,2012 23,8857 -0,0086 71,0434 0,9915 23,0000 
0,550 406,0235 181,0371 0,0305 781,5006 23,8530 -0,0097 76,6303 0,9896 23,0000 
0,600 441,6580 196,7814 0,0369 776,8509 23,8202 -0,0108 81,9851 0,9877 23,0000 
0,650 477,0898 212,4120 0,0440 772,2510 23,7871 -0,0120 87,1171 0,9858 23,0000 
0,700 512,3212 227,9297 0,0517 767,7002 23,7538 -0,0131 92,0352 0,9839 23,0000 
0,750 547,3544 243,3358 0,0601 763,1976 23,7203 -0,0143 96,7479 0,9820 23,0000 
0,800 582,1915 258,6314 0,0692 758,7423 23,6865 -0,0155 101,2633 0,9802 23,0000 
0,850 616,8346 273,8173 0,0789 754,3336 23,6526 -0,0167 105,5891 0,9783 23,0000 
0,900 651,2858 288,8948 0,0894 749,9706 23,6184 -0,0180 109,7327 0,9765 23,0000 
0,950 685,5470 303,8648 0,1005 745,6526 23,5840 -0,0193 113,7012 0,9747 23,0000 
1,000 719,6203 318,7282 0,1123 741,3789 23,5494 -0,0205 117,5014 0,9729 23,0000 
1,050 753,5076 333,4862 0,1249 737,1486 23,5146 -0,0218 121,1397 0,9711 23,0000 
1,100 787,2109 348,1395 0,1381 732,9612 23,4796 -0,0232 124,6225 0,9694 23,0000 
1,150 820,7319 362,6893 0,1520 728,8159 23,4443 -0,0245 127,9556 0,9676 23,0000 
1,200 854,0727 377,1364 0,1667 724,7120 23,4089 -0,0259 131,1448 0,9659 23,0000 
1,250 887,2349 391,4817 0,1821 720,6490 23,3732 -0,0272 134,1956 0,9642 23,0000 
1,300 920,2205 405,7261 0,1981 716,6260 23,3373 -0,0286 137,1131 0,9625 23,0000 
1,350 953,0311 419,8706 0,2149 712,6426 23,3012 -0,0300 139,9025 0,9608 23,0000 
1,400 985,6686 433,9160 0,2324 708,6980 23,2648 -0,0315 142,5686 0,9591 23,0000 
1,450 1018,1346 447,8632 0,2507 704,7918 23,2283 -0,0329 145,1159 0,9574 23,0000 
1,500 1050,4308 461,7129 0,2696 700,9233 23,1915 -0,0343 147,5490 0,9558 23,0000 
1,550 1082,5589 475,4662 0,2893 697,0919 23,1545 -0,0358 149,8721 0,9542 23,0000 
1,600 1114,5205 489,1237 0,3097 693,2972 23,1173 -0,0373 152,0892 0,9525 23,0000 
1,650 1146,3172 502,6863 0,3308 689,5384 23,0798 -0,0388 154,2044 0,9509 23,0000 
1,700 1177,9507 516,1548 0,3526 685,8152 23,0422 -0,0403 156,2214 0,9493 23,0000 
1,750 1209,4225 529,5300 0,3751 682,1270 23,0043 -0,0418 158,1439 0,9478 23,0000 
1,800 1240,7341 542,8126 0,3984 678,4732 22,9662 -0,0433 159,9752 0,9462 23,0000 
1,850 1271,8871 556,0034 0,4224 674,8534 22,9279 -0,0449 161,7188 0,9446 23,0000 
1,900 1302,8829 569,1033 0,4471 671,2671 22,8894 -0,0464 163,3780 0,9431 23,0000 
1,950 1333,7230 582,1128 0,4725 667,7138 22,8506 -0,0480 164,9556 0,9416 23,0000 
2,000 1364,4089 595,0328 0,4986 664,1931 22,8116 -0,0496 166,4549 0,9401 23,0000 
2,050 1394,9420 607,8640 0,5255 660,7044 22,7724 -0,0512 167,8785 0,9386 23,0000 
2,100 1425,3238 620,6071 0,5531 657,2474 22,7330 -0,0528 169,2293 0,9371 23,0000 
2,150 1455,5555 633,2627 0,5813 653,8215 22,6933 -0,0544 170,5099 0,9356 23,0000 
2,200 1485,6387 645,8316 0,6103 650,4265 22,6535 -0,0560 171,7228 0,9341 23,0000 
2,250 1515,5746 658,3146 0,6401 647,0617 22,6134 -0,0577 172,8706 0,9327 23,0000 
2,300 1545,3645 670,7121 0,6705 643,7269 22,5731 -0,0593 173,9555 0,9312 23,0000 
2,350 1575,0098 683,0250 0,7016 640,4216 22,5325 -0,0610 174,9798 0,9298 23,0000 
2,400 1604,5119 695,2538 0,7335 637,1455 22,4918 -0,0627 175,9457 0,9284 23,0000 
2,450 1633,8719 707,3992 0,7660 633,8981 22,4508 -0,0644 176,8554 0,9270 23,0000 
2,500 1663,0911 719,4619 0,7993 630,6790 22,4095 -0,0661 177,7108 0,9256 23,0000 
2,550 1692,1709 731,4424 0,8332 627,4879 22,3681 -0,0678 178,5138 0,9242 23,0000 
2,600 1721,1123 743,3415 0,8679 624,3244 22,3264 -0,0695 179,2665 0,9228 23,0000 
2,650 1749,9166 755,1596 0,9033 621,1882 22,2845 -0,0712 179,9704 0,9215 23,0000 
2,700 1778,5851 766,8975 0,9393 618,0788 22,2424 -0,0729 180,6275 0,9201 23,0000 
2,750 1807,1189 778,5557 0,9761 614,9961 22,2001 -0,0747 181,2394 0,9188 23,0000 
2,800 1835,5192 790,1348 1,0135 611,9395 22,1575 -0,0764 181,8077 0,9174 23,0000 
2,850 1863,7870 801,6354 1,0517 608,9088 22,1147 -0,0782 182,3340 0,9161 23,0000 
2,900 1891,9237 813,0581 1,0905 605,9037 22,0716 -0,0800 182,8198 0,9148 23,0000 
2,950 1919,9302 824,4034 1,1301 602,9238 22,0284 -0,0818 183,2664 0,9135 23,0000 
3,000 1947,8077 835,6719 1,1703 599,9688 21,9849 -0,0836 183,6754 0,9122 23,0000 
3,050 1975,5572 846,8641 1,2112 597,0384 21,9412 -0,0854 184,0481 0,9109 23,0000 
3,100 2003,1800 857,9806 1,2528 594,1323 21,8972 -0,0872 184,3857 0,9097 23,0000 
3,150 2030,6769 869,0220 1,2951 591,2502 21,8530 -0,0890 184,6896 0,9084 23,0000 
3,200 2058,0492 879,9887 1,3380 588,3918 21,8086 -0,0908 184,9608 0,9072 23,0000 
3,250 2085,2977 890,8814 1,3816 585,5568 21,7639 -0,0927 185,2007 0,9059 23,0000 
3,300 2112,4236 901,7004 1,4259 582,7450 21,7191 -0,0945 185,4103 0,9047 23,0000 
3,350 2139,4279 912,4464 1,4709 579,9560 21,6740 -0,0964 185,5907 0,9035 23,0000 
3,400 2166,3115 923,1197 1,5166 577,1896 21,6286 -0,0982 185,7430 0,9023 23,0000 
3,450 2193,0755 933,7211 1,5629 574,4455 21,5830 -0,1001 185,8682 0,9011 23,0000 
3,500 2219,7208 944,2508 1,6099 571,7235 21,5372 -0,1020 185,9671 0,8999 23,0000 
3,550 2246,2484 954,7095 1,6575 569,0233 21,4912 -0,1038 186,0409 0,8987 23,0000 
3,600 2272,6592 965,0976 1,7058 566,3445 21,4449 -0,1057 186,0904 0,8975 23,0000 
3,650 2298,9543 975,4156 1,7548 563,6871 21,3984 -0,1076 186,1164 0,8964 23,0000 
3,700 2325,1344 985,6639 1,8044 561,0507 21,3516 -0,1096 186,1199 0,8952 23,0000 
3,750 2351,2006 995,8431 1,8547 558,4351 21,3046 -0,1115 186,1016 0,8941 23,0000 
3,800 2377,1538 1005,9535 1,9056 555,8401 21,2574 -0,1134 186,0624 0,8929 23,0000 
3,850 2402,9948 1015,9957 1,9572 553,2654 21,2099 -0,1153 186,0030 0,8918 23,0000 
3,900 2428,7245 1025,9700 2,0094 550,7107 21,1622 -0,1173 185,9241 0,8907 23,0000 
3,950 2454,3438 1035,8770 2,0623 548,1759 21,1143 -0,1192 185,8264 0,8896 23,0000 
4,000 2479,8537 1045,7171 2,1158 545,6608 21,0661 -0,1212 185,7107 0,8885 23,0000 
4,050 2505,2549 1055,4907 2,1699 543,1651 21,0177 -0,1231 185,5776 0,8874 23,0000 
4,100 2530,5483 1065,1982 2,2247 540,6886 20,9691 -0,1251 185,4278 0,8863 23,0000 
4,150 2555,7347 1074,8401 2,2801 538,2310 20,9202 -0,1271 185,2618 0,8852 23,0000 
4,200 2580,8150 1084,4168 2,3362 535,7923 20,8711 -0,1291 185,0803 0,8841 23,0000 
4,250 2605,7899 1093,9287 2,3929 533,3721 20,8217 -0,1310 184,8839 0,8831 23,0000 
4,300 2630,6604 1103,3763 2,4502 530,9703 20,7721 -0,1330 184,6730 0,8820 23,0000 
4,350 2655,4271 1112,7598 2,5081 528,5867 20,7222 -0,1350 184,4484 0,8810 23,0000 
4,400 2680,0909 1122,0798 2,5667 526,2206 20,6721 -0,1370 184,2104 0,8800 23,0000 
4,450 2704,6526 1131,3365 2,6259 523,8710 20,6218 -0,1391 183,9596 0,8789 23,0000 
4,500 2729,1128 1140,5305 2,6857 521,5396 20,5712 -0,1411 183,6964 0,8779 23,0000 
4,550 2753,4724 1149,6621 2,7461 519,2264 20,5204 -0,1431 183,4214 0,8769 23,0000 
4,600 2777,7321 1158,7316 2,8071 516,9311 20,4693 -0,1451 183,1350 0,8759 23,0000 
4,650 2801,8929 1167,7396 2,8687 514,6533 20,4180 -0,1472 182,8377 0,8749 23,0000 
4,700 2825,9553 1176,6863 2,9310 512,3930 20,3664 -0,1492 182,5298 0,8739 23,0000 
4,750 2849,9202 1185,5721 2,9938 510,1498 20,3146 -0,1513 182,2119 0,8729 23,0000 
4,800 2873,7883 1194,3975 3,0573 507,9236 20,2626 -0,1533 181,8842 0,8720 23,0000 
4,850 2897,5604 1203,1628 3,1213 505,7142 20,2103 -0,1554 181,5473 0,8710 23,0000 
4,900 2921,2372 1211,8684 3,1860 503,5213 20,1578 -0,1575 181,2014 0,8700 23,0000 
4,950 2944,8194 1220,5146 3,2512 501,3448 20,1050 -0,1596 180,8470 0,8691 23,0000 
5,000 2968,3078 1229,1018 3,3171 499,1846 20,0519 -0,1616 180,4843 0,8681 23,0000 
5,050 2991,7029 1237,6304 3,3835 497,0403 19,9987 -0,1637 180,1138 0,8672 23,0000 
5,100 3015,0056 1246,1006 3,4505 494,9119 19,9451 -0,1658 179,7358 0,8663 23,0000 
5,150 3038,2166 1254,5129 3,5181 492,7992 19,8914 -0,1679 179,3505 0,8654 23,0000 
5,200 3061,3364 1262,8676 3,5863 490,7020 19,8373 -0,1700 178,9583 0,8644 23,0000 
5,250 3084,3658 1271,1651 3,6550 488,6202 19,7831 -0,1721 178,5594 0,8635 23,0000 
5,300 3107,3055 1279,4056 3,7244 486,5537 19,7285 -0,1743 178,1543 0,8626 23,0000 
5,350 3130,1560 1287,5895 3,7943 484,5022 19,6738 -0,1764 177,7431 0,8617 23,0000 
5,400 3152,9182 1295,7172 3,8648 482,4657 19,6188 -0,1785 177,3261 0,8609 23,0000 
5,450 3175,5925 1303,7889 3,9359 480,4440 19,5635 -0,1806 176,9036 0,8600 23,0000 
5,500 3198,1797 1311,8050 4,0075 478,4369 19,5080 -0,1828 176,4758 0,8591 23,0000 
5,550 3220,6805 1319,7658 4,0797 476,4445 19,4522 -0,1849 176,0430 0,8582 23,0000 
5,600 3243,0953 1327,6716 4,1525 474,4664 19,3962 -0,1871 175,6054 0,8574 23,0000 
5,650 3265,4249 1335,5228 4,2258 472,5026 19,3399 -0,1892 175,1632 0,8565 23,0000 
5,700 3287,6699 1343,3197 4,2997 470,5530 19,2833 -0,1914 174,7167 0,8557 23,0000 
5,750 3309,8309 1351,0625 4,3741 468,6175 19,2266 -0,1936 174,2660 0,8548 23,0000 
5,800 3331,9084 1358,7516 4,4491 466,6959 19,1695 -0,1957 173,8115 0,8540 23,0000 
5,850 3353,9032 1366,3872 4,5247 464,7882 19,1122 -0,1979 173,3532 0,8532 23,0000 
5,900 3375,8158 1373,9697 4,6008 462,8942 19,0547 -0,2001 172,8914 0,8524 23,0000 
5,950 3397,6468 1381,4994 4,6775 461,0138 18,9969 -0,2023 172,4262 0,8515 23,0000 
6,000 3419,3968 1388,9766 4,7547 459,1469 18,9388 -0,2045 171,9579 0,8507 23,0000 
6,050 3441,0664 1396,4015 4,8324 457,2934 18,8805 -0,2067 171,4866 0,8499 23,0000 
6,100 3462,6561 1403,7745 4,9107 455,4532 18,8220 -0,2089 171,0125 0,8491 23,0000 
6,150 3484,1666 1411,0959 4,9895 453,6263 18,7631 -0,2111 170,5357 0,8484 23,0000 
6,200 3505,5984 1418,3658 5,0689 451,8124 18,7041 -0,2133 170,0565 0,8476 23,0000 
6,250 3526,9521 1425,5847 5,1488 450,0115 18,6447 -0,2155 169,5749 0,8468 23,0000 
6,300 3548,2282 1432,7527 5,2292 448,2236 18,5851 -0,2177 169,0911 0,8460 23,0000 
6,350 3569,4274 1439,8702 5,3102 446,4484 18,5253 -0,2199 168,6053 0,8453 23,0000 
6,400 3590,5500 1446,9375 5,3916 444,6860 18,4652 -0,2222 168,1176 0,8445 23,0000 
6,450 3611,5968 1453,9548 5,4737 442,9363 18,4048 -0,2244 167,6281 0,8437 23,0000 
6,500 3632,5683 1460,9224 5,5562 441,1990 18,3442 -0,2266 167,1370 0,8430 23,0000 
6,550 3653,4650 1467,8405 5,6393 439,4742 18,2833 -0,2289 166,6443 0,8423 23,0000 
6,600 3674,2874 1474,7094 5,7228 437,7618 18,2222 -0,2311 166,1503 0,8415 23,0000 
6,650 3695,0360 1481,5295 5,8069 436,0617 18,1608 -0,2334 165,6550 0,8408 23,0000 
6,700 3715,7115 1488,3009 5,8916 434,3737 18,0991 -0,2356 165,1586 0,8401 23,0000 
6,750 3736,3143 1495,0239 5,9767 432,6979 18,0372 -0,2379 164,6611 0,8394 23,0000 
6,800 3756,8450 1501,6988 6,0623 431,0340 17,9750 -0,2401 164,1626 0,8386 23,0000 
6,850 3777,3041 1508,3258 6,1485 429,3821 17,9126 -0,2424 163,6633 0,8379 23,0000 
6,900 3797,6920 1514,9051 6,2351 427,7421 17,8499 -0,2447 163,1633 0,8372 23,0000 
6,950 3818,0094 1521,4372 6,3223 426,1138 17,7869 -0,2469 162,6627 0,8365 23,0000 
7,000 3838,2566 1527,9220 6,4100 424,4972 17,7237 -0,2492 162,1615 0,8358 23,0000 
7,050 3858,4343 1534,3601 6,4981 422,8922 17,6602 -0,2515 161,6598 0,8352 23,0000 
7,100 3878,5430 1540,7514 6,5868 421,2987 17,5964 -0,2538 161,1578 0,8345 23,0000 
7,150 3898,5830 1547,0964 6,6760 419,7167 17,5324 -0,2561 160,6555 0,8338 23,0000 
7,200 3918,5549 1553,3953 6,7656 418,1460 17,4682 -0,2584 160,1530 0,8331 23,0000 
7,250 3938,4593 1559,6483 6,8558 416,5866 17,4036 -0,2607 159,6504 0,8325 23,0000 
7,300 3958,2965 1565,8555 6,9464 415,0384 17,3388 -0,2630 159,1477 0,8318 23,0000 
7,350 3978,0672 1572,0174 7,0376 413,5014 17,2738 -0,2653 158,6450 0,8312 23,0000 
7,400 3997,7717 1578,1340 7,1292 411,9754 17,2085 -0,2676 158,1425 0,8305 23,0000 
7,450 4017,4105 1584,2057 7,2213 410,4604 17,1429 -0,2699 157,6401 0,8299 23,0000 
7,500 4036,9841 1590,2326 7,3139 408,9562 17,0770 -0,2722 157,1379 0,8292 23,0000 
7,550 4056,4930 1596,2151 7,4070 407,4629 17,0109 -0,2745 156,6361 0,8286 23,0000 
7,600 4075,9377 1602,1532 7,5006 405,9804 16,9445 -0,2769 156,1346 0,8280 23,0000 
7,650 4095,3185 1608,0473 7,5946 404,5085 16,8779 -0,2792 155,6335 0,8274 23,0000 
7,700 4114,6360 1613,8975 7,6891 403,0472 16,8110 -0,2815 155,1329 0,8267 23,0000 
7,750 4133,8907 1619,7041 7,7841 401,5964 16,7438 -0,2839 154,6328 0,8261 23,0000 
7,800 4153,0829 1625,4673 7,8796 400,1561 16,6764 -0,2862 154,1333 0,8255 23,0000 
7,850 4172,2132 1631,1873 7,9756 398,7261 16,6087 -0,2885 153,6344 0,8249 23,0000 
7,900 4191,2819 1636,8643 8,0720 397,3065 16,5407 -0,2909 153,1362 0,8243 23,0000 
7,950 4210,2895 1642,4986 8,1689 395,8971 16,4725 -0,2932 152,6388 0,8237 23,0000 
8,000 4229,2365 1648,0903 8,2662 394,4978 16,4040 -0,2955 152,1421 0,8231 23,0000 
8,050 4248,1233 1653,6396 8,3640 393,1086 16,3353 -0,2979 151,6462 0,8226 23,0000 
8,100 4266,9503 1659,1468 8,4623 391,7294 16,2663 -0,3002 151,1512 0,8220 23,0000 
8,150 4285,7180 1664,6121 8,5610 390,3602 16,1970 -0,3025 150,6572 0,8214 23,0000 
8,200 4304,4268 1670,0356 8,6602 389,0009 16,1275 -0,3049 150,1640 0,8208 23,0000 
8,250 4323,0771 1675,4176 8,7598 387,6517 16,0577 -0,3072 149,6719 0,8203 23,0000 
8,300 4341,6693 1680,7583 8,8599 386,3132 15,9876 -0,3096 149,1807 0,8197 23,0000 
8,350 4360,2040 1686,0579 8,9604 384,9849 15,9173 -0,3119 148,6907 0,8192 23,0000 
8,400 4378,6815 1691,3166 9,0614 383,6669 15,8467 -0,3142 148,2017 0,8186 23,0000 
8,450 4397,1024 1696,5345 9,1628 382,3590 15,7758 -0,3166 147,7138 0,8181 23,0000 
8,500 4415,4670 1701,7120 9,2646 381,0610 15,7047 -0,3189 147,2271 0,8175 23,0000 
8,550 4433,7757 1706,8491 9,3669 379,7728 15,6333 -0,3213 146,7416 0,8170 23,0000 
8,600 4452,0291 1711,9461 9,4696 378,4944 15,5617 -0,3236 146,2574 0,8164 23,0000 
8,650 4470,2275 1717,0033 9,5728 377,2257 15,4897 -0,3259 145,7743 0,8159 23,0000 
8,700 4488,3713 1722,0206 9,6764 375,9666 15,4176 -0,3283 145,2926 0,8154 23,0000 
8,750 4506,4609 1726,9985 9,7804 374,7171 15,3451 -0,3306 144,8121 0,8149 23,0000 
8,800 4524,4968 1731,9369 9,8848 373,4771 15,2724 -0,3329 144,3330 0,8144 23,0000 
8,850 4542,4794 1736,8362 9,9896 372,2467 15,1995 -0,3352 143,8552 0,8139 23,0000 
8,900 4560,4091 1741,6966 10,0949 371,0257 15,1262 -0,3375 143,3788 0,8133 23,0000 
8,950 4578,2862 1746,5181 10,2006 369,8142 15,0528 -0,3398 142,9038 0,8128 23,0000 
9,000 4596,1113 1751,3010 10,3067 368,6122 14,9790 -0,3421 142,4302 0,8123 23,0000 
9,050 4613,8846 1756,0455 10,4132 367,4197 14,9050 -0,3444 141,9581 0,8119 23,0000 
9,100 4631,6067 1760,7517 10,5200 366,2367 14,8308 -0,3467 141,4874 0,8114 23,0000 
9,150 4649,2779 1765,4199 10,6273 365,0632 14,7562 -0,3490 141,0181 0,8109 23,0000 
9,200 4666,8987 1770,0502 10,7350 363,8992 14,6814 -0,3513 140,5504 0,8104 23,0000 
9,250 4684,4694 1774,6428 10,8431 362,7447 14,6064 -0,3536 140,0842 0,8099 23,0000 
9,300 4701,9905 1779,1979 10,9516 361,5999 14,5311 -0,3558 139,6195 0,8095 23,0000 
9,350 4719,4624 1783,7156 11,0604 360,4646 14,4555 -0,3581 139,1563 0,8090 23,0000 
9,400 4736,8855 1788,1962 11,1696 359,3390 14,3797 -0,3603 138,6947 0,8085 23,0000 
9,450 4754,2602 1792,6397 11,2792 358,2231 14,3036 -0,3625 138,2347 0,8081 23,0000 
9,500 4771,5870 1797,0465 11,3892 357,1168 14,2273 -0,3648 137,7763 0,8076 23,0000 
9,550 4788,8662 1801,4166 11,4996 356,0204 14,1507 -0,3670 137,3195 0,8072 23,0000 
9,600 4806,0984 1805,7503 11,6103 354,9337 14,0739 -0,3692 136,8642 0,8067 23,0000 
9,650 4823,2839 1810,0477 11,7213 353,8569 13,9968 -0,3714 136,4106 0,8063 23,0000 
9,700 4840,4231 1814,3090 11,8328 352,7900 13,9194 -0,3736 135,9587 0,8058 23,0000 
9,750 4857,5166 1818,5344 11,9445 351,7330 13,8418 -0,3757 135,5084 0,8054 23,0000 
9,800 4874,5647 1822,7240 12,0566 350,6859 13,7640 -0,3779 135,0597 0,8049 23,0000 
9,850 4891,5678 1826,8781 12,1691 349,6488 13,6859 -0,3800 134,6128 0,8045 23,0000 
9,900 4908,5265 1830,9968 12,2819 348,6218 13,6075 -0,3821 134,1675 0,8041 23,0000 
9,950 4925,4411 1835,0802 12,3950 347,6048 13,5289 -0,3843 133,7239 0,8037 23,0000 
10,000 4942,3121 1839,1285 12,5085 346,5980 13,4501 -0,3863 133,2819 0,8033 23,0000 
10,050 4959,1399 1843,1420 12,6223 345,6012 13,3710 -0,3884 132,8417 0,8028 23,0000 
10,100 4975,9250 1847,1208 12,7364 344,6147 13,2916 -0,3905 132,4033 0,8024 23,0000 
10,150 4992,6679 1851,0650 12,8508 343,6383 13,2120 -0,3925 131,9665 0,8020 23,0000 
10,200 5009,3689 1854,9749 12,9655 342,6722 13,1322 -0,3946 131,5315 0,8016 23,0000 
10,250 5026,0286 1858,8505 13,0805 341,7163 13,0521 -0,3966 131,0982 0,8012 23,0000 
10,300 5042,6474 1862,6922 13,1958 340,7706 12,9718 -0,3986 130,6666 0,8008 23,0000 
10,350 5059,2257 1866,4999 13,3115 339,8353 12,8912 -0,4006 130,2368 0,8004 23,0000 
10,400 5075,7640 1870,2740 13,4274 338,9102 12,8104 -0,4025 129,8087 0,8001 23,0000 
10,450 5092,2628 1874,0145 13,5436 337,9955 12,7294 -0,4045 129,3824 0,7997 23,0000 
10,500 5108,7225 1877,7216 13,6600 337,0911 12,6481 -0,4064 128,9579 0,7993 23,0000 
10,550 5125,1435 1881,3956 13,7768 336,1970 12,5666 -0,4083 128,5351 0,7989 23,0000 
10,600 5141,5264 1885,0365 13,8938 335,3132 12,4848 -0,4102 128,1142 0,7985 23,0000 
10,650 5157,8715 1888,6445 14,0111 334,4398 12,4028 -0,4121 127,6949 0,7982 23,0000 
10,700 5174,1795 1892,2197 14,1286 333,5767 12,3206 -0,4139 127,2775 0,7978 23,0000 
10,750 5190,4506 1895,7625 14,2464 332,7238 12,2382 -0,4157 126,8618 0,7974 23,0000 
10,800 5206,6853 1899,2728 14,3645 331,8813 12,1555 -0,4175 126,4480 0,7971 23,0000 
10,850 5222,8842 1902,7508 14,4828 331,0491 12,0726 -0,4193 126,0359 0,7967 23,0000 
10,900 5239,0477 1906,1967 14,6013 330,2273 11,9895 -0,4211 125,6256 0,7964 23,0000 
10,950 5255,1762 1909,6107 14,7201 329,4155 11,9061 -0,4229 125,2171 0,7960 23,0000 
11,000 5271,2702 1912,9929 14,8392 328,6131 11,8225 -0,4246 124,8104 0,7957 23,0000 
11,050 5287,3300 1916,3434 14,9584 327,8205 11,7387 -0,4264 124,4055 0,7953 23,0000 
11,100 5303,3562 1919,6624 15,0779 327,0378 11,6547 -0,4281 124,0023 0,7950 23,0000 
11,150 5319,3492 1922,9501 15,1977 326,2653 11,5704 -0,4298 123,6010 0,7947 23,0000 
11,200 5335,3094 1926,2065 15,3177 325,5033 11,4860 -0,4316 123,2015 0,7943 23,0000 
11,250 5351,2372 1929,4318 15,4379 324,7518 11,4013 -0,4333 122,8037 0,7940 23,0000 
11,300 5367,1333 1932,6262 15,5583 324,0110 11,3164 -0,4350 122,4077 0,7937 23,0000 
11,350 5382,9980 1935,7898 15,6790 323,2809 11,2313 -0,4367 122,0136 0,7934 23,0000 
11,400 5398,8319 1938,9228 15,7999 322,5615 11,1459 -0,4384 121,6212 0,7930 23,0000 
11,450 5414,6354 1942,0252 15,9211 321,8529 11,0604 -0,4401 121,2306 0,7927 23,0000 
11,500 5430,4090 1945,0973 16,0424 321,1550 10,9746 -0,4417 120,8418 0,7924 23,0000 
11,550 5446,1531 1948,1392 16,1641 320,4678 10,8886 -0,4434 120,4549 0,7921 23,0000 
11,600 5461,8684 1951,1511 16,2859 319,7911 10,8025 -0,4451 120,0697 0,7918 23,0000 
11,650 5477,5551 1954,1329 16,4080 319,1250 10,7161 -0,4467 119,6862 0,7915 23,0000 
11,700 5493,2139 1957,0850 16,5303 318,4693 10,6295 -0,4484 119,3046 0,7912 23,0000 
11,750 5508,8452 1960,0074 16,6529 317,8239 10,5428 -0,4500 118,9248 0,7909 23,0000 
11,800 5524,4494 1962,9002 16,7757 317,1886 10,4558 -0,4517 118,5468 0,7906 23,0000 
11,850 5540,0269 1965,7637 16,8987 316,5633 10,3686 -0,4533 118,1705 0,7903 23,0000 
11,900 5555,5783 1968,5978 17,0220 315,9478 10,2813 -0,4550 117,7960 0,7900 23,0000 
11,950 5571,1040 1971,4028 17,1455 315,3420 10,1937 -0,4566 117,4233 0,7897 23,0000 
12,000 5586,6043 1974,1787 17,2692 314,7456 10,1060 -0,4582 117,0524 0,7894 23,0000 
12,050 5602,0797 1976,9257 17,3932 314,1586 10,0181 -0,4598 116,6832 0,7892 23,0000 
12,100 5617,5307 1979,6438 17,5174 313,5807 9,9300 -0,4614 116,3158 0,7889 23,0000 
12,150 5632,9576 1982,3332 17,6419 313,0117 9,8417 -0,4631 115,9502 0,7886 23,0000 
12,200 5648,3608 1984,9940 17,7666 312,4514 9,7532 -0,4647 115,5864 0,7883 23,0000 
12,250 5663,7406 1987,6264 17,8915 311,8997 9,6646 -0,4663 115,2243 0,7881 23,0000 
12,300 5679,0976 1990,2303 18,0167 311,3563 9,5758 -0,4679 114,8639 0,7878 23,0000 
12,350 5694,4320 1992,8059 18,1422 310,8211 9,4868 -0,4695 114,5053 0,7876 23,0000 
12,400 5709,7441 1995,3532 18,2678 310,2938 9,3976 -0,4710 114,1484 0,7873 23,0000 
12,450 5725,0344 1997,8725 18,3938 309,7743 9,3083 -0,4726 113,7933 0,7870 23,0000 
12,500 5740,3031 2000,3637 18,5199 309,2623 9,2188 -0,4742 113,4399 0,7868 23,0000 
12,550 5755,5507 2002,8270 18,6463 308,7577 9,1291 -0,4758 113,0882 0,7865 23,0000 
12,600 5770,7773 2005,2625 18,7730 308,2602 9,0392 -0,4774 112,7382 0,7863 23,0000 
12,650 5785,9833 2007,6702 18,8999 307,7697 8,9492 -0,4789 112,3900 0,7860 23,0000 
12,700 5801,1690 2010,0502 19,0270 307,2860 8,8591 -0,4805 112,0434 0,7858 23,0000 
12,750 5816,3348 2012,4025 19,1544 306,8089 8,7687 -0,4821 111,6986 0,7856 23,0000 
12,800 5831,4808 2014,7274 19,2821 306,3382 8,6782 -0,4836 111,3554 0,7853 23,0000 
12,850 5846,6073 2017,0247 19,4099 305,8737 8,5876 -0,4852 111,0139 0,7851 23,0000 
12,900 5861,7147 2019,2947 19,5381 305,4153 8,4968 -0,4867 110,6741 0,7849 23,0000 
12,950 5876,8030 2021,5374 19,6665 304,9627 8,4058 -0,4883 110,3360 0,7846 23,0000 
13,000 5891,8727 2023,7528 19,7951 304,5158 8,3147 -0,4898 109,9995 0,7844 23,0000 
13,050 5906,9240 2025,9410 19,9240 304,0745 8,2234 -0,4914 109,6646 0,7842 23,0000 
13,100 5921,9569 2028,1021 20,0531 303,6385 8,1320 -0,4929 109,3315 0,7840 23,0000 
13,150 5936,9719 2030,2361 20,1825 303,2077 8,0404 -0,4945 108,9999 0,7838 23,0000 
13,200 5951,9690 2032,3432 20,3121 302,7820 7,9487 -0,4960 108,6700 0,7836 23,0000 
13,250 5966,9486 2034,4232 20,4420 302,3611 7,8569 -0,4975 108,3417 0,7833 23,0000 
13,300 5981,9107 2036,4764 20,5721 301,9449 7,7649 -0,4991 108,0150 0,7831 23,0000 
13,350 5996,8556 2038,5028 20,7025 301,5333 7,6727 -0,5006 107,6900 0,7829 23,0000 
13,400 6011,7834 2040,5023 20,8331 301,1263 7,5804 -0,5021 107,3665 0,7827 23,0000 
13,450 6026,6944 2042,4752 20,9640 300,7226 7,4880 -0,5036 107,0446 0,7825 23,0000 
13,500 6041,5885 2044,4213 21,0951 300,3219 7,3954 -0,5052 106,7243 0,7823 23,0000 
13,550 6056,4661 2046,3408 21,2265 299,9242 7,3027 -0,5067 106,4055 0,7821 23,0000 
13,600 6071,3270 2048,2337 21,3581 299,5294 7,2098 -0,5082 106,0883 0,7820 23,0000 
13,650 6086,1715 2050,1000 21,4900 299,1375 7,1168 -0,5097 105,7727 0,7818 23,0000 
13,700 6100,9996 2051,9398 21,6221 298,7485 7,0237 -0,5112 105,4586 0,7816 23,0000 
13,750 6115,8114 2053,7531 21,7545 298,3623 6,9304 -0,5127 105,1460 0,7814 23,0000 
13,800 6130,6071 2055,5400 21,8871 297,9788 6,8370 -0,5143 104,8349 0,7812 23,0000 
13,850 6145,3867 2057,3004 22,0199 297,5981 6,7435 -0,5158 104,5254 0,7810 23,0000 
13,900 6160,1503 2059,0345 22,1530 297,2201 6,6498 -0,5173 104,2173 0,7809 23,0000 
13,950 6174,8981 2060,7423 22,2864 296,8448 6,5560 -0,5188 103,9108 0,7807 23,0000 
14,000 6189,6300 2062,4237 22,4200 296,4721 6,4620 -0,5203 103,6057 0,7805 23,0000 
14,050 6204,3462 2064,0789 22,5538 296,1019 6,3679 -0,5218 103,3021 0,7804 23,0000 
14,100 6219,0468 2065,7079 22,6879 295,7344 6,2737 -0,5233 102,9999 0,7802 23,0000 
14,150 6233,7318 2067,3106 22,8222 295,3693 6,1794 -0,5248 102,6993 0,7800 23,0000 
14,200 6248,4014 2068,8873 22,9567 295,0068 6,0849 -0,5263 102,4000 0,7799 23,0000 
14,250 6263,0555 2070,4378 23,0915 294,6467 5,9903 -0,5278 102,1022 0,7797 23,0000 
14,300 6277,6944 2071,9622 23,2265 294,2891 5,8955 -0,5292 101,8058 0,7796 23,0000 
14,350 6292,3181 2073,4606 23,3618 293,9339 5,8006 -0,5307 101,5109 0,7794 23,0000 
14,400 6306,9266 2074,9329 23,4973 293,5811 5,7056 -0,5322 101,2173 0,7793 23,0000 
14,450 6321,5200 2076,3793 23,6331 293,2306 5,6105 -0,5337 100,9251 0,7791 23,0000 
14,500 6336,0984 2077,7997 23,7691 292,8824 5,5153 -0,5352 100,6344 0,7790 23,0000 
14,550 6350,6619 2079,1942 23,9053 292,5366 5,4199 -0,5367 100,3450 0,7788 23,0000 
14,600 6365,2105 2080,5629 24,0418 292,1930 5,3244 -0,5382 100,0570 0,7787 23,0000 
14,650 6379,7444 2081,9056 24,1785 291,8517 5,2287 -0,5396 99,7703 0,7786 23,0000 
14,700 6394,2635 2083,2226 24,3154 291,5126 5,1330 -0,5411 99,4851 0,7784 23,0000 
14,750 6408,7679 2084,5137 24,4526 291,1757 5,0371 -0,5426 99,2011 0,7783 23,0000 
14,800 6423,2578 2085,7791 24,5900 290,8410 4,9411 -0,5441 98,9185 0,7782 23,0000 
14,850 6437,7332 2087,0188 24,7276 290,5084 4,8450 -0,5455 98,6372 0,7781 23,0000 
14,900 6452,1941 2088,2328 24,8655 290,1780 4,7487 -0,5470 98,3573 0,7779 23,0000 
14,950 6466,6406 2089,4211 25,0036 289,8496 4,6524 -0,5485 98,0787 0,7778 23,0000 
15,000 6481,0728 2090,5837 25,1420 289,5234 4,5559 -0,5499 97,8014 0,7777 23,0000 
15,050 6495,4907 2091,7208 25,2805 289,1993 4,4593 -0,5514 97,5253 0,7776 23,0000 
15,100 6509,8944 2092,8323 25,4193 288,8772 4,3625 -0,5529 97,2506 0,7775 23,0000 
15,150 6524,2839 2093,9182 25,5584 288,5571 4,2657 -0,5543 96,9771 0,7774 23,0000 
15,200 6538,6594 2094,9786 25,6977 288,2390 4,1687 -0,5558 96,7050 0,7773 23,0000 
15,250 6553,0208 2096,0135 25,8372 287,9230 4,0716 -0,5573 96,4341 0,7771 23,0000 
15,300 6567,3682 2097,0230 25,9769 287,6089 3,9744 -0,5587 96,1644 0,7770 23,0000 
15,350 6581,7017 2098,0070 26,1169 287,2967 3,8771 -0,5602 95,8960 0,7769 23,0000 
15,400 6596,0214 2098,9656 26,2570 286,9865 3,7797 -0,5616 95,6288 0,7769 23,0000 
15,450 6610,3272 2099,8988 26,3975 286,6783 3,6821 -0,5631 95,3629 0,7768 23,0000 
15,500 6624,6192 2100,8067 26,5381 286,3719 3,5845 -0,5646 95,0982 0,7767 23,0000 
15,550 6638,8975 2101,6892 26,6790 286,0674 3,4867 -0,5660 94,8348 0,7766 23,0000 
15,600 6653,1622 2102,5465 26,8201 285,7648 3,3888 -0,5675 94,5725 0,7765 23,0000 
15,650 6667,4133 2103,3785 26,9614 285,4641 3,2908 -0,5689 94,3114 0,7764 23,0000 
15,700 6681,6507 2104,1852 27,1030 285,1652 3,1927 -0,5704 94,0516 0,7763 23,0000 
15,750 6695,8747 2104,9667 27,2448 284,8681 3,0945 -0,5718 93,7929 0,7763 23,0000 
15,800 6710,0852 2105,7230 27,3868 284,5728 2,9962 -0,5733 93,5354 0,7762 23,0000 
15,850 6724,2823 2106,4542 27,5290 284,2794 2,8978 -0,5747 93,2791 0,7761 23,0000 
15,900 6738,4660 2107,1602 27,6715 283,9877 2,7992 -0,5762 93,0240 0,7760 23,0000 
15,950 6752,6364 2107,8411 27,8141 283,6978 2,7006 -0,5776 92,7700 0,7760 23,0000 
16,000 6766,7935 2108,4969 27,9571 283,4096 2,6018 -0,5791 92,5172 0,7759 23,0000 
16,050 6780,9373 2109,1276 28,1002 283,1232 2,5030 -0,5805 92,2655 0,7758 23,0000 
16,100 6795,0680 2109,7333 28,2435 282,8386 2,4040 -0,5820 92,0150 0,7758 23,0000 
16,150 6809,1855 2110,3140 28,3871 282,5556 2,3049 -0,5834 91,7656 0,7757 23,0000 
16,200 6823,2899 2110,8697 28,5309 282,2744 2,2057 -0,5848 91,5174 0,7757 23,0000 
16,250 6837,3812 2111,4004 28,6749 281,9948 2,1064 -0,5863 91,2702 0,7756 23,0000 
16,300 6851,4595 2111,9062 28,8192 281,7169 2,0071 -0,5877 91,0242 0,7756 23,0000 
16,350 6865,5248 2112,3870 28,9636 281,4407 1,9076 -0,5892 90,7793 0,7755 23,0000 
16,400 6879,5772 2112,8430 29,1083 281,1662 1,8080 -0,5906 90,5354 0,7755 23,0000 
16,450 6893,6167 2113,2741 29,2532 280,8933 1,7083 -0,5920 90,2927 0,7754 23,0000 
16,500 6907,6433 2113,6804 29,3983 280,6221 1,6085 -0,5935 90,0511 0,7754 23,0000 
16,550 6921,6570 2114,0618 29,5437 280,3525 1,5086 -0,5949 89,8105 0,7753 23,0000 
16,600 6935,6580 2114,4185 29,6892 280,0844 1,4086 -0,5964 89,5710 0,7753 23,0000 
16,650 6949,6462 2114,7504 29,8350 279,8181 1,3085 -0,5978 89,3326 0,7753 23,0000 
16,700 6963,6217 2115,0575 29,9810 279,5533 1,2084 -0,5992 89,0952 0,7752 23,0000 
16,750 6977,5845 2115,3399 30,1272 279,2900 1,1081 -0,6007 88,8589 0,7752 23,0000 
16,800 6991,5347 2115,5976 30,2736 279,0284 1,0077 -0,6021 88,6237 0,7752 23,0000 
16,850 7005,4723 2115,8306 30,4203 278,7683 0,9072 -0,6035 88,3895 0,7752 23,0000 
16,900 7019,3973 2116,0390 30,5671 278,5098 0,8067 -0,6050 88,1563 0,7751 23,0000 
16,950 7033,3097 2116,2227 30,7142 278,2529 0,7060 -0,6064 87,9242 0,7751 23,0000 
17,000 7047,2096 2116,3819 30,8615 277,9974 0,6052 -0,6078 87,6931 0,7751 23,0000 
17,050 7061,0971 2116,5164 31,0090 277,7436 0,5044 -0,6092 87,4630 0,7751 23,0000 
17,100 7074,9721 2116,6264 31,1567 277,4912 0,4034 -0,6107 87,2339 0,7751 23,0000 
17,150 7088,8348 2116,7118 31,3046 277,2403 0,3024 -0,6121 87,0058 0,7751 23,0000 
17,200 7102,6850 2116,7727 31,4528 276,9910 0,2013 -0,6135 86,7787 0,7751 23,0000 
17,250 7116,5229 2116,8091 31,6011 276,7432 0,1001 -0,6150 86,5527 0,7751 23,0000 
17,300 7130,3485 2116,8211 31,7497 276,4968 -0,0012 -0,6164 86,3276 0,7751 23,0000 
17,350 7144,1618 2116,8085 31,8985 276,2519 -0,1026 -0,6178 86,1035 0,7751 23,0000 
17,400 7157,9629 2116,7716 32,0475 276,0085 -0,2041 -0,6192 85,8804 0,7751 23,0000 
17,450 7171,7517 2116,7102 32,1967 275,7666 -0,3056 -0,6207 85,6582 0,7751 23,0000 
17,500 7185,5284 2116,6245 32,3461 275,5261 -0,4073 -0,6221 85,4370 0,7751 23,0000 
17,550 7199,2929 2116,5144 32,4957 275,2871 -0,5090 -0,6235 85,2168 0,7751 23,0000 
17,600 7213,0453 2116,3799 32,6455 275,0496 -0,6109 -0,6249 84,9976 0,7751 23,0000 
17,650 7226,7855 2116,2212 32,7956 274,8134 -0,7128 -0,6264 84,7792 0,7751 23,0000 
17,700 7240,5137 2116,0381 32,9458 274,5787 -0,8148 -0,6278 84,5619 0,7751 23,0000 
17,750 7254,2299 2115,8307 33,0963 274,3455 -0,9168 -0,6292 84,3455 0,7752 23,0000 
17,800 7267,9340 2115,5991 33,2470 274,1136 -1,0190 -0,6306 84,1300 0,7752 23,0000 
17,850 7281,6261 2115,3433 33,3978 273,8832 -1,1212 -0,6320 83,9154 0,7752 23,0000 
17,900 7295,3063 2115,0632 33,5489 273,6541 -1,2235 -0,6335 83,7018 0,7752 23,0000 
17,950 7308,9746 2114,7589 33,7002 273,4265 -1,3259 -0,6349 83,4890 0,7753 23,0000 
18,000 7322,6309 2114,4305 33,8517 273,2002 -1,4284 -0,6363 83,2772 0,7753 23,0000 
18,050 7336,2754 2114,0779 34,0034 272,9754 -1,5310 -0,6377 83,0664 0,7753 23,0000 
18,100 7349,9080 2113,7012 34,1553 272,7519 -1,6336 -0,6391 82,8564 0,7754 23,0000 
18,150 7363,5287 2113,3004 34,3074 272,5298 -1,7363 -0,6406 82,6473 0,7754 23,0000 
18,200 7377,1377 2112,8754 34,4598 272,3090 -1,8391 -0,6420 82,4391 0,7755 23,0000 
18,250 7390,7349 2112,4265 34,6123 272,0897 -1,9419 -0,6434 82,2318 0,7755 23,0000 
18,300 7404,3203 2111,9534 34,7650 271,8716 -2,0449 -0,6448 82,0254 0,7756 23,0000 
18,350 7417,8940 2111,4564 34,9180 271,6550 -2,1479 -0,6462 81,8198 0,7756 23,0000 
18,400 7431,4560 2110,9353 35,0711 271,4397 -2,2510 -0,6477 81,6152 0,7757 23,0000 
18,450 7445,0063 2110,3902 35,2244 271,2257 -2,3541 -0,6491 81,4114 0,7757 23,0000 
18,500 7458,5450 2109,8212 35,3780 271,0130 -2,4574 -0,6505 81,2084 0,7758 23,0000 
18,550 7472,0720 2109,2283 35,5317 270,8017 -2,5607 -0,6519 81,0064 0,7758 23,0000 
18,600 7485,5874 2108,6114 35,6857 270,5917 -2,6640 -0,6533 80,8051 0,7759 23,0000 
18,650 7499,0913 2107,9706 35,8398 270,3831 -2,7675 -0,6547 80,6048 0,7760 23,0000 
18,700 7512,5835 2107,3059 35,9942 270,1757 -2,8710 -0,6561 80,4053 0,7760 23,0000 
18,750 7526,0642 2106,6173 36,1487 269,9697 -2,9746 -0,6576 80,2066 0,7761 23,0000 
18,800 7539,5334 2105,9050 36,3035 269,7649 -3,0782 -0,6590 80,0087 0,7762 23,0000 
18,850 7552,9911 2105,1687 36,4584 269,5615 -3,1819 -0,6604 79,8117 0,7762 23,0000 
18,900 7566,4374 2104,4087 36,6136 269,3593 -3,2857 -0,6618 79,6156 0,7763 23,0000 
18,950 7579,8721 2103,6249 36,7690 269,1585 -3,3895 -0,6632 79,4202 0,7764 23,0000 
19,000 7593,2955 2102,8174 36,9245 268,9589 -3,4934 -0,6646 79,2257 0,7765 23,0000 
19,050 7606,7074 2101,9861 37,0803 268,7606 -3,5974 -0,6660 79,0320 0,7766 23,0000 
19,100 7620,1079 2101,1310 37,2362 268,5636 -3,7015 -0,6675 78,8391 0,7766 23,0000 
19,150 7633,4971 2100,2523 37,3924 268,3679 -3,8055 -0,6689 78,6470 0,7767 23,0000 
19,200 7646,8749 2099,3499 37,5487 268,1734 -3,9097 -0,6703 78,4557 0,7768 23,0000 
19,250 7660,2414 2098,4238 37,7052 267,9802 -4,0139 -0,6717 78,2652 0,7769 23,0000 
19,300 7673,5965 2097,4740 37,8620 267,7883 -4,1182 -0,6731 78,0755 0,7770 23,0000 
19,350 7686,9404 2096,5007 38,0189 267,5976 -4,2225 -0,6745 77,8866 0,7771 23,0000 
19,400 7700,2730 2095,5037 38,1760 267,4081 -4,3269 -0,6759 77,6984 0,7772 23,0000 
19,450 7713,5944 2094,4831 38,3334 267,2200 -4,4314 -0,6773 77,5111 0,7773 23,0000 
19,500 7726,9045 2093,4390 38,4909 267,0330 -4,5359 -0,6788 77,3245 0,7774 23,0000 
19,550 7740,2035 2092,3713 38,6486 266,8473 -4,6405 -0,6802 77,1387 0,7775 23,0000 
19,600 7753,4912 2091,2801 38,8065 266,6628 -4,7451 -0,6816 76,9537 0,7776 23,0000 
19,650 7766,7678 2090,1654 38,9646 266,4796 -4,8498 -0,6830 76,7695 0,7777 23,0000 
19,700 7780,0332 2089,0272 39,1229 266,2976 -4,9545 -0,6844 76,5860 0,7779 23,0000 
19,750 7793,2874 2087,8656 39,2814 266,1168 -5,0593 -0,6858 76,4032 0,7780 23,0000 
19,800 7806,5306 2086,6804 39,4401 265,9372 -5,1641 -0,6872 76,2213 0,7781 23,0000 
19,850 7819,7626 2085,4719 39,5990 265,7589 -5,2690 -0,6886 76,0400 0,7782 23,0000 
19,900 7832,9836 2084,2399 39,7581 265,5817 -5,3740 -0,6901 75,8595 0,7783 23,0000 
19,950 7846,1935 2082,9846 39,9173 265,4058 -5,4790 -0,6915 75,6798 0,7785 23,0000 
20,000 7859,3924 2081,7058 40,0768 265,2310 -5,5840 -0,6929 75,5008 0,7786 23,0000 
20,050 7872,5802 2080,4037 40,2365 265,0575 -5,6891 -0,6943 75,3225 0,7787 23,0000 
20,100 7885,7570 2079,0783 40,3963 264,8852 -5,7942 -0,6958 75,1450 0,7788 23,0000 
20,150 7898,9229 2077,7296 40,5564 264,7140 -5,8994 -0,6972 74,9682 0,7790 23,0000 
20,200 7912,0777 2076,3575 40,7166 264,5441 -6,0046 -0,6987 74,7921 0,7791 23,0000 
20,250 7925,2216 2074,9622 40,8771 264,3753 -6,1099 -0,7001 74,6168 0,7793 23,0000 
20,300 7938,3546 2073,5436 41,0377 264,2078 -6,2152 -0,7015 74,4421 0,7794 23,0000 
20,350 7951,4766 2072,1018 41,1986 264,0414 -6,3206 -0,7030 74,2682 0,7795 23,0000 
20,400 7964,5877 2070,6368 41,3596 263,8761 -6,4260 -0,7044 74,0950 0,7797 23,0000 
20,450 7977,6879 2069,1485 41,5208 263,7121 -6,5314 -0,7059 73,9225 0,7798 23,0000 
20,500 7990,7772 2067,6371 41,6823 263,5492 -6,6369 -0,7073 73,7507 0,7800 23,0000 
20,550 8003,8557 2066,1025 41,8439 263,3875 -6,7425 -0,7088 73,5796 0,7802 23,0000 
20,600 8016,9234 2064,5447 42,0057 263,2269 -6,8480 -0,7102 73,4092 0,7803 23,0000 
20,650 8029,9802 2062,9639 42,1677 263,0676 -6,9536 -0,7116 73,2395 0,7805 23,0000 
20,700 8043,0262 2061,3599 42,3299 262,9093 -7,0593 -0,7131 73,0704 0,7806 23,0000 
20,750 8056,0613 2059,7328 42,4923 262,7522 -7,1650 -0,7145 72,9021 0,7808 23,0000 
20,800 8069,0858 2058,0827 42,6549 262,5963 -7,2707 -0,7160 72,7345 0,7810 23,0000 
20,850 8082,0994 2056,4095 42,8177 262,4415 -7,3764 -0,7174 72,5675 0,7811 23,0000 
20,900 8095,1023 2054,7133 42,9807 262,2879 -7,4822 -0,7188 72,4012 0,7813 23,0000 
20,950 8108,0944 2052,9940 43,1439 262,1354 -7,5881 -0,7203 72,2356 0,7815 23,0000 
21,000 8121,0758 2051,2518 43,3073 261,9840 -7,6939 -0,7217 72,0706 0,7816 23,0000 
21,050 8134,0466 2049,4866 43,4708 261,8338 -7,7998 -0,7232 71,9064 0,7818 23,0000 
21,100 8147,0066 2047,6984 43,6346 261,6847 -7,9057 -0,7246 71,7428 0,7820 23,0000 
21,150 8159,9559 2045,8873 43,7985 261,5367 -8,0117 -0,7261 71,5798 0,7822 23,0000 
21,200 8172,8946 2044,0532 43,9626 261,3899 -8,1177 -0,7275 71,4175 0,7824 23,0000 
21,250 8185,8226 2042,1963 44,1270 261,2442 -8,2237 -0,7289 71,2559 0,7826 23,0000 
21,300 8198,7400 2040,3164 44,2915 261,0996 -8,3297 -0,7304 71,0949 0,7828 23,0000 
21,350 8211,6468 2038,4137 44,4562 260,9561 -8,4358 -0,7318 70,9346 0,7829 23,0000 
21,400 8224,5429 2036,4882 44,6211 260,8137 -8,5419 -0,7333 70,7749 0,7831 23,0000 
21,450 8237,4285 2034,5398 44,7861 260,6724 -8,6480 -0,7347 70,6158 0,7833 23,0000 
21,500 8250,3035 2032,5686 44,9514 260,5323 -8,7542 -0,7362 70,4574 0,7835 23,0000 
21,550 8263,1679 2030,5746 45,1169 260,3932 -8,8604 -0,7376 70,2996 0,7837 23,0000 
21,600 8276,0217 2028,5579 45,2825 260,2553 -8,9666 -0,7391 70,1425 0,7839 23,0000 
21,650 8288,8650 2026,5184 45,4484 260,1184 -9,0728 -0,7405 69,9860 0,7841 23,0000 
21,700 8301,6978 2024,4561 45,6144 259,9827 -9,1790 -0,7419 69,8301 0,7844 23,0000 
21,750 8314,5201 2022,3711 45,7806 259,8480 -9,2853 -0,7434 69,6749 0,7846 23,0000 
21,800 8327,3319 2020,2634 45,9470 259,7144 -9,3916 -0,7448 69,5203 0,7848 23,0000 
21,850 8340,1331 2018,1331 46,1136 259,5819 -9,4979 -0,7463 69,3663 0,7850 23,0000 
21,900 8352,9239 2015,9800 46,2804 259,4505 -9,6042 -0,7477 69,2129 0,7852 23,0000 
21,950 8365,7043 2013,8044 46,4473 259,3202 -9,7106 -0,7492 69,0601 0,7854 23,0000 
22,000 8378,4742 2011,6061 46,6145 259,1910 -9,8169 -0,7506 68,9080 0,7857 23,0000 
22,050 8391,2336 2009,3851 46,7818 259,0628 -9,9233 -0,7521 68,7564 0,7859 23,0000 
22,100 8403,9826 2007,1416 46,9493 258,9357 -10,0297 -0,7535 68,6055 0,7861 23,0000 
22,150 8416,7212 2004,8755 47,1170 258,8097 -10,1361 -0,7550 68,4552 0,7863 23,0000 
22,200 8429,4494 2002,5869 47,2849 258,6847 -10,2426 -0,7564 68,3055 0,7866 23,0000 
22,250 8442,1672 2000,2757 47,4530 258,5608 -10,3490 -0,7579 68,1563 0,7868 23,0000 
22,300 8454,8747 1997,9420 47,6212 258,4380 -10,4555 -0,7593 68,0078 0,7870 23,0000 
22,350 8467,5717 1995,5858 47,7897 258,3162 -10,5619 -0,7608 67,8599 0,7873 23,0000 
22,400 8480,2584 1993,2071 47,9583 258,1955 -10,6684 -0,7622 67,7125 0,7875 23,0000 
22,450 8492,9348 1990,8060 48,1271 258,0758 -10,7749 -0,7637 67,5658 0,7878 23,0000 
22,500 8505,6008 1988,3824 48,2961 257,9572 -10,8814 -0,7651 67,4196 0,7880 23,0000 
22,550 8518,2566 1985,9364 48,4652 257,8396 -10,9879 -0,7666 67,2740 0,7883 23,0000 
22,600 8530,9020 1983,4679 48,6346 257,7231 -11,0944 -0,7680 67,1290 0,7885 23,0000 
22,650 8543,5371 1980,9771 48,8041 257,6076 -11,2010 -0,7695 66,9846 0,7888 23,0000 
22,700 8556,1619 1978,4639 48,9738 257,4931 -11,3075 -0,7709 66,8407 0,7890 23,0000 
22,750 8568,7765 1975,9283 49,1437 257,3797 -11,4140 -0,7724 66,6975 0,7893 23,0000 
22,800 8581,3807 1973,3704 49,3138 257,2673 -11,5206 -0,7738 66,5548 0,7895 23,0000 
22,850 8593,9748 1970,7902 49,4841 257,1560 -11,6271 -0,7753 66,4126 0,7898 23,0000 
22,900 8606,5586 1968,1877 49,6545 257,0457 -11,7337 -0,7767 66,2711 0,7901 23,0000 
22,950 8619,1321 1965,5628 49,8251 256,9364 -11,8402 -0,7782 66,1301 0,7903 23,0000 
23,000 8631,6955 1962,9158 49,9959 256,8281 -11,9468 -0,7796 65,9897 0,7906 23,0000 
23,050 8644,2486 1960,2464 50,1669 256,7209 -12,0533 -0,7811 65,8498 0,7909 23,0000 
23,100 8656,7915 1957,5549 50,3381 256,6146 -12,1599 -0,7825 65,7105 0,7911 23,0000 
23,150 8669,3243 1954,8411 50,5094 256,5094 -12,2664 -0,7840 65,5717 0,7914 23,0000 
23,200 8681,8468 1952,1051 50,6809 256,4052 -12,3730 -0,7854 65,4335 0,7917 23,0000 
23,250 8694,3592 1949,3470 50,8526 256,3020 -12,4795 -0,7869 65,2959 0,7920 23,0000 
23,300 8706,8615 1946,5667 51,0245 256,1998 -12,5861 -0,7883 65,1588 0,7923 23,0000 
23,350 8719,3536 1943,7642 51,1965 256,0986 -12,6926 -0,7898 65,0222 0,7925 23,0000 
23,400 8731,8355 1940,9397 51,3687 255,9984 -12,7992 -0,7912 64,8862 0,7928 23,0000 
23,450 8744,3073 1938,0930 51,5411 255,8992 -12,9057 -0,7927 64,7507 0,7931 23,0000 
23,500 8756,7690 1935,2243 51,7137 255,8010 -13,0122 -0,7941 64,6158 0,7934 23,0000 
23,550 8769,2206 1932,3334 51,8864 255,7038 -13,1188 -0,7956 64,4814 0,7937 23,0000 
23,600 8781,6621 1929,4205 52,0594 255,6076 -13,2253 -0,7970 64,3476 0,7940 23,0000 
23,650 8794,0935 1926,4856 52,2325 255,5123 -13,3318 -0,7985 64,2143 0,7943 23,0000 
23,700 8806,5148 1923,5287 52,4057 255,4181 -13,4383 -0,7999 64,0815 0,7946 23,0000 
23,750 8818,9261 1920,5498 52,5792 255,3248 -13,5448 -0,8014 63,9492 0,7949 23,0000 
23,800 8831,3273 1917,5489 52,7528 255,2325 -13,6512 -0,8029 63,8175 0,7952 23,0000 
23,850 8843,7184 1914,5260 52,9266 255,1412 -13,7577 -0,8043 63,6863 0,7955 23,0000 
23,900 8856,0995 1911,4812 53,1006 255,0509 -13,8642 -0,8058 63,5556 0,7958 23,0000 
23,950 8868,4706 1908,4145 53,2747 254,9615 -13,9706 -0,8072 63,4255 0,7961 23,0000 
24,000 8880,8316 1905,3258 53,4490 254,8731 -14,0770 -0,8087 63,2959 0,7965 23,0000 
24,050 8893,1827 1902,2153 53,6235 254,7857 -14,1834 -0,8101 63,1667 0,7968 23,0000 
24,100 8905,5237 1899,0829 53,7982 254,6992 -14,2898 -0,8116 63,0382 0,7971 23,0000 
24,150 8917,8547 1895,9287 53,9730 254,6137 -14,3962 -0,8130 62,9101 0,7974 23,0000 
24,200 8930,1757 1892,7526 54,1480 254,5291 -14,5026 -0,8145 62,7825 0,7977 23,0000 
24,250 8942,4868 1889,5547 54,3232 254,4455 -14,6089 -0,8160 62,6555 0,7981 23,0000 
24,300 8954,7879 1886,3349 54,4986 254,3629 -14,7152 -0,8174 62,5289 0,7984 23,0000 
24,350 8967,0790 1883,0935 54,6741 254,2812 -14,8215 -0,8189 62,4029 0,7987 23,0000 
24,400 8979,3602 1879,8302 54,8498 254,2004 -14,9278 -0,8203 62,2773 0,7991 23,0000 
24,450 8991,6314 1876,5452 55,0256 254,1206 -15,0341 -0,8218 62,1523 0,7994 23,0000 
24,500 9003,8927 1873,2385 55,2017 254,0417 -15,1403 -0,8232 62,0278 0,7998 23,0000 
24,550 9016,1440 1869,9100 55,3779 253,9638 -15,2466 -0,8247 61,9038 0,8001 23,0000 
24,600 9028,3854 1866,5599 55,5542 253,8868 -15,3528 -0,8262 61,7802 0,8004 23,0000 
24,650 9040,6170 1863,1881 55,7308 253,8107 -15,4589 -0,8276 61,6572 0,8008 23,0000 
24,700 9052,8386 1859,7947 55,9075 253,7356 -15,5651 -0,8291 61,5347 0,8011 23,0000 
24,750 9065,0503 1856,3796 56,0844 253,6613 -15,6712 -0,8305 61,4126 0,8015 23,0000 
24,800 9077,2521 1852,9428 56,2614 253,5880 -15,7773 -0,8320 61,2911 0,8018 23,0000 
24,850 9089,4440 1849,4845 56,4386 253,5157 -15,8834 -0,8335 61,1700 0,8022 23,0000 
24,900 9101,6261 1846,0046 56,6160 253,4442 -15,9894 -0,8349 61,0494 0,8026 23,0000 
24,950 9113,7983 1842,5031 56,7935 253,3737 -16,0955 -0,8364 60,9293 0,8029 23,0000 
25,000 9125,9607 1838,9801 56,9712 253,3041 -16,2014 -0,8378 60,8097 0,8033 23,0000 
25,050 9138,1131 1835,4356 57,1491 253,2353 -16,3074 -0,8393 60,6906 0,8036 23,0000 
25,100 9150,2558 1831,8695 57,3272 253,1675 -16,4133 -0,8408 60,5720 0,8040 23,0000 
25,150 9162,3886 1828,2820 57,5054 253,1006 -16,5192 -0,8422 60,4538 0,8044 23,0000 
25,200 9174,5116 1824,6729 57,6837 253,0346 -16,6251 -0,8437 60,3361 0,8047 23,0000 
25,250 9186,6247 1821,0424 57,8623 252,9695 -16,7309 -0,8452 60,2189 0,8051 23,0000 
25,300 9198,7281 1817,3905 58,0410 252,9053 -16,8367 -0,8466 60,1022 0,8055 23,0000 
25,350 9210,8216 1813,7172 58,2198 252,8420 -16,9425 -0,8481 59,9859 0,8059 23,0000 
25,400 9222,9054 1810,0224 58,3989 252,7796 -17,0482 -0,8495 59,8701 0,8063 23,0000 
25,450 9234,9793 1806,3063 58,5781 252,7180 -17,1539 -0,8510 59,7548 0,8066 23,0000 
25,500 9247,0435 1802,5688 58,7574 252,6574 -17,2596 -0,8525 59,6399 0,8070 23,0000 
25,550 9259,0979 1798,8099 58,9369 252,5976 -17,3652 -0,8539 59,5256 0,8074 23,0000 
25,600 9271,1425 1795,0297 59,1166 252,5387 -17,4708 -0,8554 59,4116 0,8078 23,0000 
25,650 9283,1773 1791,2282 59,2965 252,4807 -17,5763 -0,8569 59,2982 0,8082 23,0000 
25,700 9295,2024 1787,4054 59,4765 252,4236 -17,6818 -0,8583 59,1852 0,8086 23,0000 
25,750 9307,2177 1783,5613 59,6566 252,3673 -17,7873 -0,8598 59,0727 0,8090 23,0000 
25,800 9319,2233 1779,6960 59,8370 252,3119 -17,8927 -0,8613 58,9606 0,8094 23,0000 
25,850 9331,2192 1775,8094 60,0175 252,2574 -17,9981 -0,8627 58,8490 0,8098 23,0000 
25,900 9343,2053 1771,9016 60,1981 252,2037 -18,1034 -0,8642 58,7378 0,8102 23,0000 
25,950 9355,1816 1767,9726 60,3789 252,1509 -18,2087 -0,8657 58,6271 0,8106 23,0000 
26,000 9367,1483 1764,0224 60,5599 252,0989 -18,3140 -0,8671 58,5168 0,8110 23,0000 
26,050 9379,1053 1760,0511 60,7410 252,0478 -18,4192 -0,8686 58,4070 0,8114 23,0000 
26,100 9391,0525 1756,0586 60,9223 251,9975 -18,5244 -0,8701 58,2977 0,8119 23,0000 
26,150 9402,9900 1752,0449 61,1037 251,9481 -18,6295 -0,8715 58,1888 0,8123 23,0000 
26,200 9414,9179 1748,0102 61,2853 251,8996 -18,7346 -0,8730 58,0803 0,8127 23,0000 
26,250 9426,8361 1743,9543 61,4671 251,8518 -18,8396 -0,8745 57,9723 0,8131 23,0000 
26,300 9438,7445 1739,8774 61,6490 251,8050 -18,9446 -0,8759 57,8647 0,8135 23,0000 
26,350 9450,6433 1735,7794 61,8311 251,7589 -19,0495 -0,8774 57,7576 0,8140 23,0000 
26,400 9462,5324 1731,6604 62,0133 251,7137 -19,1544 -0,8789 57,6509 0,8144 23,0000 
26,450 9474,4119 1727,5203 62,1957 251,6693 -19,2592 -0,8803 57,5447 0,8148 23,0000 
26,500 9486,2817 1723,3593 62,3783 251,6258 -19,3640 -0,8818 57,4389 0,8153 23,0000 
26,550 9498,1418 1719,1772 62,5610 251,5830 -19,4687 -0,8833 57,3335 0,8157 23,0000 
26,600 9509,9923 1714,9742 62,7438 251,5411 -19,5734 -0,8848 57,2286 0,8161 23,0000 
26,650 9521,8332 1710,7502 62,9268 251,5000 -19,6780 -0,8862 57,1241 0,8166 23,0000 
26,700 9533,6644 1706,5053 63,1100 251,4598 -19,7826 -0,8877 57,0201 0,8170 23,0000 
26,750 9545,4859 1702,2395 63,2933 251,4203 -19,8871 -0,8892 56,9164 0,8175 23,0000 
26,800 9557,2979 1697,9528 63,4768 251,3817 -19,9916 -0,8906 56,8133 0,8179 23,0000 
26,850 9569,1002 1693,6453 63,6604 251,3438 -20,0960 -0,8921 56,7105 0,8184 23,0000 
26,900 9580,8929 1689,3168 63,8442 251,3068 -20,2003 -0,8936 56,6082 0,8188 23,0000 
26,950 9592,6760 1684,9676 64,0282 251,2706 -20,3046 -0,8951 56,5063 0,8193 23,0000 
27,000 9604,4495 1680,5975 64,2122 251,2351 -20,4089 -0,8965 56,4048 0,8197 23,0000 
27,050 9616,2134 1676,2066 64,3965 251,2005 -20,5130 -0,8980 56,3037 0,8202 23,0000 
27,100 9627,9677 1671,7949 64,5809 251,1666 -20,6172 -0,8995 56,2031 0,8206 23,0000 
27,150 9639,7124 1667,3624 64,7654 251,1336 -20,7212 -0,9010 56,1029 0,8211 23,0000 
27,200 9651,4475 1662,9093 64,9501 251,1013 -20,8252 -0,9024 56,0031 0,8216 23,0000 
27,250 9663,1730 1658,4353 65,1350 251,0698 -20,9292 -0,9039 55,9037 0,8220 23,0000 
27,300 9674,8889 1653,9407 65,3200 251,0391 -21,0331 -0,9054 55,8048 0,8225 23,0000 
27,350 9686,5953 1649,4254 65,5051 251,0092 -21,1369 -0,9069 55,7063 0,8230 23,0000 
27,400 9698,2921 1644,8894 65,6904 250,9800 -21,2406 -0,9083 55,6081 0,8235 23,0000 
27,450 9709,9794 1640,3327 65,8759 250,9517 -21,3443 -0,9098 55,5105 0,8240 23,0000 
27,500 9721,6570 1635,7555 66,0615 250,9241 -21,4480 -0,9113 55,4132 0,8244 23,0000 
27,550 9733,3252 1631,1575 66,2472 250,8972 -21,5515 -0,9128 55,3163 0,8249 23,0000 
27,600 9744,9838 1626,5390 66,4331 250,8711 -21,6550 -0,9142 55,2198 0,8254 23,0000 
27,650 9756,6328 1621,9000 66,6191 250,8458 -21,7585 -0,9157 55,1238 0,8259 23,0000 
27,700 9768,2723 1617,2403 66,8053 250,8213 -21,8619 -0,9172 55,0282 0,8264 23,0000 
27,750 9779,9022 1612,5601 66,9917 250,7975 -21,9652 -0,9187 54,9329 0,8269 23,0000 
27,800 9791,5226 1607,8594 67,1781 250,7744 -22,0684 -0,9201 54,8381 0,8274 23,0000 
27,850 9803,1335 1603,1382 67,3648 250,7521 -22,1716 -0,9216 54,7437 0,8279 23,0000 
27,900 9814,7349 1598,3965 67,5516 250,7305 -22,2747 -0,9231 54,6497 0,8284 23,0000 
27,950 9826,3267 1593,6344 67,7385 250,7097 -22,3777 -0,9246 54,5561 0,8289 23,0000 
28,000 9837,9091 1588,8518 67,9255 250,6897 -22,4807 -0,9261 54,4629 0,8294 23,0000 
28,050 9849,4819 1584,0487 68,1128 250,6703 -22,5836 -0,9275 54,3701 0,8299 23,0000 
28,100 9861,0452 1579,2253 68,3001 250,6517 -22,6864 -0,9290 54,2777 0,8304 23,0000 
28,150 9872,5990 1574,3814 68,4876 250,6338 -22,7891 -0,9305 54,1857 0,8309 23,0000 
28,200 9884,1433 1569,5172 68,6753 250,6167 -22,8918 -0,9320 54,0941 0,8314 23,0000 
28,250 9895,6781 1564,6326 68,8631 250,6003 -22,9944 -0,9335 54,0029 0,8319 23,0000 
28,300 9907,2034 1559,7277 69,0510 250,5846 -23,0970 -0,9349 53,9121 0,8325 23,0000 
28,350 9918,7192 1554,8025 69,2391 250,5696 -23,1994 -0,9364 53,8217 0,8330 23,0000 
28,400 9930,2255 1549,8570 69,4273 250,5553 -23,3018 -0,9379 53,7317 0,8335 23,0000 
28,450 9941,7224 1544,8912 69,6156 250,5418 -23,4041 -0,9394 53,6421 0,8340 23,0000 
28,500 9953,2098 1539,9051 69,8041 250,5289 -23,5064 -0,9409 53,5528 0,8346 23,0000 
28,550 9964,6876 1534,8988 69,9928 250,5168 -23,6085 -0,9423 53,4640 0,8351 23,0000 
28,600 9976,1561 1529,8723 70,1816 250,5054 -23,7106 -0,9438 53,3755 0,8356 23,0000 
28,650 9987,6150 1524,8256 70,3705 250,4946 -23,8126 -0,9453 53,2875 0,8362 23,0000 
28,700 9999,0645 1519,7587 70,5596 250,4846 -23,9145 -0,9468 53,1998 0,8367 23,0000 
28,750 10010,5045 1514,6716 70,7488 250,4753 -24,0164 -0,9483 53,1125 0,8373 23,0000 
28,800 10021,9351 1509,5644 70,9381 250,4666 -24,1182 -0,9497 53,0257 0,8378 23,0000 
28,850 10033,3562 1504,4370 71,1276 250,4587 -24,2198 -0,9512 52,9391 0,8383 23,0000 
28,900 10044,7678 1499,2896 71,3172 250,4514 -24,3215 -0,9527 52,8530 0,8389 23,0000 
28,950 10056,1700 1494,1221 71,5070 250,4448 -24,4230 -0,9542 52,7673 0,8394 23,0000 
29,000 10067,5627 1488,9345 71,6969 250,4389 -24,5244 -0,9557 52,6819 0,8400 23,0000 
29,050 10078,9460 1483,7268 71,8869 250,4337 -24,6258 -0,9572 52,5970 0,8406 23,0000 
29,100 10090,3199 1478,4991 72,0771 250,4291 -24,7271 -0,9587 52,5124 0,8411 23,0000 
29,150 10101,6843 1473,2515 72,2674 250,4252 -24,8283 -0,9601 52,4282 0,8417 23,0000 
29,200 10113,0393 1467,9838 72,4578 250,4220 -24,9294 -0,9616 52,3443 0,8422 23,0000 
29,250 10124,3848 1462,6961 72,6484 250,4195 -25,0305 -0,9631 52,2609 0,8428 23,0000 
29,300 10135,7210 1457,3885 72,8391 250,4176 -25,1314 -0,9646 52,1778 0,8434 23,0000 
29,350 10147,0477 1452,0610 73,0300 250,4163 -25,2323 -0,9661 52,0951 0,8439 23,0000 
29,400 10158,3649 1446,7136 73,2210 250,4158 -25,3331 -0,9676 52,0128 0,8445 23,0000 
29,450 10169,6728 1441,3462 73,4121 250,4158 -25,4338 -0,9690 51,9308 0,8451 23,0000 
29,500 10180,9712 1435,9590 73,6034 250,4166 -25,5344 -0,9705 51,8492 0,8457 23,0000 
29,550 10192,2602 1430,5519 73,7948 250,4179 -25,6349 -0,9720 51,7680 0,8463 23,0000 
29,600 10203,5398 1425,1250 73,9863 250,4199 -25,7354 -0,9735 51,6872 0,8468 23,0000 
29,650 10214,8099 1419,6783 74,1779 250,4226 -25,8357 -0,9750 51,6067 0,8474 23,0000 
29,700 10226,0707 1414,2118 74,3697 250,4259 -25,9360 -0,9765 51,5266 0,8480 23,0000 
29,750 10237,3221 1408,7255 74,5616 250,4298 -26,0362 -0,9780 51,4469 0,8486 23,0000 
29,800 10248,5640 1403,2195 74,7537 250,4344 -26,1363 -0,9795 51,3676 0,8492 23,0000 
29,850 10259,7965 1397,6937 74,9459 250,4396 -26,2363 -0,9809 51,2886 0,8498 23,0000 
29,900 10271,0197 1392,1482 75,1382 250,4454 -26,3362 -0,9824 51,2100 0,8504 23,0000 
29,950 10282,2334 1386,5831 75,3306 250,4518 -26,4360 -0,9839 51,1317 0,8510 23,0000 
30,000 10293,4378 1380,9982 75,5232 250,4588 -26,5357 -0,9854 51,0538 0,8516 23,0000 
30,050 10304,6327 1375,3937 75,7159 250,4665 -26,6354 -0,9869 50,9763 0,8522 23,0000 
30,100 10315,8182 1369,7695 75,9087 250,4748 -26,7349 -0,9884 50,8991 0,8528 23,0000 
30,150 10326,9944 1364,1257 76,1017 250,4837 -26,8344 -0,9899 50,8223 0,8534 23,0000 
30,200 10338,1612 1358,4624 76,2948 250,4932 -26,9337 -0,9914 50,7459 0,8540 23,0000 
30,250 10349,3185 1352,7794 76,4880 250,5033 -27,0330 -0,9929 50,6698 0,8547 23,0000 
30,300 10360,4665 1347,0769 76,6813 250,5140 -27,1322 -0,9943 50,5941 0,8553 23,0000 
30,350 10371,6051 1341,3549 76,8748 250,5253 -27,2312 -0,9958 50,5187 0,8559 23,0000 
30,400 10382,7344 1335,6133 77,0684 250,5372 -27,3302 -0,9973 50,4437 0,8565 23,0000 
30,450 10393,8542 1329,8523 77,2621 250,5496 -27,4291 -0,9988 50,3691 0,8571 23,0000 
30,500 10404,9647 1324,0717 77,4560 250,5627 -27,5279 -1,0003 50,2948 0,8578 23,0000 
30,550 10416,0657 1318,2718 77,6499 250,5764 -27,6266 -1,0018 50,2209 0,8584 23,0000 
30,600 10427,1575 1312,4523 77,8440 250,5906 -27,7252 -1,0033 50,1473 0,8590 23,0000 
30,650 10438,2398 1306,6135 78,0383 250,6054 -27,8237 -1,0048 50,0741 0,8597 23,0000 
30,700 10449,3127 1300,7553 78,2326 250,6208 -27,9221 -1,0063 50,0012 0,8603 23,0000 
30,750 10460,3763 1294,8776 78,4271 250,6368 -28,0205 -1,0077 49,9287 0,8609 23,0000 
30,800 10471,4305 1288,9807 78,6217 250,6533 -28,1187 -1,0092 49,8565 0,8616 23,0000 
30,850 10482,4754 1283,0644 78,8164 250,6704 -28,2168 -1,0107 49,7847 0,8622 23,0000 
30,900 10493,5108 1277,1288 79,0112 250,6881 -28,3148 -1,0122 49,7132 0,8629 23,0000 
30,950 10504,5369 1271,1738 79,2062 250,7063 -28,4127 -1,0137 49,6421 0,8635 23,0000 
31,000 10515,5537 1265,1997 79,4012 250,7251 -28,5106 -1,0152 49,5714 0,8642 23,0000 
31,050 10526,5611 1259,2062 79,5964 250,7444 -28,6083 -1,0167 49,5009 0,8648 23,0000 
31,100 10537,5591 1253,1936 79,7918 250,7643 -28,7059 -1,0182 49,4309 0,8655 23,0000 
31,150 10548,5477 1247,1617 79,9872 250,7848 -28,8034 -1,0197 49,3612 0,8662 23,0000 
31,200 10559,5270 1241,1106 80,1828 250,8057 -28,9009 -1,0212 49,2918 0,8668 23,0000 
31,250 10570,4969 1235,0404 80,3784 250,8273 -28,9982 -1,0227 49,2227 0,8675 23,0000 
31,300 10581,4575 1228,9510 80,5742 250,8493 -29,0954 -1,0241 49,1541 0,8682 23,0000 
31,350 10592,4087 1222,8424 80,7701 250,8719 -29,1925 -1,0256 49,0857 0,8688 23,0000 
31,400 10603,3505 1216,7148 80,9662 250,8951 -29,2895 -1,0271 49,0177 0,8695 23,0000 
31,450 10614,2830 1210,5681 81,1623 250,9187 -29,3864 -1,0286 48,9501 0,8702 23,0000 
31,500 10625,2062 1204,4023 81,3586 250,9429 -29,4832 -1,0301 48,8827 0,8709 23,0000 
31,550 10636,1200 1198,2174 81,5550 250,9676 -29,5800 -1,0316 48,8158 0,8715 23,0000 
31,600 10647,0244 1192,0136 81,7515 250,9929 -29,6766 -1,0331 48,7491 0,8722 23,0000 
31,650 10657,9194 1185,7907 81,9481 251,0186 -29,7731 -1,0346 48,6828 0,8729 23,0000 
31,700 10668,8052 1179,5489 82,1448 251,0449 -29,8694 -1,0361 48,6169 0,8736 23,0000 
31,750 10679,6815 1173,2881 82,3416 251,0717 -29,9657 -1,0376 48,5512 0,8743 23,0000 
31,800 10690,5485 1167,0083 82,5386 251,0990 -30,0619 -1,0391 48,4860 0,8750 23,0000 
31,850 10701,4062 1160,7096 82,7357 251,1268 -30,1580 -1,0406 48,4210 0,8757 23,0000 
31,900 10712,2545 1154,3920 82,9328 251,1550 -30,2540 -1,0420 48,3564 0,8764 23,0000 
31,950 10723,0935 1148,0556 83,1301 251,1838 -30,3498 -1,0435 48,2921 0,8771 23,0000 
32,000 10733,9231 1141,7003 83,3275 251,2131 -30,4456 -1,0450 48,2282 0,8778 23,0000 
32,050 10744,7433 1135,3261 83,5251 251,2429 -30,5413 -1,0465 48,1646 0,8785 23,0000 
32,100 10755,5543 1128,9332 83,7227 251,2732 -30,6368 -1,0480 48,1013 0,8792 23,0000 
32,150 10766,3558 1122,5214 83,9204 251,3039 -30,7322 -1,0495 48,0383 0,8799 23,0000 
32,200 10777,1480 1116,0909 84,1183 251,3352 -30,8276 -1,0510 47,9757 0,8806 23,0000 
32,250 10787,9309 1109,6416 84,3162 251,3669 -30,9228 -1,0525 47,9134 0,8813 23,0000 
32,300 10798,7044 1103,1736 84,5143 251,3991 -31,0179 -1,0540 47,8515 0,8821 23,0000 
32,350 10809,4686 1096,6868 84,7125 251,4318 -31,1129 -1,0555 47,7898 0,8828 23,0000 
32,400 10820,2234 1090,1814 84,9107 251,4649 -31,2078 -1,0569 47,7285 0,8835 23,0000 
32,450 10830,9689 1083,6573 85,1091 251,4986 -31,3026 -1,0584 47,6676 0,8842 23,0000 
32,500 10841,7050 1077,1146 85,3076 251,5326 -31,3973 -1,0599 47,6069 0,8850 23,0000 
32,550 10852,4318 1070,5533 85,5062 251,5672 -31,4919 -1,0614 47,5466 0,8857 23,0000 
32,600 10863,1492 1063,9733 85,7049 251,6022 -31,5863 -1,0629 47,4866 0,8864 23,0000 
32,650 10873,8573 1057,3748 85,9037 251,6377 -31,6807 -1,0644 47,4270 0,8872 23,0000 
32,700 10884,5560 1050,7577 86,1026 251,6736 -31,7749 -1,0659 47,3676 0,8879 23,0000 
32,750 10895,2454 1044,1221 86,3017 251,7099 -31,8690 -1,0674 47,3086 0,8886 23,0000 
32,800 10905,9255 1037,4679 86,5008 251,7467 -31,9631 -1,0689 47,2499 0,8894 23,0000 
32,850 10916,5962 1030,7953 86,7000 251,7840 -32,0570 -1,0704 47,1915 0,8901 23,0000 
32,900 10927,2575 1024,1042 86,8993 251,8217 -32,1508 -1,0718 47,1335 0,8909 23,0000 
32,950 10937,9095 1017,3946 87,0988 251,8598 -32,2445 -1,0733 47,0758 0,8916 23,0000 
33,000 10948,5522 1010,6667 87,2983 251,8984 -32,3380 -1,0748 47,0183 0,8924 23,0000 
33,050 10959,1855 1003,9203 87,4979 251,9374 -32,4315 -1,0763 46,9613 0,8931 23,0000 
33,100 10969,8094 997,1555 87,6977 251,9768 -32,5248 -1,0778 46,9045 0,8939 23,0000 
33,150 10980,4240 990,3724 87,8975 252,0167 -32,6181 -1,0793 46,8480 0,8947 23,0000 
33,200 10991,0293 983,5709 88,0974 252,0570 -32,7112 -1,0808 46,7919 0,8954 23,0000 
33,250 11001,6252 976,7511 88,2975 252,0977 -32,8042 -1,0822 46,7361 0,8962 23,0000 
33,300 11012,2117 969,9130 88,4976 252,1388 -32,8971 -1,0837 46,6806 0,8970 23,0000 
33,350 11022,7889 963,0566 88,6978 252,1803 -32,9899 -1,0852 46,6254 0,8978 23,0000 
33,400 11033,3568 956,1820 88,8981 252,2223 -33,0825 -1,0867 46,5705 0,8985 23,0000 
33,450 11043,9153 949,2892 89,0985 252,2646 -33,1751 -1,0882 46,5160 0,8993 23,0000 
33,500 11054,4644 942,3781 89,2991 252,3074 -33,2675 -1,0897 46,4617 0,9001 23,0000 
33,550 11065,0042 935,4489 89,4997 252,3505 -33,3599 -1,0912 46,4078 0,9009 23,0000 
33,600 11075,5347 928,5015 89,7004 252,3941 -33,4521 -1,0926 46,3542 0,9017 23,0000 
33,650 11086,0558 921,5359 89,9012 252,4380 -33,5442 -1,0941 46,3009 0,9024 23,0000 
33,700 11096,5675 914,5523 90,1021 252,4823 -33,6361 -1,0956 46,2479 0,9032 23,0000 
33,750 11107,0699 907,5505 90,3031 252,5271 -33,7280 -1,0971 46,1952 0,9040 23,0000 
33,800 11117,5629 900,5307 90,5041 252,5722 -33,8198 -1,0986 46,1428 0,9048 23,0000 
33,850 11128,0466 893,4928 90,7053 252,6177 -33,9114 -1,1000 46,0907 0,9056 23,0000 
33,900 11138,5209 886,4369 90,9066 252,6636 -34,0029 -1,1015 46,0390 0,9064 23,0000 
33,950 11148,9858 879,3630 91,1079 252,7098 -34,0943 -1,1030 45,9875 0,9072 23,0000 
34,000 11159,4414 872,2711 91,3093 252,7564 -34,1856 -1,1045 45,9364 0,9080 23,0000 
34,050 11169,8876 865,1612 91,5109 252,8035 -34,2768 -1,1060 45,8856 0,9089 23,0000 
34,100 11180,3245 858,0334 91,7125 252,8508 -34,3678 -1,1074 45,8350 0,9097 23,0000 
34,150 11190,7520 850,8877 91,9142 252,8986 -34,4587 -1,1089 45,7848 0,9105 23,0000 
34,200 11201,1702 843,7241 92,1160 252,9466 -34,5496 -1,1104 45,7349 0,9113 23,0000 
34,250 11211,5789 836,5426 92,3179 252,9951 -34,6403 -1,1119 45,6853 0,9121 23,0000 
34,300 11221,9784 829,3433 92,5198 253,0439 -34,7309 -1,1133 45,6360 0,9129 23,0000 
34,350 11232,3684 822,1262 92,7219 253,0931 -34,8213 -1,1148 45,5869 0,9138 23,0000 
34,400 11242,7491 814,8912 92,9240 253,1426 -34,9117 -1,1163 45,5382 0,9146 23,0000 
34,450 11253,1204 807,6385 93,1262 253,1925 -35,0019 -1,1177 45,4898 0,9154 23,0000 
34,500 11263,4823 800,3680 93,3285 253,2427 -35,0920 -1,1192 45,4417 0,9163 23,0000 
34,550 11273,8349 793,0798 93,5309 253,2932 -35,1820 -1,1207 45,3939 0,9171 23,0000 
34,600 11284,1781 785,7739 93,7334 253,3441 -35,2719 -1,1222 45,3464 0,9179 23,0000 
34,650 11294,5119 778,4503 93,9360 253,3953 -35,3616 -1,1236 45,2992 0,9188 23,0000 
34,700 11304,8364 771,1090 94,1386 253,4469 -35,4513 -1,1251 45,2523 0,9196 23,0000 
34,750 11315,1515 763,7501 94,3413 253,4987 -35,5408 -1,1266 45,2057 0,9205 23,0000 
34,800 11325,4572 756,3736 94,5441 253,5509 -35,6302 -1,1280 45,1594 0,9213 23,0000 
34,850 11335,7535 748,9795 94,7470 253,6035 -35,7195 -1,1295 45,1134 0,9222 23,0000 
34,900 11346,0404 741,5678 94,9499 253,6563 -35,8086 -1,1310 45,0677 0,9230 23,0000 
34,950 11356,3180 734,1386 95,1529 253,7095 -35,8977 -1,1324 45,0222 0,9239 23,0000 
35,000 11366,5862 726,6918 95,3560 253,7630 -35,9866 -1,1339 44,9771 0,9247 23,0000 
35,050 11376,8450 719,2276 95,5592 253,8168 -36,0754 -1,1353 44,9323 0,9256 23,0000 
35,100 11387,0944 711,7458 95,7625 253,8709 -36,1641 -1,1368 44,8877 0,9265 23,0000 
35,150 11397,3344 704,2467 95,9658 253,9253 -36,2527 -1,1383 44,8435 0,9273 23,0000 
35,200 11407,5651 696,7301 96,1692 253,9800 -36,3411 -1,1397 44,7995 0,9282 23,0000 
35,250 11417,7863 689,1960 96,3727 254,0350 -36,4294 -1,1412 44,7559 0,9291 23,0000 
35,300 11427,9982 681,6446 96,5762 254,0903 -36,5176 -1,1426 44,7125 0,9300 23,0000 
35,350 11438,2006 674,0759 96,7798 254,1459 -36,6057 -1,1441 44,6694 0,9308 23,0000 
35,400 11448,3937 666,4898 96,9835 254,2017 -36,6937 -1,1455 44,6266 0,9317 23,0000 
35,450 11458,5774 658,8864 97,1873 254,2579 -36,7815 -1,1470 44,5841 0,9326 23,0000 
35,500 11468,7516 651,2657 97,3911 254,3144 -36,8693 -1,1484 44,5419 0,9335 23,0000 
35,550 11478,9165 643,6278 97,5950 254,3711 -36,9569 -1,1499 44,5000 0,9344 23,0000 
35,600 11489,0720 635,9726 97,7990 254,4281 -37,0444 -1,1513 44,4583 0,9353 23,0000 
35,650 11499,2181 628,3002 98,0030 254,4854 -37,1317 -1,1528 44,4170 0,9362 23,0000 
35,700 11509,3547 620,6106 98,2071 254,5430 -37,2190 -1,1542 44,3759 0,9371 23,0000 
35,750 11519,4820 612,9038 98,4113 254,6008 -37,3061 -1,1556 44,3351 0,9380 23,0000 
35,800 11529,5998 605,1799 98,6155 254,6589 -37,3931 -1,1571 44,2946 0,9389 23,0000 
35,850 11539,7083 597,4389 98,8198 254,7172 -37,4800 -1,1585 44,2544 0,9398 23,0000 
35,900 11549,8073 589,6808 99,0241 254,7759 -37,5667 -1,1599 44,2145 0,9407 23,0000 
35,950 11559,8969 581,9056 99,2285 254,8347 -37,6534 -1,1614 44,1749 0,9416 23,0000 
36,000 11569,9771 574,1134 99,4330 254,8939 -37,7399 -1,1628 44,1355 0,9425 23,0000 
36,050 11580,0479 566,3042 99,6376 254,9532 -37,8263 -1,1642 44,0964 0,9434 23,0000 
36,100 11590,1093 558,4779 99,8422 255,0129 -37,9126 -1,1657 44,0576 0,9444 23,0000 
36,150 11600,1612 550,6347 100,0468 255,0727 -37,9987 -1,1671 44,0191 0,9453 23,0000 
36,200 11610,2037 542,7745 100,2515 255,1329 -38,0848 -1,1685 43,9809 0,9462 23,0000 
36,250 11620,2368 534,8974 100,4563 255,1932 -38,1707 -1,1699 43,9429 0,9471 23,0000 
36,300 11630,2605 527,0034 100,6611 255,2538 -38,2565 -1,1713 43,9052 0,9481 23,0000 
36,350 11640,2747 519,0926 100,8660 255,3146 -38,3421 -1,1728 43,8678 0,9490 23,0000 
36,400 11650,2795 511,1648 101,0709 255,3757 -38,4277 -1,1742 43,8307 0,9499 23,0000 
36,450 11660,2748 503,2203 101,2759 255,4370 -38,5131 -1,1756 43,7939 0,9509 23,0000 
36,500 11670,2608 495,2590 101,4810 255,4985 -38,5984 -1,1770 43,7573 0,9518 23,0000 
36,550 11680,2372 487,2808 101,6861 255,5602 -38,6836 -1,1784 43,7210 0,9528 23,0000 
36,600 11690,2043 479,2860 101,8912 255,6221 -38,7687 -1,1798 43,6850 0,9537 23,0000 
36,650 11700,1619 471,2744 102,0964 255,6843 -38,8536 -1,1812 43,6493 0,9547 23,0000 
36,700 11710,1100 463,2461 102,3016 255,7466 -38,9384 -1,1826 43,6138 0,9556 23,0000 
36,750 11720,0487 455,2011 102,5069 255,8092 -39,0231 -1,1840 43,5786 0,9566 23,0000 
36,800 11729,9780 447,1394 102,7123 255,8720 -39,1077 -1,1854 43,5437 0,9575 23,0000 
36,850 11739,8978 439,0612 102,9176 255,9350 -39,1922 -1,1868 43,5091 0,9585 23,0000 
36,900 11749,8081 430,9663 103,1231 255,9982 -39,2765 -1,1882 43,4747 0,9594 23,0000 
36,950 11759,7090 422,8549 103,3285 256,0616 -39,3607 -1,1896 43,4406 0,9604 23,0000 
37,000 11769,6004 414,7269 103,5341 256,1251 -39,4448 -1,1909 43,4068 0,9614 23,0000 
37,050 11779,4823 406,5824 103,7396 256,1889 -39,5288 -1,1923 43,3732 0,9624 23,0000 
37,100 11789,3548 398,4213 103,9452 256,2529 -39,6126 -1,1937 43,3399 0,9633 23,0000 
37,150 11799,2178 390,2438 104,1508 256,3170 -39,6964 -1,1951 43,3069 0,9643 23,0000 
37,200 11809,0714 382,0499 104,3565 256,3813 -39,7800 -1,1964 43,2742 0,9653 23,0000 
37,250 11818,9154 373,8395 104,5622 256,4458 -39,8635 -1,1978 43,2417 0,9663 23,0000 
37,300 11828,7500 365,6127 104,7679 256,5105 -39,9468 -1,1991 43,2095 0,9673 23,0000 
37,350 11838,5751 357,3696 104,9737 256,5753 -40,0301 -1,2005 43,1776 0,9682 23,0000 
37,400 11848,3908 349,1101 105,1795 256,6404 -40,1132 -1,2019 43,1459 0,9692 23,0000 
37,450 11858,1969 340,8343 105,3854 256,7055 -40,1962 -1,2032 43,1145 0,9702 23,0000 
37,500 11867,9936 332,5421 105,5913 256,7709 -40,2791 -1,2045 43,0834 0,9712 23,0000 
37,550 11877,7807 324,2337 105,7972 256,8364 -40,3619 -1,2059 43,0525 0,9722 23,0000 
37,600 11887,5584 315,9091 106,0031 256,9020 -40,4445 -1,2072 43,0219 0,9732 23,0000 
37,650 11897,3265 307,5682 106,2090 256,9678 -40,5270 -1,2085 42,9916 0,9742 23,0000 
37,700 11907,0852 299,2112 106,4150 257,0338 -40,6094 -1,2099 42,9615 0,9752 23,0000 
37,750 11916,8344 290,8379 106,6210 257,0999 -40,6917 -1,2112 42,9317 0,9763 23,0000 
37,800 11926,5740 282,4486 106,8271 257,1662 -40,7739 -1,2125 42,9022 0,9773 23,0000 
37,850 11936,3042 274,0431 107,0331 257,2325 -40,8559 -1,2138 42,8729 0,9783 23,0000 
37,900 11946,0248 265,6215 107,2392 257,2991 -40,9378 -1,2151 42,8439 0,9793 23,0000 
37,950 11955,7359 257,1838 107,4453 257,3657 -41,0196 -1,2164 42,8152 0,9803 23,0000 
38,000 11965,4375 248,7301 107,6514 257,4325 -41,1013 -1,2177 42,7867 0,9814 23,0000 
38,050 11975,1295 240,2604 107,8575 257,4994 -41,1829 -1,2190 42,7585 0,9824 23,0000 
38,100 11984,8121 231,7747 108,0637 257,5665 -41,2643 -1,2203 42,7306 0,9834 23,0000 
38,150 11994,4851 223,2730 108,2698 257,6336 -41,3456 -1,2215 42,7029 0,9844 23,0000 
38,200 12004,1485 214,7554 108,4760 257,7009 -41,4268 -1,2228 42,6755 0,9855 23,0000 
38,250 12013,8025 206,2219 108,6821 257,7683 -41,5079 -1,2241 42,6483 0,9865 23,0000 
38,300 12023,4469 197,6726 108,8883 257,8357 -41,5889 -1,2253 42,6214 0,9876 23,0000 
38,350 12033,0817 189,1073 109,0945 257,9033 -41,6697 -1,2266 42,5948 0,9886 23,0000 
38,400 12042,7070 180,5262 109,3007 257,9710 -41,7504 -1,2278 42,5685 0,9897 23,0000 
38,450 12052,3227 171,9293 109,5069 258,0388 -41,8311 -1,2290 42,5424 0,9907 23,0000 
38,500 12061,9289 163,3167 109,7131 258,1067 -41,9115 -1,2302 42,5165 0,9918 23,0000 
38,550 12071,5255 154,6883 109,9193 258,1746 -41,9919 -1,2314 42,4910 0,9928 23,0000 
38,600 12081,1125 146,0442 110,1254 258,2427 -42,0722 -1,2326 42,4657 0,9939 23,0000 
38,650 12090,6900 137,3843 110,3316 258,3108 -42,1523 -1,2338 42,4407 0,9949 23,0000 
38,700 12100,2579 128,7088 110,5378 258,3790 -42,2323 -1,2350 42,4159 0,9960 23,0000 
38,750 12109,8162 120,0177 110,7440 258,4473 -42,3122 -1,2362 42,3914 0,9971 23,0000 
38,800 12119,3649 111,3109 110,9501 258,5156 -42,3920 -1,2373 42,3672 0,9981 23,0000 
38,850 12128,9041 102,5886 111,1562 258,5840 -42,4717 -1,2385 42,3433 0,9992 23,0000 
38,900 12138,4336 93,8507 111,3623 258,6524 -42,5513 -1,2396 42,3196 1,0003 23,0000 
38,950 12147,9535 85,0972 111,5684 258,7209 -42,6307 -1,2407 42,2963 1,0014 23,0000 
39,000 12157,4639 76,3283 111,7745 258,7894 -42,7101 -1,2418 42,2732 1,0025 23,0000 
39,050 12166,9646 67,5438 111,9805 258,8579 -42,7893 -1,2429 42,2504 1,0035 23,0000 
39,100 12176,4557 58,7439 112,1866 258,9264 -42,8684 -1,2440 42,2279 1,0046 23,0000 
39,150 12185,9371 49,9286 112,3925 258,9950 -42,9474 -1,2450 42,2056 1,0057 23,0000 
39,200 12195,4089 41,0979 112,5985 259,0635 -43,0263 -1,2460 42,1837 1,0068 23,0000 
39,250 12204,8711 32,2519 112,8043 259,1320 -43,1051 -1,2470 42,1622 1,0079 23,0000 
39,300 12214,3236 23,3905 113,0102 259,2004 -43,1838 -1,2480 42,1409 1,0090 23,0000 
39,350 12223,7665 14,5137 113,2160 259,2688 -43,2624 -1,2489 42,1201 1,0101 23,0000 
39,400 12233,1996 5,6217 113,4217 259,3369 -43,3409 -1,2497 42,0997 1,0112 23,0000 
39,4316 12239,1471 0,0000 113,5515 259,3795 -43,3904 -1,2502 42,0873 1,0119 23,0000 
