t(c) x(м) y(м) z(м) Vk(м/с) teta(град) psy(град) omega_x(рад/с) pi(y) m(кг) 
0,000 0,0000 1,0000 0,0000 945,0000 25,0000 0,0000 1562,5290 1,0000 46,0000 
0,050 42,7621 20,9284 0,0005 942,1136 24,9737 -0,0013 1561,8820 0,9976 46,0000 
0,100 85,4027 40,7764 0,0020 939,2421 24,9473 -0,0026 1561,2374 0,9953 46,0000 
0,150 127,9225 60,5443 0,0044 936,3855 24,9208 -0,0039 1560,5950 0,9930 46,0000 
0,200 170,3221 80,2325 0,0077 933,5437 24,8942 -0,0051 1559,9549 0,9907 46,0000 
0,250 212,6021 99,8414 0,0119 930,7168 24,8676 -0,0063 1559,3171 0,9884 46,0000 
0,300 254,7632 119,3714 0,0169 927,9045 24,8408 -0,0074 1558,6815 0,9861 46,0000 
0,350 296,8061 138,8227 0,0228 925,1069 24,8140 -0,0086 1558,0482 0,9838 46,0000 
0,400 338,7313 158,1958 0,0296 922,3237 24,7871 -0,0098 1557,4171 0,9815 46,0000 
0,450 380,5394 177,4910 0,0372 919,5550 24,7601 -0,0110 1556,7881 0,9793 46,0000 
0,500 422,2312 196,7087 0,0456 916,8005 24,7329 -0,0122 1556,1614 0,9771 46,0000 
0,550 463,8071 215,8491 0,0549 914,0598 24,7058 -0,0134 1555,5368 0,9748 46,0000 
0,600 505,2678 234,9127 0,0650 911,3326 24,6785 -0,0144 1554,9143 0,9726 46,0000 
0,650 546,6139 253,8997 0,0757 908,6207 24,6511 -0,0151 1554,2940 0,9704 46,0000 
0,700 587,8461 272,8106 0,0867 905,9258 24,6235 -0,0155 1553,6761 0,9682 46,0000 
0,750 628,9652 291,6456 0,0979 903,2497 24,5958 -0,0158 1553,0606 0,9661 46,0000 
0,800 669,9721 310,4052 0,1092 900,5931 24,5678 -0,0160 1552,4475 0,9639 46,0000 
0,850 710,8678 329,0896 0,1208 897,9562 24,5395 -0,0164 1551,8368 0,9618 46,0000 
0,900 751,6530 347,6993 0,1327 895,3378 24,5111 -0,0171 1551,2285 0,9596 46,0000 
0,950 792,3287 366,2345 0,1453 892,7359 24,4824 -0,0183 1550,6224 0,9575 46,0000 
1,000 832,8954 384,6956 0,1588 890,1476 24,4537 -0,0200 1550,0184 0,9554 46,0000 
1,050 873,3537 403,0830 0,1736 887,5698 24,4249 -0,0222 1549,4163 0,9533 46,0000 
1,100 913,7041 421,3968 0,1900 885,0036 24,3961 -0,0245 1548,8161 0,9512 46,0000 
1,150 953,9469 439,6375 0,2080 882,4505 24,3672 -0,0267 1548,2178 0,9492 46,0000 
1,200 994,0829 457,8053 0,2275 879,9102 24,3382 -0,0289 1547,6216 0,9471 46,0000 
1,250 1034,1125 475,9006 0,2484 877,3826 24,3091 -0,0310 1547,0274 0,9451 46,0000 
1,300 1074,0363 493,9237 0,2707 874,8677 24,2799 -0,0330 1546,4351 0,9430 46,0000 
1,350 1113,8548 511,8749 0,2943 872,3651 24,2507 -0,0349 1545,8447 0,9410 46,0000 
1,400 1153,5686 529,7544 0,3192 869,8746 24,2213 -0,0368 1545,2562 0,9390 46,0000 
1,450 1193,1781 547,5626 0,3453 867,3962 24,1919 -0,0387 1544,6695 0,9370 46,0000 
1,500 1232,6839 565,2999 0,3726 864,9309 24,1623 -0,0406 1544,0848 0,9350 46,0000 
1,550 1272,0867 582,9664 0,4012 862,4790 24,1327 -0,0426 1543,5019 0,9330 46,0000 
1,600 1311,3869 600,5625 0,4311 860,0403 24,1029 -0,0446 1542,9210 0,9311 46,0000 
1,650 1350,5851 618,0885 0,4623 857,6148 24,0729 -0,0468 1542,3420 0,9291 46,0000 
1,700 1389,6820 635,5446 0,4950 855,2024 24,0429 -0,0490 1541,7648 0,9272 46,0000 
1,750 1428,6781 652,9312 0,5291 852,8029 24,0127 -0,0513 1541,1896 0,9252 46,0000 
1,800 1467,5739 670,2486 0,5647 850,4162 23,9824 -0,0537 1540,6161 0,9233 46,0000 
1,850 1506,3701 687,4970 0,6019 848,0422 23,9520 -0,0562 1540,0445 0,9214 46,0000 
1,900 1545,0671 704,6767 0,6407 845,6808 23,9215 -0,0587 1539,4748 0,9195 46,0000 
1,950 1583,6656 721,7881 0,6812 843,3319 23,8908 -0,0614 1538,9069 0,9176 46,0000 
2,000 1622,1660 738,8313 0,7233 840,9951 23,8600 -0,0641 1538,3407 0,9157 46,0000 
2,050 1660,5689 755,8067 0,7672 838,6715 23,8291 -0,0669 1537,7764 0,9138 46,0000 
2,100 1698,8749 772,7146 0,8130 836,3610 23,7981 -0,0699 1537,2140 0,9120 46,0000 
2,150 1737,0845 789,5552 0,8606 834,0636 23,7669 -0,0730 1536,6534 0,9101 46,0000 
2,200 1775,1984 806,3288 0,9102 831,7791 23,7355 -0,0761 1536,0946 0,9083 46,0000 
2,250 1813,2172 823,0357 0,9618 829,5075 23,7041 -0,0794 1535,5376 0,9065 46,0000 
2,300 1851,1413 839,6762 1,0155 827,2485 23,6724 -0,0829 1534,9824 0,9047 46,0000 
2,350 1888,9713 856,2504 1,0714 825,0022 23,6407 -0,0864 1534,4290 0,9029 46,0000 
2,400 1926,7079 872,7588 1,1295 822,7684 23,6088 -0,0901 1533,8774 0,9011 46,0000 
2,450 1964,3515 889,2016 1,1899 820,5471 23,5768 -0,0938 1533,3275 0,8993 46,0000 
2,500 2001,9027 905,5790 1,2526 818,3376 23,5446 -0,0977 1532,7794 0,8975 46,0000 
2,550 2039,3619 921,8912 1,3178 816,1387 23,5124 -0,1016 1532,2329 0,8957 46,0000 
2,600 2076,7297 938,1387 1,3854 813,9501 23,4800 -0,1056 1531,6880 0,8940 46,0000 
2,650 2114,0064 954,3215 1,4554 811,7717 23,4476 -0,1096 1531,1448 0,8922 46,0000 
2,700 2151,1925 970,4400 1,5279 809,6036 23,4151 -0,1137 1530,6032 0,8905 46,0000 
2,750 2188,2883 986,4944 1,6028 807,4456 23,3825 -0,1179 1530,0632 0,8888 46,0000 
2,800 2225,2945 1002,4849 1,6803 805,2976 23,3498 -0,1221 1529,5248 0,8870 46,0000 
2,850 2262,2113 1018,4119 1,7604 803,1597 23,3170 -0,1264 1528,9880 0,8853 46,0000 
2,900 2299,0392 1034,2755 1,8430 801,0318 23,2841 -0,1307 1528,4527 0,8836 46,0000 
2,950 2335,7786 1050,0760 1,9282 798,9137 23,2511 -0,1351 1527,9190 0,8820 46,0000 
3,000 2372,4299 1065,8136 2,0160 796,8056 23,2180 -0,1395 1527,3868 0,8803 46,0000 
3,050 2408,9936 1081,4886 2,1065 794,7069 23,1849 -0,1440 1526,8561 0,8786 46,0000 
3,100 2445,4700 1097,1012 2,1995 792,6171 23,1516 -0,1484 1526,3269 0,8769 46,0000 
3,150 2481,8595 1112,6516 2,2952 790,5360 23,1183 -0,1527 1525,7991 0,8753 46,0000 
3,200 2518,1625 1128,1402 2,3933 788,4636 23,0849 -0,1570 1525,2728 0,8736 46,0000 
3,250 2554,3792 1143,5670 2,4939 786,3997 23,0514 -0,1612 1524,7480 0,8720 46,0000 
3,300 2590,5102 1158,9323 2,5969 784,3444 23,0179 -0,1654 1524,2245 0,8704 46,0000 
3,350 2626,5556 1174,2364 2,7022 782,2976 22,9843 -0,1695 1523,7025 0,8688 46,0000 
3,400 2662,5160 1189,4794 2,8098 780,2592 22,9506 -0,1735 1523,1819 0,8672 46,0000 
3,450 2698,3915 1204,6617 2,9197 778,2292 22,9169 -0,1774 1522,6628 0,8656 46,0000 
3,500 2734,1826 1219,7834 3,0317 776,2071 22,8831 -0,1813 1522,1450 0,8640 46,0000 
3,550 2769,8896 1234,8447 3,1459 774,1934 22,8492 -0,1851 1521,6286 0,8624 46,0000 
3,600 2805,5128 1249,8459 3,2622 772,1890 22,8152 -0,1889 1521,1137 0,8608 46,0000 
3,650 2841,0527 1264,7872 3,3805 770,1938 22,7811 -0,1927 1520,6002 0,8593 46,0000 
3,700 2876,5096 1279,6688 3,5009 768,2078 22,7469 -0,1965 1520,0882 0,8577 46,0000 
3,750 2911,8840 1294,4909 3,6234 766,2309 22,7126 -0,2003 1519,5776 0,8562 46,0000 
3,800 2947,1762 1309,2537 3,7479 764,2630 22,6782 -0,2040 1519,0684 0,8546 46,0000 
3,850 2982,3866 1323,9575 3,8745 762,3042 22,6438 -0,2078 1518,5607 0,8531 46,0000 
3,900 3017,5156 1338,6025 4,0030 760,3543 22,6092 -0,2115 1518,0544 0,8516 46,0000 
3,950 3052,5635 1353,1889 4,1335 758,4133 22,5745 -0,2152 1517,5495 0,8501 46,0000 
4,000 3087,5308 1367,7169 4,2660 756,4812 22,5397 -0,2190 1517,0460 0,8486 46,0000 
4,050 3122,4178 1382,1867 4,4005 754,5578 22,5048 -0,2227 1516,5439 0,8471 46,0000 
4,100 3157,2249 1396,5985 4,5368 752,6432 22,4698 -0,2264 1516,0432 0,8456 46,0000 
4,150 3191,9525 1410,9525 4,6752 750,7373 22,4347 -0,2300 1515,5438 0,8441 46,0000 
4,200 3226,6009 1425,2490 4,8154 748,8401 22,3995 -0,2337 1515,0459 0,8426 46,0000 
4,250 3261,1705 1439,4881 4,9575 746,9515 22,3642 -0,2374 1514,5494 0,8411 46,0000 
4,300 3295,6617 1453,6701 5,1015 745,0712 22,3289 -0,2411 1514,0542 0,8397 46,0000 
4,350 3330,0748 1467,7951 5,2474 743,1992 22,2934 -0,2448 1513,5603 0,8382 46,0000 
4,400 3364,4101 1481,8633 5,3952 741,3353 22,2578 -0,2486 1513,0678 0,8368 46,0000 
4,450 3398,6680 1495,8750 5,5450 739,4797 22,2221 -0,2524 1512,5766 0,8354 46,0000 
4,500 3432,8489 1509,8304 5,6967 737,6321 22,1864 -0,2562 1512,0868 0,8339 46,0000 
4,550 3466,9531 1523,7296 5,8503 735,7924 22,1505 -0,2601 1511,5982 0,8325 46,0000 
4,600 3500,9809 1537,5729 6,0059 733,9607 22,1146 -0,2640 1511,1109 0,8311 46,0000 
4,650 3534,9326 1551,3603 6,1635 732,1367 22,0785 -0,2679 1510,6249 0,8297 46,0000 
4,700 3568,8087 1565,0922 6,3231 730,3206 22,0424 -0,2719 1510,1402 0,8283 46,0000 
4,750 3602,6093 1578,7687 6,4846 728,5121 22,0061 -0,2759 1509,6567 0,8269 46,0000 
4,800 3636,3348 1592,3900 6,6482 726,7114 21,9698 -0,2799 1509,1744 0,8256 46,0000 
4,850 3669,9856 1605,9563 6,8138 724,9184 21,9333 -0,2839 1508,6935 0,8242 46,0000 
4,900 3703,5620 1619,4678 6,9814 723,1331 21,8968 -0,2880 1508,2137 0,8228 46,0000 
4,950 3737,0642 1632,9246 7,1510 721,3557 21,8602 -0,2921 1507,7353 0,8215 46,0000 
5,000 3770,4927 1646,3270 7,3226 719,5860 21,8234 -0,2962 1507,2581 0,8201 46,0000 
5,050 3803,8478 1659,6751 7,4962 717,8240 21,7866 -0,3003 1506,7821 0,8188 46,0000 
5,100 3837,1298 1672,9692 7,6718 716,0697 21,7497 -0,3044 1506,3074 0,8174 46,0000 
5,150 3870,3389 1686,2093 7,8494 714,3231 21,7126 -0,3085 1505,8339 0,8161 46,0000 
5,200 3903,4756 1699,3957 8,0290 712,5840 21,6755 -0,3126 1505,3617 0,8148 46,0000 
5,250 3936,5402 1712,5286 8,2107 710,8525 21,6382 -0,3168 1504,8906 0,8135 46,0000 
5,300 3969,5329 1725,6081 8,3943 709,1284 21,6009 -0,3209 1504,4208 0,8122 46,0000 
5,350 4002,4541 1738,6344 8,5799 707,4119 21,5634 -0,3251 1503,9523 0,8109 46,0000 
5,400 4035,3041 1751,6077 8,7674 705,7027 21,5259 -0,3292 1503,4849 0,8096 46,0000 
5,450 4068,0832 1764,5281 8,9570 704,0010 21,4882 -0,3334 1503,0187 0,8083 46,0000 
5,500 4100,7918 1777,3960 9,1485 702,3066 21,4504 -0,3376 1502,5538 0,8070 46,0000 
5,550 4133,4301 1790,2113 9,3420 700,6194 21,4126 -0,3418 1502,0900 0,8057 46,0000 
5,600 4165,9984 1802,9743 9,5375 698,9395 21,3746 -0,3460 1501,6274 0,8045 46,0000 
5,650 4198,4970 1815,6852 9,7350 697,2665 21,3365 -0,3502 1501,1660 0,8032 46,0000 
5,700 4230,9263 1828,3441 9,9344 695,6000 21,2984 -0,3545 1500,7057 0,8020 46,0000 
5,750 4263,2865 1840,9512 10,1358 693,9400 21,2602 -0,3587 1500,2466 0,8007 46,0000 
5,800 4295,5778 1853,5066 10,3392 692,2866 21,2218 -0,3630 1499,7886 0,7995 46,0000 
5,850 4327,8005 1866,0106 10,5446 690,6397 21,1834 -0,3673 1499,3317 0,7982 46,0000 
5,900 4359,9549 1878,4633 10,7519 688,9992 21,1449 -0,3716 1498,8760 0,7970 46,0000 
5,950 4392,0412 1890,8648 10,9613 687,3652 21,1063 -0,3760 1498,4213 0,7958 46,0000 
6,000 4424,0598 1903,2154 11,1726 685,7375 21,0677 -0,3803 1497,9678 0,7946 46,0000 
6,050 4456,0109 1915,5151 11,3859 684,1162 21,0289 -0,3847 1497,5154 0,7934 46,0000 
6,100 4487,8946 1927,7642 11,6013 682,5011 20,9900 -0,3891 1497,0641 0,7922 46,0000 
6,150 4519,7114 1939,9627 11,8186 680,8924 20,9511 -0,3935 1496,6139 0,7910 46,0000 
6,200 4551,4615 1952,1109 12,0379 679,2899 20,9121 -0,3980 1496,1648 0,7898 46,0000 
6,250 4583,1450 1964,2090 12,2592 677,6936 20,8729 -0,4024 1495,7168 0,7886 46,0000 
6,300 4614,7623 1976,2570 12,4825 676,1035 20,8337 -0,4069 1495,2698 0,7874 46,0000 
6,350 4646,3137 1988,2551 12,7078 674,5196 20,7944 -0,4114 1494,8240 0,7863 46,0000 
6,400 4677,7993 2000,2035 12,9351 672,9418 20,7550 -0,4159 1494,3792 0,7851 46,0000 
6,450 4709,2195 2012,1024 13,1644 671,3703 20,7155 -0,4204 1493,9355 0,7840 46,0000 
6,500 4740,5744 2023,9518 13,3956 669,8053 20,6759 -0,4249 1493,4929 0,7828 46,0000 
6,550 4771,8644 2035,7520 13,6289 668,2468 20,6362 -0,4293 1493,0514 0,7817 46,0000 
6,600 4803,0898 2047,5031 13,8641 666,6948 20,5964 -0,4338 1492,6109 0,7805 46,0000 
6,650 4834,2508 2059,2052 14,1012 665,1493 20,5565 -0,4383 1492,1715 0,7794 46,0000 
6,700 4865,3476 2070,8585 14,3403 663,6101 20,5164 -0,4427 1491,7332 0,7783 46,0000 
6,750 4896,3807 2082,4632 14,5814 662,0772 20,4763 -0,4472 1491,2959 0,7772 46,0000 
6,800 4927,3501 2094,0194 14,8243 660,5507 20,4361 -0,4517 1490,8597 0,7760 46,0000 
6,850 4958,2562 2105,5272 15,0691 659,0305 20,3957 -0,4561 1490,4245 0,7749 46,0000 
6,900 4989,0993 2116,9868 15,3158 657,5165 20,3553 -0,4605 1489,9904 0,7738 46,0000 
6,950 5019,8796 2128,3983 15,5644 656,0087 20,3147 -0,4650 1489,5573 0,7727 46,0000 
7,000 5050,5973 2139,7619 15,8149 654,5070 20,2741 -0,4694 1489,1253 0,7717 46,0000 
7,050 5081,2527 2151,0778 16,0672 653,0112 20,2333 -0,4738 1488,6942 0,7706 46,0000 
7,100 5111,8461 2162,3460 16,3214 651,5212 20,1925 -0,4783 1488,2642 0,7695 46,0000 
7,150 5142,3777 2173,5667 16,5775 650,0371 20,1515 -0,4827 1487,8352 0,7684 46,0000 
7,200 5172,8477 2184,7400 16,8354 648,5588 20,1104 -0,4872 1487,4072 0,7674 46,0000 
7,250 5203,2565 2195,8662 17,0952 647,0863 20,0693 -0,4917 1486,9802 0,7663 46,0000 
7,300 5233,6041 2206,9452 17,3568 645,6195 20,0280 -0,4962 1486,5542 0,7652 46,0000 
7,350 5263,8908 2217,9774 17,6203 644,1586 19,9867 -0,5007 1486,1291 0,7642 46,0000 
7,400 5294,1170 2228,9627 17,8856 642,7036 19,9452 -0,5052 1485,7051 0,7632 46,0000 
7,450 5324,2828 2239,9014 18,1528 641,2544 19,9036 -0,5097 1485,2821 0,7621 46,0000 
7,500 5354,3885 2250,7936 18,4218 639,8110 19,8620 -0,5142 1484,8601 0,7611 46,0000 
7,550 5384,4344 2261,6394 18,6926 638,3733 19,8202 -0,5187 1484,4391 0,7601 46,0000 
7,600 5414,4205 2272,4389 18,9652 636,9413 19,7783 -0,5232 1484,0190 0,7590 46,0000 
7,650 5444,3473 2283,1923 19,2397 635,5151 19,7363 -0,5276 1483,5999 0,7580 46,0000 
7,700 5474,2149 2293,8998 19,5159 634,0945 19,6942 -0,5321 1483,1819 0,7570 46,0000 
7,750 5504,0236 2304,5614 19,7939 632,6796 19,6520 -0,5366 1482,7647 0,7560 46,0000 
7,800 5533,7736 2315,1773 20,0737 631,2703 19,6097 -0,5411 1482,3486 0,7550 46,0000 
7,850 5563,4652 2325,7476 20,3553 629,8666 19,5673 -0,5456 1481,9334 0,7540 46,0000 
7,900 5593,0985 2336,2725 20,6387 628,4684 19,5248 -0,5501 1481,5192 0,7530 46,0000 
7,950 5622,6738 2346,7520 20,9238 627,0757 19,4822 -0,5546 1481,1060 0,7520 46,0000 
8,000 5652,1913 2357,1863 21,2107 625,6886 19,4395 -0,5591 1480,6937 0,7511 46,0000 
8,050 5681,6513 2367,5756 21,4993 624,3069 19,3966 -0,5636 1480,2823 0,7501 46,0000 
8,100 5711,0539 2377,9200 21,7897 622,9307 19,3537 -0,5681 1479,8719 0,7491 46,0000 
8,150 5740,3995 2388,2195 22,0818 621,5598 19,3107 -0,5725 1479,4625 0,7482 46,0000 
8,200 5769,6881 2398,4744 22,3756 620,1944 19,2675 -0,5770 1479,0540 0,7472 46,0000 
8,250 5798,9202 2408,6847 22,6712 618,8343 19,2243 -0,5815 1478,6464 0,7462 46,0000 
8,300 5828,0958 2418,8505 22,9684 617,4795 19,1809 -0,5860 1478,2398 0,7453 46,0000 
8,350 5857,2151 2428,9721 23,2674 616,1298 19,1375 -0,5905 1477,8340 0,7444 46,0000 
8,400 5886,2785 2439,0495 23,5681 614,7851 19,0939 -0,5951 1477,4292 0,7434 46,0000 
8,450 5915,2860 2449,0828 23,8706 613,4454 19,0502 -0,5997 1477,0253 0,7425 46,0000 
8,500 5944,2380 2459,0722 24,1748 612,1108 19,0065 -0,6043 1476,6223 0,7416 46,0000 
8,550 5973,1345 2469,0178 24,4808 610,7811 18,9626 -0,6090 1476,2202 0,7406 46,0000 
8,600 6001,9759 2478,9197 24,7885 609,4564 18,9187 -0,6136 1475,8189 0,7397 46,0000 
8,650 6030,7622 2488,7780 25,0980 608,1366 18,8746 -0,6183 1475,4186 0,7388 46,0000 
8,700 6059,4938 2498,5928 25,4092 606,8217 18,8304 -0,6231 1475,0192 0,7379 46,0000 
8,750 6088,1707 2508,3643 25,7223 605,5116 18,7862 -0,6279 1474,6206 0,7370 46,0000 
8,800 6116,7932 2518,0926 26,0372 604,2063 18,7418 -0,6327 1474,2228 0,7361 46,0000 
8,850 6145,3616 2527,7778 26,3538 602,9058 18,6974 -0,6375 1473,8260 0,7352 46,0000 
8,900 6173,8759 2537,4199 26,6723 601,6100 18,6528 -0,6423 1473,4299 0,7343 46,0000 
8,950 6202,3364 2547,0192 26,9926 600,3188 18,6081 -0,6472 1473,0347 0,7334 46,0000 
9,000 6230,7432 2556,5758 27,3147 599,0323 18,5634 -0,6522 1472,6404 0,7326 46,0000 
9,050 6259,0966 2566,0897 27,6387 597,7505 18,5185 -0,6571 1472,2469 0,7317 46,0000 
9,100 6287,3967 2575,5610 27,9645 596,4733 18,4735 -0,6621 1471,8542 0,7308 46,0000 
9,150 6315,6437 2584,9899 28,2922 595,2006 18,4284 -0,6671 1471,4624 0,7300 46,0000 
9,200 6343,8379 2594,3765 28,6217 593,9326 18,3833 -0,6721 1471,0713 0,7291 46,0000 
9,250 6371,9793 2603,7209 28,9531 592,6691 18,3380 -0,6772 1470,6811 0,7283 46,0000 
9,300 6400,0682 2613,0233 29,2863 591,4107 18,2926 -0,6823 1470,2918 0,7274 46,0000 
9,350 6428,1048 2622,2836 29,6215 590,1573 18,2471 -0,6874 1469,9033 0,7266 46,0000 
9,400 6456,0893 2631,5020 29,9585 588,9091 18,2015 -0,6926 1469,5157 0,7257 46,0000 
9,450 6484,0219 2640,6787 30,2974 587,6659 18,1557 -0,6977 1469,1290 0,7249 46,0000 
9,500 6511,9029 2649,8138 30,6382 586,4277 18,1099 -0,7029 1468,7431 0,7241 46,0000 
9,550 6539,7324 2658,9073 30,9809 585,1945 18,0639 -0,7081 1468,3581 0,7232 46,0000 
9,600 6567,5106 2667,9594 31,3255 583,9663 18,0178 -0,7134 1467,9740 0,7224 46,0000 
9,650 6595,2378 2676,9702 31,6720 582,7431 17,9716 -0,7186 1467,5907 0,7216 46,0000 
9,700 6622,9141 2685,9398 32,0204 581,5248 17,9253 -0,7239 1467,2082 0,7208 46,0000 
9,750 6650,5398 2694,8682 32,3708 580,3114 17,8789 -0,7292 1466,8266 0,7200 46,0000 
9,800 6678,1150 2703,7557 32,7230 579,1029 17,8323 -0,7346 1466,4459 0,7192 46,0000 
9,850 6705,6400 2712,6023 33,0772 577,8989 17,7857 -0,7399 1466,0660 0,7184 46,0000 
9,900 6733,1150 2721,4081 33,4333 576,6994 17,7389 -0,7453 1465,6868 0,7176 46,0000 
9,950 6760,5400 2730,1732 33,7914 575,5043 17,6920 -0,7506 1465,3085 0,7168 46,0000 
10,000 6787,9154 2738,8977 34,1513 574,3136 17,6450 -0,7560 1464,9309 0,7160 46,0000 
10,050 6815,2412 2747,5817 34,5131 573,1273 17,5980 -0,7613 1464,5542 0,7152 46,0000 
10,100 6842,5176 2756,2254 34,8769 571,9454 17,5508 -0,7667 1464,1782 0,7144 46,0000 
10,150 6869,7449 2764,8288 35,2425 570,7678 17,5035 -0,7720 1463,8031 0,7137 46,0000 
10,200 6896,9232 2773,3921 35,6100 569,5946 17,4560 -0,7774 1463,4287 0,7129 46,0000 
10,250 6924,0527 2781,9152 35,9794 568,4257 17,4085 -0,7828 1463,0551 0,7121 46,0000 
10,300 6951,1335 2790,3984 36,3507 567,2610 17,3609 -0,7882 1462,6822 0,7114 46,0000 
10,350 6978,1658 2798,8417 36,7238 566,1007 17,3132 -0,7936 1462,3102 0,7106 46,0000 
10,400 7005,1498 2807,2453 37,0989 564,9446 17,2653 -0,7989 1461,9389 0,7099 46,0000 
10,450 7032,0857 2815,6092 37,4758 563,7927 17,2174 -0,8043 1461,5684 0,7091 46,0000 
10,500 7058,9736 2823,9335 37,8545 562,6450 17,1693 -0,8097 1461,1987 0,7084 46,0000 
10,550 7085,8138 2832,2183 38,2351 561,5015 17,1212 -0,8151 1460,8297 0,7076 46,0000 
10,600 7112,6062 2840,4637 38,6176 560,3621 17,0729 -0,8206 1460,4615 0,7069 46,0000 
10,650 7139,3513 2848,6699 39,0019 559,2268 17,0245 -0,8260 1460,0940 0,7062 46,0000 
10,700 7166,0490 2856,8368 39,3881 558,0956 16,9760 -0,8314 1459,7273 0,7054 46,0000 
10,750 7192,6996 2864,9647 39,7761 556,9685 16,9274 -0,8368 1459,3613 0,7047 46,0000 
10,800 7219,3032 2873,0536 40,1659 555,8454 16,8787 -0,8423 1458,9961 0,7040 46,0000 
10,850 7245,8599 2881,1036 40,5576 554,7263 16,8299 -0,8477 1458,6316 0,7033 46,0000 
10,900 7272,3701 2889,1147 40,9512 553,6113 16,7810 -0,8532 1458,2678 0,7026 46,0000 
10,950 7298,8337 2897,0871 41,3465 552,5003 16,7320 -0,8587 1457,9048 0,7019 46,0000 
11,000 7325,2510 2905,0210 41,7437 551,3932 16,6829 -0,8641 1457,5426 0,7012 46,0000 
11,050 7351,6221 2912,9162 42,1428 550,2901 16,6336 -0,8696 1457,1810 0,7005 46,0000 
11,100 7377,9472 2920,7731 42,5436 549,1910 16,5843 -0,8751 1456,8202 0,6998 46,0000 
11,150 7404,2264 2928,5916 42,9463 548,0958 16,5348 -0,8806 1456,4601 0,6991 46,0000 
11,200 7430,4599 2936,3718 43,3508 547,0045 16,4853 -0,8861 1456,1008 0,6984 46,0000 
11,250 7456,6479 2944,1139 43,7571 545,9171 16,4356 -0,8916 1455,7421 0,6977 46,0000 
11,300 7482,7905 2951,8179 44,1652 544,8339 16,3858 -0,8971 1455,3842 0,6970 46,0000 
11,350 7508,8878 2959,4839 44,5751 543,7547 16,3359 -0,9026 1455,0271 0,6963 46,0000 
11,400 7534,9401 2967,1120 44,9868 542,6795 16,2859 -0,9081 1454,6706 0,6957 46,0000 
11,450 7560,9475 2974,7023 45,4003 541,6083 16,2358 -0,9136 1454,3149 0,6950 46,0000 
11,500 7586,9102 2982,2549 45,8156 540,5411 16,1855 -0,9191 1453,9600 0,6943 46,0000 
11,550 7612,8283 2989,7698 46,2326 539,4777 16,1352 -0,9246 1453,6057 0,6937 46,0000 
11,600 7638,7019 2997,2472 46,6514 538,4181 16,0847 -0,9301 1453,2521 0,6930 46,0000 
11,650 7664,5312 3004,6872 47,0720 537,3623 16,0342 -0,9356 1452,8993 0,6924 46,0000 
11,700 7690,3164 3012,0898 47,4943 536,3103 15,9835 -0,9411 1452,5471 0,6917 46,0000 
11,750 7716,0577 3019,4551 47,9184 535,2621 15,9327 -0,9466 1452,1956 0,6911 46,0000 
11,800 7741,7551 3026,7832 48,3442 534,2177 15,8818 -0,9521 1451,8449 0,6904 46,0000 
11,850 7767,4088 3034,0742 48,7718 533,1771 15,8308 -0,9577 1451,4948 0,6898 46,0000 
11,900 7793,0190 3041,3282 49,2012 532,1403 15,7797 -0,9632 1451,1453 0,6892 46,0000 
11,950 7818,5858 3048,5452 49,6322 531,1071 15,7285 -0,9688 1450,7966 0,6885 46,0000 
12,000 7844,1094 3055,7254 50,0651 530,0777 15,6771 -0,9743 1450,4486 0,6879 46,0000 
12,050 7869,5899 3062,8688 50,4997 529,0520 15,6257 -0,9799 1450,1012 0,6873 46,0000 
12,100 7895,0275 3069,9755 50,9360 528,0300 15,5741 -0,9855 1449,7545 0,6867 46,0000 
12,150 7920,4222 3077,0456 51,3740 527,0117 15,5224 -0,9910 1449,4084 0,6861 46,0000 
12,200 7945,7744 3084,0792 51,8138 525,9970 15,4706 -0,9966 1449,0631 0,6854 46,0000 
12,250 7971,0840 3091,0763 52,2554 524,9860 15,4187 -1,0022 1448,7184 0,6848 46,0000 
12,300 7996,3512 3098,0371 52,6986 523,9786 15,3667 -1,0078 1448,3744 0,6842 46,0000 
12,350 8021,5763 3104,9616 53,1436 522,9748 15,3146 -1,0135 1448,0310 0,6836 46,0000 
12,400 8046,7592 3111,8498 53,5903 521,9745 15,2623 -1,0191 1447,6883 0,6830 46,0000 
12,450 8071,9003 3118,7020 54,0388 520,9779 15,2100 -1,0247 1447,3462 0,6824 46,0000 
12,500 8096,9995 3125,5181 54,4890 519,9849 15,1575 -1,0304 1447,0048 0,6818 46,0000 
12,550 8122,0571 3132,2983 54,9409 518,9953 15,1050 -1,0360 1446,6641 0,6813 46,0000 
12,600 8147,0732 3139,0425 55,3945 518,0094 15,0523 -1,0417 1446,3240 0,6807 46,0000 
12,650 8172,0479 3145,7510 55,8498 517,0269 14,9995 -1,0473 1445,9845 0,6801 46,0000 
12,700 8196,9813 3152,4237 56,3068 516,0479 14,9466 -1,0530 1445,6457 0,6795 46,0000 
12,750 8221,8737 3159,0608 56,7656 515,0725 14,8935 -1,0587 1445,3075 0,6789 46,0000 
12,800 8246,7251 3165,6624 57,2261 514,1005 14,8404 -1,0644 1444,9700 0,6784 46,0000 
12,850 8271,5356 3172,2284 57,6882 513,1319 14,7872 -1,0700 1444,6331 0,6778 46,0000 
12,900 8296,3055 3178,7590 58,1521 512,1668 14,7338 -1,0757 1444,2969 0,6772 46,0000 
12,950 8321,0348 3185,2543 58,6177 511,2052 14,6803 -1,0815 1443,9612 0,6767 46,0000 
13,000 8345,7237 3191,7143 59,0850 510,2469 14,6267 -1,0872 1443,6262 0,6761 46,0000 
13,050 8370,3723 3198,1391 59,5540 509,2921 14,5730 -1,0929 1443,2919 0,6756 46,0000 
13,100 8394,9808 3204,5288 60,0247 508,3406 14,5192 -1,0986 1442,9581 0,6750 46,0000 
13,150 8419,5492 3210,8835 60,4971 507,3926 14,4653 -1,1044 1442,6250 0,6745 46,0000 
13,200 8444,0778 3217,2032 60,9711 506,4479 14,4113 -1,1101 1442,2926 0,6739 46,0000 
13,250 8468,5665 3223,4880 61,4469 505,5066 14,3571 -1,1159 1441,9607 0,6734 46,0000 
13,300 8493,0157 3229,7380 61,9244 504,5687 14,3029 -1,1217 1441,6294 0,6729 46,0000 
13,350 8517,4253 3235,9532 62,4035 503,6340 14,2485 -1,1274 1441,2988 0,6723 46,0000 
13,400 8541,7956 3242,1338 62,8844 502,7027 14,1940 -1,1332 1440,9688 0,6718 46,0000 
13,450 8566,1266 3248,2798 63,3669 501,7748 14,1394 -1,1390 1440,6394 0,6713 46,0000 
13,500 8590,4186 3254,3913 63,8511 500,8501 14,0847 -1,1448 1440,3106 0,6708 46,0000 
13,550 8614,6715 3260,4683 64,3370 499,9287 14,0299 -1,1506 1439,9824 0,6702 46,0000 
13,600 8638,8856 3266,5110 64,8245 499,0106 13,9749 -1,1564 1439,6548 0,6697 46,0000 
13,650 8663,0609 3272,5193 65,3138 498,0957 13,9199 -1,1623 1439,3279 0,6692 46,0000 
13,700 8687,1977 3278,4934 65,8047 497,1841 13,8647 -1,1681 1439,0015 0,6687 46,0000 
13,750 8711,2960 3284,4333 66,2973 496,2757 13,8094 -1,1739 1438,6757 0,6682 46,0000 
13,800 8735,3559 3290,3392 66,7915 495,3705 13,7540 -1,1798 1438,3506 0,6677 46,0000 
13,850 8759,3776 3296,2110 67,2875 494,4685 13,6985 -1,1856 1438,0260 0,6672 46,0000 
13,900 8783,3611 3302,0489 67,7850 493,5697 13,6429 -1,1915 1437,7020 0,6667 46,0000 
13,950 8807,3068 3307,8528 68,2843 492,6741 13,5872 -1,1973 1437,3786 0,6662 46,0000 
14,000 8831,2145 3313,6230 68,7852 491,7817 13,5313 -1,2032 1437,0558 0,6657 46,0000 
14,050 8855,0845 3319,3594 69,2877 490,8924 13,4754 -1,2090 1436,7335 0,6652 46,0000 
14,100 8878,9169 3325,0622 69,7919 490,0062 13,4193 -1,2149 1436,4119 0,6648 46,0000 
14,150 8902,7118 3330,7313 70,2978 489,1232 13,3631 -1,2208 1436,0908 0,6643 46,0000 
14,200 8926,4693 3336,3669 70,8053 488,2433 13,3068 -1,2267 1435,7703 0,6638 46,0000 
14,250 8950,1895 3341,9690 71,3144 487,3664 13,2504 -1,2326 1435,4504 0,6633 46,0000 
14,300 8973,8726 3347,5377 71,8252 486,4927 13,1939 -1,2385 1435,1311 0,6628 46,0000 
14,350 8997,5187 3353,0731 72,3376 485,6220 13,1373 -1,2444 1434,8123 0,6624 46,0000 
14,400 9021,1279 3358,5752 72,8516 484,7544 13,0805 -1,2503 1434,4941 0,6619 46,0000 
14,450 9044,7003 3364,0441 73,3673 483,8899 13,0237 -1,2562 1434,1765 0,6615 46,0000 
14,500 9068,2360 3369,4798 73,8846 483,0284 12,9667 -1,2621 1433,8595 0,6610 46,0000 
14,550 9091,7352 3374,8825 74,4036 482,1699 12,9096 -1,2680 1433,5430 0,6605 46,0000 
14,600 9115,1979 3380,2522 74,9241 481,3144 12,8524 -1,2740 1433,2270 0,6601 46,0000 
14,650 9138,6243 3385,5889 75,4463 480,4620 12,7951 -1,2799 1432,9117 0,6596 46,0000 
14,700 9162,0145 3390,8928 75,9701 479,6125 12,7377 -1,2859 1432,5968 0,6592 46,0000 
14,750 9185,3686 3396,1638 76,4956 478,7660 12,6801 -1,2918 1432,2826 0,6587 46,0000 
14,800 9208,6868 3401,4021 77,0226 477,9224 12,6225 -1,2978 1431,9689 0,6583 46,0000 
14,850 9231,9690 3406,6077 77,5513 477,0818 12,5647 -1,3037 1431,6557 0,6579 46,0000 
14,900 9255,2155 3411,7806 78,0815 476,2441 12,5068 -1,3097 1431,3431 0,6574 46,0000 
14,950 9278,4263 3416,9210 78,6134 475,4092 12,4489 -1,3157 1431,0310 0,6570 46,0000 
15,000 9301,6016 3422,0289 79,1469 474,5772 12,3908 -1,3216 1430,7194 0,6566 46,0000 
15,050 9324,7414 3427,1044 79,6819 473,7481 12,3325 -1,3276 1430,4084 0,6561 46,0000 
15,100 9347,8459 3432,1475 80,2186 472,9218 12,2742 -1,3336 1430,0979 0,6557 46,0000 
15,150 9370,9152 3437,1583 80,7568 472,0984 12,2158 -1,3396 1429,7880 0,6553 46,0000 
15,200 9393,9494 3442,1369 81,2967 471,2778 12,1572 -1,3455 1429,4786 0,6549 46,0000 
15,250 9416,9486 3447,0832 81,8381 470,4600 12,0986 -1,3515 1429,1697 0,6545 46,0000 
15,300 9439,9128 3451,9975 82,3811 469,6450 12,0398 -1,3575 1428,8613 0,6541 46,0000 
15,350 9462,8422 3456,8796 82,9257 468,8327 11,9809 -1,3635 1428,5535 0,6537 46,0000 
15,400 9485,7370 3461,7298 83,4718 468,0233 11,9219 -1,3695 1428,2462 0,6532 46,0000 
15,450 9508,5972 3466,5480 84,0195 467,2167 11,8628 -1,3755 1427,9394 0,6528 46,0000 
15,500 9531,4228 3471,3344 84,5688 466,4128 11,8036 -1,3815 1427,6331 0,6524 46,0000 
15,550 9554,2141 3476,0889 85,1197 465,6116 11,7443 -1,3875 1427,3273 0,6520 46,0000 
15,600 9576,9711 3480,8116 85,6721 464,8132 11,6848 -1,3935 1427,0220 0,6517 46,0000 
15,650 9599,6939 3485,5027 86,2260 464,0175 11,6253 -1,3995 1426,7173 0,6513 46,0000 
15,700 9622,3826 3490,1621 86,7815 463,2246 11,5656 -1,4056 1426,4131 0,6509 46,0000 
15,750 9645,0373 3494,7899 87,3386 462,4343 11,5058 -1,4116 1426,1093 0,6505 46,0000 
15,800 9667,6582 3499,3862 87,8972 461,6467 11,4460 -1,4176 1425,8061 0,6501 46,0000 
15,850 9690,2453 3503,9510 88,4573 460,8619 11,3860 -1,4236 1425,5034 0,6497 46,0000 
15,900 9712,7987 3508,4844 89,0190 460,0796 11,3258 -1,4296 1425,2011 0,6493 46,0000 
15,950 9735,3185 3512,9864 89,5822 459,3001 11,2656 -1,4357 1424,8994 0,6490 46,0000 
16,000 9757,8048 3517,4572 90,1470 458,5231 11,2053 -1,4417 1424,5981 0,6486 46,0000 
16,050 9780,2577 3521,8967 90,7132 457,7488 11,1448 -1,4478 1424,2973 0,6482 46,0000 
16,100 9802,6773 3526,3050 91,2810 456,9772 11,0843 -1,4538 1423,9970 0,6479 46,0000 
16,150 9825,0637 3530,6822 91,8504 456,2081 11,0236 -1,4598 1423,6972 0,6475 46,0000 
16,200 9847,4171 3535,0283 92,4212 455,4416 10,9628 -1,4659 1423,3979 0,6471 46,0000 
16,250 9869,7374 3539,3435 92,9936 454,6777 10,9019 -1,4719 1423,0991 0,6468 46,0000 
16,300 9892,0248 3543,6276 93,5674 453,9164 10,8409 -1,4780 1422,8007 0,6464 46,0000 
16,350 9914,2793 3547,8809 94,1428 453,1577 10,7798 -1,4841 1422,5028 0,6461 46,0000 
16,400 9936,5012 3552,1033 94,7197 452,4015 10,7186 -1,4901 1422,2054 0,6457 46,0000 
16,450 9958,6904 3556,2949 95,2981 451,6478 10,6572 -1,4962 1421,9084 0,6454 46,0000 
16,500 9980,8471 3560,4557 95,8780 450,8966 10,5958 -1,5023 1421,6119 0,6450 46,0000 
16,550 10002,9713 3564,5859 96,4594 450,1480 10,5342 -1,5084 1421,3159 0,6447 46,0000 
16,600 10025,0632 3568,6855 97,0423 449,4019 10,4725 -1,5145 1421,0203 0,6444 46,0000 
16,650 10047,1228 3572,7544 97,6267 448,6582 10,4107 -1,5205 1420,7252 0,6440 46,0000 
16,700 10069,1502 3576,7929 98,2126 447,9171 10,3488 -1,5266 1420,4305 0,6437 46,0000 
16,750 10091,1455 3580,8009 98,8000 447,1784 10,2868 -1,5327 1420,1363 0,6434 46,0000 
16,800 10113,1088 3584,7785 99,3888 446,4423 10,2247 -1,5389 1419,8426 0,6430 46,0000 
16,850 10135,0402 3588,7257 99,9792 445,7085 10,1625 -1,5450 1419,5493 0,6427 46,0000 
16,900 10156,9398 3592,6426 100,5710 444,9773 10,1001 -1,5511 1419,2565 0,6424 46,0000 
16,950 10178,8077 3596,5292 101,1643 444,2484 10,0377 -1,5572 1418,9641 0,6421 46,0000 
17,000 10200,6439 3600,3857 101,7591 443,5220 9,9751 -1,5634 1418,6722 0,6417 46,0000 
17,050 10222,4485 3604,2120 102,3554 442,7981 9,9125 -1,5695 1418,3807 0,6414 46,0000 
17,100 10244,2217 3608,0082 102,9531 442,0766 9,8497 -1,5756 1418,0897 0,6411 46,0000 
17,150 10265,9635 3611,7743 103,5524 441,3576 9,7868 -1,5818 1417,7991 0,6408 46,0000 
17,200 10287,6740 3615,5105 104,1530 440,6410 9,7238 -1,5880 1417,5089 0,6405 46,0000 
17,250 10309,3533 3619,2167 104,7552 439,9269 9,6606 -1,5941 1417,2192 0,6402 46,0000 
17,300 10331,0014 3622,8930 105,3588 439,2152 9,5974 -1,6003 1416,9300 0,6399 46,0000 
17,350 10352,6186 3626,5395 105,9639 438,5059 9,5341 -1,6065 1416,6412 0,6396 46,0000 
17,400 10374,2048 3630,1562 106,5705 437,7990 9,4706 -1,6127 1416,3528 0,6393 46,0000 
17,450 10395,7601 3633,7431 107,1785 437,0945 9,4070 -1,6189 1416,0649 0,6390 46,0000 
17,500 10417,2847 3637,3004 107,7880 436,3924 9,3434 -1,6251 1415,7774 0,6387 46,0000 
17,550 10438,7785 3640,8280 108,3990 435,6927 9,2796 -1,6313 1415,4903 0,6384 46,0000 
17,600 10460,2418 3644,3260 109,0114 434,9953 9,2157 -1,6375 1415,2037 0,6381 46,0000 
17,650 10481,6746 3647,7945 109,6252 434,3004 9,1517 -1,6437 1414,9175 0,6378 46,0000 
17,700 10503,0769 3651,2335 110,2406 433,6078 9,0875 -1,6499 1414,6317 0,6376 46,0000 
17,750 10524,4488 3654,6431 110,8573 432,9175 9,0233 -1,6562 1414,3464 0,6373 46,0000 
17,800 10545,7906 3658,0232 111,4756 432,2296 8,9590 -1,6624 1414,0615 0,6370 46,0000 
17,850 10567,1021 3661,3741 112,0952 431,5440 8,8945 -1,6687 1413,7770 0,6367 46,0000 
17,900 10588,3835 3664,6956 112,7164 430,8607 8,8300 -1,6749 1413,4929 0,6365 46,0000 
17,950 10609,6349 3667,9879 113,3389 430,1798 8,7653 -1,6812 1413,2093 0,6362 46,0000 
18,000 10630,8563 3671,2510 113,9630 429,5012 8,7005 -1,6874 1412,9261 0,6359 46,0000 
18,050 10652,0479 3674,4850 114,5884 428,8249 8,6356 -1,6937 1412,6433 0,6357 46,0000 
18,100 10673,2098 3677,6898 115,2153 428,1508 8,5706 -1,7000 1412,3609 0,6354 46,0000 
18,150 10694,3419 3680,8656 115,8437 427,4791 8,5055 -1,7063 1412,0789 0,6351 46,0000 
18,200 10715,4444 3684,0124 116,4735 426,8096 8,4403 -1,7126 1411,7973 0,6349 46,0000 
18,250 10736,5174 3687,1303 117,1047 426,1424 8,3749 -1,7189 1411,5162 0,6346 46,0000 
18,300 10757,5609 3690,2192 117,7374 425,4775 8,3095 -1,7252 1411,2354 0,6344 46,0000 
18,350 10778,5750 3693,2793 118,3715 424,8148 8,2439 -1,7315 1410,9551 0,6341 46,0000 
18,400 10799,5599 3696,3105 119,0070 424,1544 8,1782 -1,7378 1410,6751 0,6339 46,0000 
18,450 10820,5155 3699,3130 119,6440 423,4962 8,1125 -1,7442 1410,3956 0,6336 46,0000 
18,500 10841,4420 3702,2868 120,2823 422,8402 8,0466 -1,7505 1410,1165 0,6334 46,0000 
18,550 10862,3394 3705,2319 120,9222 422,1865 7,9806 -1,7569 1409,8377 0,6332 46,0000 
18,600 10883,2079 3708,1483 121,5634 421,5350 7,9145 -1,7632 1409,5594 0,6329 46,0000 
18,650 10904,0474 3711,0362 122,2061 420,8857 7,8483 -1,7696 1409,2815 0,6327 46,0000 
18,700 10924,8581 3713,8956 122,8502 420,2386 7,7820 -1,7759 1409,0039 0,6324 46,0000 
18,750 10945,6400 3716,7264 123,4957 419,5937 7,7155 -1,7823 1408,7268 0,6322 46,0000 
18,800 10966,3933 3719,5288 124,1426 418,9510 7,6490 -1,7887 1408,4500 0,6320 46,0000 
18,850 10987,1179 3722,3028 124,7910 418,3104 7,5823 -1,7951 1408,1736 0,6318 46,0000 
18,900 11007,8140 3725,0485 125,4408 417,6721 7,5156 -1,8015 1407,8977 0,6315 46,0000 
18,950 11028,4817 3727,7658 126,0920 417,0359 7,4487 -1,8079 1407,6221 0,6313 46,0000 
19,000 11049,1210 3730,4549 126,7446 416,4018 7,3817 -1,8143 1407,3468 0,6311 46,0000 
19,050 11069,7320 3733,1157 127,3986 415,7699 7,3146 -1,8207 1407,0720 0,6309 46,0000 
19,100 11090,3147 3735,7484 128,0540 415,1402 7,2474 -1,8271 1406,7976 0,6307 46,0000 
19,150 11110,8693 3738,3529 128,7108 414,5126 7,1801 -1,8335 1406,5235 0,6305 46,0000 
19,200 11131,3958 3740,9294 129,3691 413,8871 7,1127 -1,8400 1406,2498 0,6302 46,0000 
19,250 11151,8942 3743,4778 130,0287 413,2638 7,0452 -1,8464 1405,9765 0,6300 46,0000 
19,300 11172,3648 3745,9982 130,6898 412,6425 6,9776 -1,8528 1405,7036 0,6298 46,0000 
19,350 11192,8074 3748,4906 131,3523 412,0234 6,9099 -1,8593 1405,4310 0,6296 46,0000 
19,400 11213,2223 3750,9551 132,0161 411,4064 6,8420 -1,8657 1405,1588 0,6294 46,0000 
19,450 11233,6094 3753,3918 132,6814 410,7914 6,7741 -1,8722 1404,8870 0,6292 46,0000 
19,500 11253,9689 3755,8006 133,3480 410,1786 6,7060 -1,8787 1404,6156 0,6290 46,0000 
19,550 11274,3008 3758,1817 134,0161 409,5678 6,6378 -1,8852 1404,3445 0,6288 46,0000 
19,600 11294,6052 3760,5349 134,6855 408,9592 6,5696 -1,8916 1404,0738 0,6287 46,0000 
19,650 11314,8821 3762,8605 135,3564 408,3531 6,5012 -1,8981 1403,8034 0,6285 46,0000 
19,700 11335,1318 3765,1585 136,0286 407,7518 6,4327 -1,9046 1403,5334 0,6283 46,0000 
19,750 11355,3543 3767,4288 136,7023 407,1526 6,3641 -1,9111 1403,2638 0,6281 46,0000 
19,800 11375,5498 3769,6716 137,3773 406,5553 6,2954 -1,9176 1402,9945 0,6279 46,0000 
19,850 11395,7182 3771,8869 138,0537 405,9601 6,2266 -1,9241 1402,7256 0,6277 46,0000 
19,900 11415,8597 3774,0747 138,7314 405,3668 6,1577 -1,9306 1402,4570 0,6276 46,0000 
19,950 11435,9743 3776,2351 139,4106 404,7756 6,0887 -1,9371 1402,1888 0,6274 46,0000 
20,000 11456,0621 3778,3681 140,0912 404,1864 6,0196 -1,9436 1401,9209 0,6272 46,0000 
20,050 11476,1232 3780,4737 140,7731 403,5991 5,9503 -1,9501 1401,6534 0,6270 46,0000 
20,100 11496,1576 3782,5521 141,4564 403,0139 5,8810 -1,9567 1401,3863 0,6269 46,0000 
20,150 11516,1654 3784,6031 142,1411 402,4307 5,8115 -1,9632 1401,1194 0,6267 46,0000 
20,200 11536,1466 3786,6270 142,8271 401,8495 5,7420 -1,9697 1400,8530 0,6265 46,0000 
20,250 11556,1013 3788,6236 143,5146 401,2702 5,6724 -1,9763 1400,5868 0,6264 46,0000 
20,300 11576,0297 3790,5931 144,2034 400,6930 5,6026 -1,9829 1400,3211 0,6262 46,0000 
20,350 11595,9317 3792,5355 144,8935 400,1178 5,5327 -1,9894 1400,0556 0,6261 46,0000 
20,400 11615,8074 3794,4508 145,5851 399,5446 5,4628 -1,9960 1399,7905 0,6259 46,0000 
20,450 11635,6569 3796,3392 146,2780 398,9733 5,3927 -2,0026 1399,5257 0,6258 46,0000 
20,500 11655,4803 3798,2005 146,9722 398,4041 5,3225 -2,0091 1399,2613 0,6256 46,0000 
20,550 11675,2776 3800,0348 147,6679 397,8369 5,2522 -2,0157 1398,9972 0,6255 46,0000 
20,600 11695,0488 3801,8423 148,3649 397,2717 5,1819 -2,0223 1398,7334 0,6253 46,0000 
20,650 11714,7942 3803,6229 149,0632 396,7085 5,1114 -2,0289 1398,4700 0,6252 46,0000 
20,700 11734,5136 3805,3767 149,7630 396,1473 5,0408 -2,0355 1398,2069 0,6250 46,0000 
20,750 11754,2073 3807,1037 150,4640 395,5881 4,9701 -2,0421 1397,9441 0,6249 46,0000 
20,800 11773,8752 3808,8039 151,1665 395,0309 4,8993 -2,0487 1397,6816 0,6248 46,0000 
20,850 11793,5174 3810,4774 151,8702 394,4758 4,8284 -2,0553 1397,4195 0,6246 46,0000 
20,900 11813,1340 3812,1243 152,5754 393,9226 4,7574 -2,0619 1397,1577 0,6245 46,0000 
20,950 11832,7251 3813,7445 153,2818 393,3715 4,6863 -2,0686 1396,8962 0,6244 46,0000 
21,000 11852,2907 3815,3381 153,9897 392,8224 4,6151 -2,0752 1396,6350 0,6242 46,0000 
21,050 11871,8309 3816,9052 154,6988 392,2753 4,5438 -2,0818 1396,3742 0,6241 46,0000 
21,100 11891,3458 3818,4458 155,4093 391,7303 4,4723 -2,0884 1396,1136 0,6240 46,0000 
21,150 11910,8354 3819,9599 156,1212 391,1873 4,4008 -2,0951 1395,8534 0,6239 46,0000 
21,200 11930,2998 3821,4475 156,8344 390,6464 4,3292 -2,1017 1395,5935 0,6237 46,0000 
21,250 11949,7390 3822,9087 157,5489 390,1074 4,2575 -2,1084 1395,3339 0,6236 46,0000 
21,300 11969,1533 3824,3436 158,2647 389,5706 4,1857 -2,1150 1395,0746 0,6235 46,0000 
21,350 11988,5425 3825,7522 158,9819 389,0358 4,1137 -2,1217 1394,8156 0,6234 46,0000 
21,400 12007,9068 3827,1345 159,7004 388,5030 4,0417 -2,1283 1394,5569 0,6233 46,0000 
21,450 12027,2462 3828,4905 160,4203 387,9723 3,9696 -2,1350 1394,2986 0,6232 46,0000 
21,500 12046,5608 3829,8203 161,1414 387,4437 3,8974 -2,1416 1394,0405 0,6231 46,0000 
21,550 12065,8508 3831,1239 161,8639 386,9172 3,8250 -2,1483 1393,7827 0,6230 46,0000 
21,600 12085,1161 3832,4014 162,5877 386,3927 3,7526 -2,1549 1393,5252 0,6229 46,0000 
21,650 12104,3568 3833,6528 163,3128 385,8703 3,6801 -2,1616 1393,2681 0,6228 46,0000 
21,700 12123,5730 3834,8782 164,0393 385,3500 3,6075 -2,1683 1393,0112 0,6227 46,0000 
21,750 12142,7648 3836,0775 164,7670 384,8318 3,5347 -2,1750 1392,7546 0,6226 46,0000 
21,800 12161,9323 3837,2508 165,4961 384,3156 3,4619 -2,1816 1392,4983 0,6225 46,0000 
21,850 12181,0754 3838,3982 166,2265 383,8016 3,3890 -2,1883 1392,2423 0,6224 46,0000 
21,900 12200,1943 3839,5196 166,9582 383,2897 3,3160 -2,1950 1391,9866 0,6223 46,0000 
21,950 12219,2891 3840,6152 167,6912 382,7799 3,2428 -2,2017 1391,7312 0,6222 46,0000 
22,000 12238,3598 3841,6849 168,4255 382,2722 3,1696 -2,2084 1391,4761 0,6221 46,0000 
22,050 12257,4066 3842,7289 169,1611 381,7666 3,0963 -2,2151 1391,2213 0,6220 46,0000 
22,100 12276,4294 3843,7470 169,8980 381,2632 3,0229 -2,2217 1390,9667 0,6219 46,0000 
22,150 12295,4283 3844,7395 170,6361 380,7618 2,9494 -2,2284 1390,7125 0,6219 46,0000 
22,200 12314,4035 3845,7062 171,3756 380,2626 2,8758 -2,2351 1390,4585 0,6218 46,0000 
22,250 12333,3549 3846,6473 172,1164 379,7656 2,8020 -2,2418 1390,2048 0,6217 46,0000 
22,300 12352,2827 3847,5627 172,8585 379,2707 2,7282 -2,2485 1389,9513 0,6216 46,0000 
22,350 12371,1870 3848,4526 173,6019 378,7779 2,6543 -2,2552 1389,6982 0,6216 46,0000 
22,400 12390,0678 3849,3169 174,3465 378,2873 2,5803 -2,2619 1389,4453 0,6215 46,0000 
22,450 12408,9252 3850,1556 175,0925 377,7989 2,5062 -2,2686 1389,1927 0,6214 46,0000 
22,500 12427,7592 3850,9689 175,8397 377,3126 2,4321 -2,2754 1388,9404 0,6214 46,0000 
22,550 12446,5700 3851,7568 176,5882 376,8284 2,3578 -2,2821 1388,6883 0,6213 46,0000 
22,600 12465,3576 3852,5192 177,3380 376,3465 2,2834 -2,2888 1388,4365 0,6212 46,0000 
22,650 12484,1221 3853,2562 178,0891 375,8667 2,2089 -2,2955 1388,1850 0,6212 46,0000 
22,700 12502,8636 3853,9679 178,8415 375,3891 2,1343 -2,3023 1387,9337 0,6211 46,0000 
22,750 12521,5821 3854,6543 179,5952 374,9137 2,0597 -2,3092 1387,6827 0,6211 46,0000 
22,800 12540,2777 3855,3154 180,3502 374,4404 1,9849 -2,3160 1387,4320 0,6210 46,0000 
22,850 12558,9505 3855,9512 181,1065 373,9694 1,9101 -2,3228 1387,1815 0,6210 46,0000 
22,900 12577,6006 3856,5619 181,8642 373,5005 1,8351 -2,3297 1386,9313 0,6209 46,0000 
22,950 12596,2280 3857,1473 182,6231 373,0339 1,7601 -2,3365 1386,6814 0,6209 46,0000 
23,000 12614,8328 3857,7076 183,3833 372,5694 1,6850 -2,3434 1386,4317 0,6208 46,0000 
23,050 12633,4152 3858,2428 184,1449 372,1072 1,6097 -2,3503 1386,1822 0,6208 46,0000 
23,100 12651,9751 3858,7530 184,9078 371,6472 1,5344 -2,3571 1385,9330 0,6207 46,0000 
23,150 12670,5127 3859,2380 185,6719 371,1893 1,4590 -2,3640 1385,6841 0,6207 46,0000 
23,200 12689,0280 3859,6981 186,4374 370,7337 1,3835 -2,3709 1385,4354 0,6207 46,0000 
23,250 12707,5212 3860,1332 187,2042 370,2803 1,3080 -2,3777 1385,1870 0,6206 46,0000 
23,300 12725,9922 3860,5433 187,9723 369,8292 1,2323 -2,3846 1384,9388 0,6206 46,0000 
23,350 12744,4412 3860,9285 188,7416 369,3802 1,1565 -2,3915 1384,6908 0,6206 46,0000 
23,400 12762,8682 3861,2889 189,5123 368,9335 1,0807 -2,3984 1384,4431 0,6205 46,0000 
23,450 12781,2733 3861,6243 190,2843 368,4890 1,0047 -2,4053 1384,1956 0,6205 46,0000 
23,500 12799,6567 3861,9350 191,0576 368,0467 0,9287 -2,4121 1383,9484 0,6205 46,0000 
23,550 12818,0183 3862,2209 191,8322 367,6067 0,8525 -2,4190 1383,7014 0,6205 46,0000 
23,600 12836,3583 3862,4820 192,6081 367,1689 0,7763 -2,4259 1383,4547 0,6204 46,0000 
23,650 12854,6768 3862,7184 193,3853 366,7334 0,7000 -2,4328 1383,2082 0,6204 46,0000 
23,700 12872,9737 3862,9300 194,1637 366,3001 0,6237 -2,4397 1382,9619 0,6204 46,0000 
23,750 12891,2493 3863,1171 194,9435 365,8690 0,5472 -2,4467 1382,7158 0,6204 46,0000 
23,800 12909,5035 3863,2795 195,7246 365,4402 0,4706 -2,4536 1382,4700 0,6204 46,0000 
23,850 12927,7365 3863,4172 196,5070 365,0137 0,3940 -2,4605 1382,2244 0,6204 46,0000 
23,900 12945,9483 3863,5305 197,2906 364,5893 0,3172 -2,4674 1381,9791 0,6204 46,0000 
23,950 12964,1390 3863,6191 198,0756 364,1673 0,2404 -2,4743 1381,7339 0,6204 46,0000 
24,000 12982,3087 3863,6833 198,8618 363,7475 0,1635 -2,4812 1381,4890 0,6203 46,0000 
24,050 13000,4575 3863,7229 199,6494 363,3299 0,0865 -2,4882 1381,2444 0,6203 46,0000 
24,100 13018,5854 3863,7382 200,4382 362,9146 0,0095 -2,4951 1380,9999 0,6203 46,0000 
24,150 13036,6926 3863,7289 201,2283 362,5016 -0,0677 -2,5020 1380,7556 0,6203 46,0000 
24,200 13054,7791 3863,6953 202,0197 362,0908 -0,1449 -2,5090 1380,5116 0,6203 46,0000 
24,250 13072,8450 3863,6374 202,8124 361,6822 -0,2223 -2,5159 1380,2678 0,6204 46,0000 
24,300 13090,8903 3863,5550 203,6064 361,2759 -0,2997 -2,5228 1380,0242 0,6204 46,0000 
24,350 13108,9152 3863,4484 204,4017 360,8719 -0,3772 -2,5298 1379,7808 0,6204 46,0000 
24,400 13126,9197 3863,3175 205,1982 360,4701 -0,4547 -2,5367 1379,5376 0,6204 46,0000 
24,450 13144,9040 3863,1623 205,9961 360,0706 -0,5324 -2,5437 1379,2947 0,6204 46,0000 
24,500 13162,8680 3862,9830 206,7952 359,6734 -0,6101 -2,5506 1379,0519 0,6204 46,0000 
24,550 13180,8119 3862,7794 207,5956 359,2784 -0,6879 -2,5575 1378,8094 0,6204 46,0000 
24,600 13198,7357 3862,5516 208,3973 358,8857 -0,7658 -2,5645 1378,5670 0,6204 46,0000 
24,650 13216,6396 3862,2997 209,2003 358,4952 -0,8438 -2,5715 1378,3249 0,6205 46,0000 
24,700 13234,5236 3862,0237 210,0046 358,1070 -0,9218 -2,5784 1378,0829 0,6205 46,0000 
24,750 13252,3878 3861,7236 210,8101 357,7210 -1,0000 -2,5854 1377,8412 0,6205 46,0000 
24,800 13270,2323 3861,3994 211,6170 357,3373 -1,0782 -2,5923 1377,5996 0,6205 46,0000 
24,850 13288,0571 3861,0512 212,4251 356,9558 -1,1565 -2,5993 1377,3583 0,6206 46,0000 
24,900 13305,8623 3860,6790 213,2345 356,5766 -1,2348 -2,6062 1377,1171 0,6206 46,0000 
24,950 13323,6480 3860,2828 214,0451 356,1997 -1,3133 -2,6132 1376,8762 0,6206 46,0000 
25,000 13341,4144 3859,8626 214,8571 355,8250 -1,3918 -2,6202 1376,6354 0,6207 46,0000 
25,050 13359,1614 3859,4185 215,6703 355,4525 -1,4704 -2,6271 1376,3948 0,6207 46,0000 
25,100 13376,8891 3858,9505 216,4848 355,0823 -1,5490 -2,6341 1376,1544 0,6207 46,0000 
25,150 13394,5977 3858,4587 217,3006 354,7144 -1,6278 -2,6411 1375,9142 0,6208 46,0000 
25,200 13412,2872 3857,9429 218,1176 354,3486 -1,7066 -2,6480 1375,6742 0,6208 46,0000 
25,250 13429,9576 3857,4034 218,9360 353,9852 -1,7855 -2,6550 1375,4344 0,6209 46,0000 
25,300 13447,6091 3856,8400 219,7556 353,6239 -1,8645 -2,6620 1375,1948 0,6209 46,0000 
25,350 13465,2418 3856,2529 220,5765 353,2649 -1,9435 -2,6690 1374,9553 0,6209 46,0000 
25,400 13482,8557 3855,6420 221,3986 352,9082 -2,0226 -2,6759 1374,7160 0,6210 46,0000 
25,450 13500,4509 3855,0073 222,2221 352,5537 -2,1018 -2,6829 1374,4769 0,6210 46,0000 
25,500 13518,0275 3854,3490 223,0468 352,2014 -2,1811 -2,6899 1374,2379 0,6211 46,0000 
25,550 13535,5855 3853,6669 223,8727 351,8513 -2,2604 -2,6969 1373,9992 0,6212 46,0000 
25,600 13553,1251 3852,9612 224,7000 351,5034 -2,3398 -2,7038 1373,7606 0,6212 46,0000 
25,650 13570,6463 3852,2319 225,5285 351,1578 -2,4192 -2,7108 1373,5222 0,6213 46,0000 
25,700 13588,1492 3851,4790 226,3583 350,8144 -2,4988 -2,7178 1373,2839 0,6213 46,0000 
25,750 13605,6338 3850,7024 227,1894 350,4732 -2,5784 -2,7248 1373,0458 0,6214 46,0000 
25,800 13623,1004 3849,9023 228,0217 350,1342 -2,6581 -2,7318 1372,8079 0,6215 46,0000 
25,850 13640,5488 3849,0787 228,8553 349,7975 -2,7378 -2,7387 1372,5702 0,6215 46,0000 
25,900 13657,9792 3848,2315 229,6902 349,4629 -2,8176 -2,7457 1372,3326 0,6216 46,0000 
25,950 13675,3917 3847,3608 230,5263 349,1305 -2,8975 -2,7527 1372,0952 0,6217 46,0000 
26,000 13692,7864 3846,4667 231,3637 348,8004 -2,9774 -2,7597 1371,8579 0,6217 46,0000 
26,050 13710,1633 3845,5491 232,2024 348,4724 -3,0575 -2,7667 1371,6208 0,6218 46,0000 
26,100 13727,5226 3844,6080 233,0424 348,1466 -3,1375 -2,7736 1371,3838 0,6219 46,0000 
26,150 13744,8642 3843,6436 233,8836 347,8230 -3,2177 -2,7806 1371,1471 0,6220 46,0000 
26,200 13762,1882 3842,6557 234,7260 347,5016 -3,2979 -2,7876 1370,9104 0,6220 46,0000 
26,250 13779,4949 3841,6445 235,5698 347,1823 -3,3781 -2,7946 1370,6739 0,6221 46,0000 
26,300 13796,7841 3840,6100 236,4148 346,8652 -3,4585 -2,8016 1370,4376 0,6222 46,0000 
26,350 13814,0560 3839,5521 237,2611 346,5503 -3,5389 -2,8086 1370,2014 0,6223 46,0000 
26,400 13831,3107 3838,4709 238,1086 346,2376 -3,6193 -2,8156 1369,9654 0,6224 46,0000 
26,450 13848,5483 3837,3664 238,9574 345,9270 -3,6999 -2,8225 1369,7295 0,6225 46,0000 
26,500 13865,7687 3836,2386 239,8075 345,6186 -3,7804 -2,8295 1369,4937 0,6225 46,0000 
26,550 13882,9722 3835,0876 240,6588 345,3123 -3,8611 -2,8365 1369,2581 0,6226 46,0000 
26,600 13900,1587 3833,9134 241,5114 345,0081 -3,9418 -2,8435 1369,0226 0,6227 46,0000 
26,650 13917,3284 3832,7159 242,3652 344,7061 -4,0226 -2,8505 1368,7873 0,6228 46,0000 
26,700 13934,4812 3831,4953 243,2204 344,4063 -4,1034 -2,8575 1368,5521 0,6229 46,0000 
26,750 13951,6174 3830,2515 244,0767 344,1085 -4,1843 -2,8645 1368,3170 0,6230 46,0000 
26,800 13968,7369 3828,9845 244,9344 343,8129 -4,2652 -2,8714 1368,0821 0,6231 46,0000 
26,850 13985,8399 3827,6944 245,7933 343,5237 -4,3462 -2,8784 1367,8473 0,6232 46,0000 
26,900 14002,9272 3826,3812 246,6534 343,2582 -4,4273 -2,8851 1367,6127 0,6233 46,0000 
26,950 14019,9994 3825,0447 247,5148 342,9950 -4,5084 -2,8919 1367,3781 0,6234 46,0000 
27,000 14037,0566 3823,6851 248,3775 342,7339 -4,5896 -2,8986 1367,1437 0,6236 46,0000 
27,050 14054,0988 3822,3023 249,2414 342,4750 -4,6708 -2,9054 1366,9094 0,6237 46,0000 
27,100 14071,1260 3820,8963 250,1066 342,2182 -4,7521 -2,9121 1366,6752 0,6238 46,0000 
27,150 14088,1385 3819,4672 250,9730 341,9636 -4,8334 -2,9189 1366,4411 0,6239 46,0000 
27,200 14105,1362 3818,0150 251,8407 341,7110 -4,9147 -2,9256 1366,2071 0,6240 46,0000 
27,250 14122,1193 3816,5397 252,7097 341,4606 -4,9961 -2,9324 1365,9732 0,6241 46,0000 
27,300 14139,0877 3815,0412 253,5799 341,2122 -5,0776 -2,9391 1365,7395 0,6243 46,0000 
27,350 14156,0416 3813,5198 254,4513 340,9658 -5,1591 -2,9458 1365,5058 0,6244 46,0000 
27,400 14172,9810 3811,9752 255,3240 340,7215 -5,2407 -2,9526 1365,2723 0,6245 46,0000 
27,450 14189,9060 3810,4076 256,1980 340,4792 -5,3223 -2,9593 1365,0388 0,6246 46,0000 
27,500 14206,8167 3808,8170 257,0732 340,2389 -5,4039 -2,9660 1364,8055 0,6248 46,0000 
27,550 14223,7132 3807,2034 257,9496 340,0005 -5,4856 -2,9728 1364,5722 0,6249 46,0000 
27,600 14240,5954 3805,5668 258,8273 339,7641 -5,5673 -2,9795 1364,3391 0,6250 46,0000 
27,650 14257,4635 3803,9072 259,7063 339,5297 -5,6491 -2,9862 1364,1060 0,6252 46,0000 
27,700 14274,3175 3802,2246 260,5865 339,2971 -5,7309 -2,9929 1363,8730 0,6253 46,0000 
27,750 14291,1574 3800,5191 261,4679 339,0665 -5,8128 -2,9997 1363,6402 0,6254 46,0000 
27,800 14307,9835 3798,7906 262,3506 338,8377 -5,8946 -3,0064 1363,4074 0,6256 46,0000 
27,850 14324,7956 3797,0392 263,2346 338,6108 -5,9766 -3,0131 1363,1747 0,6257 46,0000 
27,900 14341,5940 3795,2649 264,1198 338,3857 -6,0586 -3,0198 1362,9421 0,6258 46,0000 
27,950 14358,3785 3793,4678 265,0062 338,1624 -6,1406 -3,0265 1362,7096 0,6260 46,0000 
28,000 14375,1493 3791,6477 265,8939 337,9410 -6,2226 -3,0332 1362,4772 0,6261 46,0000 
28,050 14391,9065 3789,8048 266,7829 337,7213 -6,3047 -3,0400 1362,2448 0,6263 46,0000 
28,100 14408,6500 3787,9390 267,6731 337,5034 -6,3869 -3,0467 1362,0126 0,6264 46,0000 
28,150 14425,3801 3786,0503 268,5645 337,2872 -6,4690 -3,0534 1361,7804 0,6266 46,0000 
28,200 14442,0966 3784,1389 269,4572 337,0728 -6,5512 -3,0601 1361,5483 0,6267 46,0000 
28,250 14458,7997 3782,2046 270,3511 336,8601 -6,6335 -3,0668 1361,3163 0,6269 46,0000 
28,300 14475,4894 3780,2476 271,2462 336,6491 -6,7157 -3,0735 1361,0843 0,6271 46,0000 
28,350 14492,1657 3778,2677 272,1426 336,4398 -6,7981 -3,0802 1360,8525 0,6272 46,0000 
28,400 14508,8288 3776,2651 273,0403 336,2322 -6,8804 -3,0869 1360,6207 0,6274 46,0000 
28,450 14525,4786 3774,2398 273,9392 336,0263 -6,9628 -3,0936 1360,3889 0,6275 46,0000 
28,500 14542,1153 3772,1917 274,8393 335,8220 -7,0452 -3,1003 1360,1573 0,6277 46,0000 
28,550 14558,7388 3770,1208 275,7406 335,6194 -7,1276 -3,1070 1359,9257 0,6279 46,0000 
28,600 14575,3493 3768,0273 276,6432 335,4184 -7,2101 -3,1137 1359,6942 0,6281 46,0000 
28,650 14591,9467 3765,9111 277,5471 335,2190 -7,2926 -3,1204 1359,4627 0,6282 46,0000 
28,700 14608,5311 3763,7721 278,4521 335,0212 -7,3752 -3,1271 1359,2313 0,6284 46,0000 
28,750 14625,1026 3761,6105 279,3584 334,8251 -7,4578 -3,1338 1359,0000 0,6286 46,0000 
28,800 14641,6612 3759,4263 280,2660 334,6304 -7,5404 -3,1405 1358,7687 0,6287 46,0000 
28,850 14658,2070 3757,2194 281,1748 334,4374 -7,6230 -3,1471 1358,5375 0,6289 46,0000 
28,900 14674,7399 3754,9898 282,0848 334,2459 -7,7057 -3,1538 1358,3064 0,6291 46,0000 
28,950 14691,2601 3752,7377 282,9960 334,0560 -7,7883 -3,1605 1358,0753 0,6293 46,0000 
29,000 14707,7676 3750,4629 283,9085 333,8675 -7,8711 -3,1672 1357,8443 0,6295 46,0000 
29,050 14724,2624 3748,1655 284,8222 333,6806 -7,9538 -3,1739 1357,6133 0,6297 46,0000 
29,100 14740,7446 3745,8456 285,7371 333,4953 -8,0366 -3,1806 1357,3824 0,6298 46,0000 
29,150 14757,2142 3743,5031 286,6533 333,3114 -8,1194 -3,1873 1357,1515 0,6300 46,0000 
29,200 14773,6712 3741,1380 287,5706 333,1290 -8,2022 -3,1939 1356,9207 0,6302 46,0000 
29,250 14790,1158 3738,7505 288,4892 332,9480 -8,2851 -3,2006 1356,6900 0,6304 46,0000 
29,300 14806,5479 3736,3403 289,4091 332,7685 -8,3679 -3,2073 1356,4592 0,6306 46,0000 
29,350 14822,9676 3733,9077 290,3302 332,5905 -8,4508 -3,2140 1356,2286 0,6308 46,0000 
29,400 14839,3749 3731,4526 291,2524 332,4139 -8,5338 -3,2207 1355,9980 0,6310 46,0000 
29,450 14855,7698 3728,9749 292,1760 332,2388 -8,6167 -3,2274 1355,7674 0,6312 46,0000 
29,500 14872,1525 3726,4748 293,1007 332,0651 -8,6997 -3,2340 1355,5369 0,6314 46,0000 
29,550 14888,5228 3723,9523 294,0267 331,8928 -8,7827 -3,2407 1355,3064 0,6316 46,0000 
29,600 14904,8810 3721,4072 294,9538 331,7219 -8,8657 -3,2474 1355,0759 0,6318 46,0000 
29,650 14921,2270 3718,8398 295,8822 331,5523 -8,9488 -3,2541 1354,8455 0,6320 46,0000 
29,700 14937,5608 3716,2499 296,8119 331,3842 -9,0318 -3,2608 1354,6152 0,6323 46,0000 
29,750 14953,8825 3713,6376 297,7427 331,2174 -9,1149 -3,2674 1354,3848 0,6325 46,0000 
29,800 14970,1921 3711,0030 298,6748 331,0520 -9,1980 -3,2741 1354,1545 0,6327 46,0000 
29,850 14986,4897 3708,3459 299,6080 330,8880 -9,2811 -3,2808 1353,9243 0,6329 46,0000 
29,900 15002,7753 3705,6664 300,5425 330,7252 -9,3643 -3,2875 1353,6941 0,6331 46,0000 
29,950 15019,0489 3702,9646 301,4782 330,5639 -9,4474 -3,2941 1353,4639 0,6333 46,0000 
30,000 15035,3106 3700,2405 302,4152 330,4038 -9,5306 -3,3008 1353,2337 0,6336 46,0000 
30,050 15051,5603 3697,4940 303,3533 330,2451 -9,6138 -3,3075 1353,0036 0,6338 46,0000 
30,100 15067,7982 3694,7252 304,2927 330,0877 -9,6970 -3,3142 1352,7735 0,6340 46,0000 
30,150 15084,0242 3691,9341 305,2332 329,9315 -9,7802 -3,3208 1352,5434 0,6342 46,0000 
30,200 15100,2385 3689,1207 306,1750 329,7767 -9,8635 -3,3275 1352,3134 0,6345 46,0000 
30,250 15116,4409 3686,2850 307,1180 329,6231 -9,9467 -3,3342 1352,0834 0,6347 46,0000 
30,300 15132,6316 3683,4270 308,0622 329,4708 -10,0300 -3,3409 1351,8534 0,6349 46,0000 
30,350 15148,8106 3680,5468 309,0076 329,3198 -10,1133 -3,3476 1351,6234 0,6352 46,0000 
30,400 15164,9779 3677,6443 309,9542 329,1700 -10,1966 -3,3542 1351,3934 0,6354 46,0000 
30,450 15181,1336 3674,7196 310,9020 329,0215 -10,2799 -3,3609 1351,1635 0,6356 46,0000 
30,500 15197,2776 3671,7727 311,8510 328,8742 -10,3633 -3,3676 1350,9336 0,6359 46,0000 
30,550 15213,4101 3668,8035 312,8013 328,7282 -10,4466 -3,3743 1350,7037 0,6361 46,0000 
30,600 15229,5310 3665,8122 313,7527 328,5834 -10,5300 -3,3809 1350,4738 0,6364 46,0000 
30,650 15245,6403 3662,7987 314,7053 328,4398 -10,6133 -3,3876 1350,2440 0,6366 46,0000 
30,700 15261,7381 3659,7630 315,6592 328,2974 -10,6967 -3,3943 1350,0141 0,6369 46,0000 
30,750 15277,8245 3656,7051 316,6142 328,1562 -10,7801 -3,4010 1349,7843 0,6371 46,0000 
30,800 15293,8994 3653,6251 317,5704 328,0162 -10,8635 -3,4076 1349,5545 0,6374 46,0000 
30,850 15309,9629 3650,5230 318,5279 327,8773 -10,9469 -3,4143 1349,3247 0,6376 46,0000 
30,900 15326,0150 3647,3987 319,4865 327,7397 -11,0304 -3,4210 1349,0949 0,6379 46,0000 
30,950 15342,0557 3644,2524 320,4463 327,6032 -11,1138 -3,4277 1348,8651 0,6381 46,0000 
31,000 15358,0851 3641,0839 321,4074 327,4679 -11,1972 -3,4344 1348,6353 0,6384 46,0000 
31,050 15374,1032 3637,8934 322,3696 327,3338 -11,2807 -3,4410 1348,4056 0,6387 46,0000 
31,100 15390,1099 3634,6808 323,3330 327,2008 -11,3641 -3,4477 1348,1758 0,6389 46,0000 
31,150 15406,1055 3631,4461 324,2976 327,0689 -11,4476 -3,4544 1347,9460 0,6392 46,0000 
31,200 15422,0897 3628,1894 325,2634 326,9382 -11,5311 -3,4611 1347,7163 0,6395 46,0000 
31,250 15438,0628 3624,9106 326,2304 326,8086 -11,6146 -3,4677 1347,4865 0,6397 46,0000 
31,300 15454,0246 3621,6099 327,1986 326,6801 -11,6980 -3,4744 1347,2568 0,6400 46,0000 
31,350 15469,9753 3618,2871 328,1680 326,5527 -11,7815 -3,4811 1347,0270 0,6403 46,0000 
31,400 15485,9149 3614,9423 329,1385 326,4265 -11,8650 -3,4878 1346,7972 0,6405 46,0000 
31,450 15501,8433 3611,5755 330,1103 326,3013 -11,9485 -3,4945 1346,5675 0,6408 46,0000 
31,500 15517,7607 3608,1868 331,0832 326,1772 -12,0320 -3,5011 1346,3377 0,6411 46,0000 
31,550 15533,6669 3604,7761 332,0573 326,0543 -12,1155 -3,5078 1346,1080 0,6414 46,0000 
31,600 15549,5621 3601,3435 333,0326 325,9324 -12,1990 -3,5145 1345,8782 0,6417 46,0000 
31,650 15565,4463 3597,8889 334,0091 325,8116 -12,2825 -3,5212 1345,6484 0,6419 46,0000 
31,700 15581,3195 3594,4124 334,9868 325,6919 -12,3661 -3,5279 1345,4186 0,6422 46,0000 
31,750 15597,1817 3590,9140 335,9656 325,5734 -12,4496 -3,5346 1345,1888 0,6425 46,0000 
31,800 15613,0330 3587,3937 336,9457 325,4559 -12,5331 -3,5412 1344,9591 0,6428 46,0000 
31,850 15628,8733 3583,8515 337,9269 325,3396 -12,6166 -3,5479 1344,7293 0,6431 46,0000 
31,900 15644,7027 3580,2874 338,9093 325,2244 -12,7001 -3,5546 1344,4995 0,6434 46,0000 
31,950 15660,5212 3576,7015 339,8928 325,1104 -12,7836 -3,5613 1344,2697 0,6437 46,0000 
32,000 15676,3289 3573,0937 340,8776 324,9974 -12,8672 -3,5680 1344,0399 0,6440 46,0000 
32,050 15692,1257 3569,4641 341,8635 324,8855 -12,9507 -3,5747 1343,8101 0,6443 46,0000 
32,100 15707,9118 3565,8126 342,8506 324,7747 -13,0342 -3,5814 1343,5803 0,6446 46,0000 
32,150 15723,6870 3562,1393 343,8388 324,6650 -13,1177 -3,5881 1343,3504 0,6449 46,0000 
32,200 15739,4515 3558,4443 344,8283 324,5563 -13,2012 -3,5948 1343,1206 0,6452 46,0000 
32,250 15755,2052 3554,7274 345,8189 324,4488 -13,2847 -3,6014 1342,8908 0,6455 46,0000 
32,300 15770,9482 3550,9888 346,8107 324,3422 -13,3682 -3,6081 1342,6609 0,6458 46,0000 
32,350 15786,6805 3547,2284 347,8037 324,2368 -13,4517 -3,6148 1342,4310 0,6461 46,0000 
32,400 15802,4021 3543,4462 348,7978 324,1324 -13,5352 -3,6215 1342,2011 0,6464 46,0000 
32,450 15818,1131 3539,6423 349,7931 324,0290 -13,6187 -3,6282 1341,9712 0,6468 46,0000 
32,500 15833,8135 3535,8167 350,7896 323,9267 -13,7022 -3,6349 1341,7413 0,6471 46,0000 
32,550 15849,5032 3531,9693 351,7872 323,8253 -13,7856 -3,6416 1341,5114 0,6474 46,0000 
32,600 15865,1823 3528,1002 352,7860 323,7249 -13,8691 -3,6483 1341,2814 0,6477 46,0000 
32,650 15880,8508 3524,2095 353,7860 323,6256 -13,9526 -3,6550 1341,0514 0,6480 46,0000 
32,700 15896,5088 3520,2970 354,7871 323,5272 -14,0360 -3,6618 1340,8214 0,6484 46,0000 
32,750 15912,1562 3516,3629 355,7894 323,4298 -14,1195 -3,6685 1340,5913 0,6487 46,0000 
32,800 15927,7932 3512,4071 356,7929 323,3334 -14,2029 -3,6752 1340,3613 0,6490 46,0000 
32,850 15943,4196 3508,4297 357,7975 323,2379 -14,2863 -3,6819 1340,1312 0,6494 46,0000 
32,900 15959,0355 3504,4306 358,8033 323,1434 -14,3698 -3,6886 1339,9011 0,6497 46,0000 
32,950 15974,6409 3500,4100 359,8103 323,0499 -14,4532 -3,6953 1339,6709 0,6500 46,0000 
33,000 15990,2359 3496,3677 360,8184 322,9573 -14,5366 -3,7021 1339,4407 0,6504 46,0000 
33,050 16005,8204 3492,3038 361,8277 322,8657 -14,6200 -3,7088 1339,2105 0,6507 46,0000 
33,100 16021,3946 3488,2183 362,8382 322,7750 -14,7034 -3,7155 1338,9802 0,6510 46,0000 
33,150 16036,9583 3484,1113 363,8498 322,6852 -14,7867 -3,7223 1338,7499 0,6514 46,0000 
33,200 16052,5116 3479,9827 364,8625 322,5964 -14,8701 -3,7290 1338,5196 0,6517 46,0000 
33,250 16068,0546 3475,8326 365,8765 322,5085 -14,9535 -3,7357 1338,2892 0,6521 46,0000 
33,300 16083,5872 3471,6609 366,8916 322,4215 -15,0368 -3,7425 1338,0588 0,6524 46,0000 
33,350 16099,1094 3467,4677 367,9078 322,3355 -15,1201 -3,7492 1337,8283 0,6528 46,0000 
33,400 16114,6213 3463,2530 368,9252 322,2503 -15,2034 -3,7559 1337,5978 0,6531 46,0000 
33,450 16130,1230 3459,0168 369,9438 322,1660 -15,2867 -3,7627 1337,3672 0,6535 46,0000 
33,500 16145,6143 3454,7591 370,9635 322,0827 -15,3700 -3,7694 1337,1366 0,6538 46,0000 
33,550 16161,0953 3450,4799 371,9844 322,0002 -15,4533 -3,7762 1336,9059 0,6542 46,0000 
33,600 16176,5661 3446,1793 373,0064 321,9187 -15,5365 -3,7830 1336,6752 0,6545 46,0000 
33,650 16192,0266 3441,8573 374,0296 321,8380 -15,6198 -3,7897 1336,4445 0,6549 46,0000 
33,700 16207,4768 3437,5138 375,0539 321,7582 -15,7030 -3,7965 1336,2137 0,6553 46,0000 
33,750 16222,9169 3433,1488 376,0794 321,6792 -15,7862 -3,8032 1335,9828 0,6556 46,0000 
33,800 16238,3467 3428,7625 377,1061 321,6012 -15,8694 -3,8100 1335,7519 0,6560 46,0000 
33,850 16253,7663 3424,3548 378,1338 321,5240 -15,9526 -3,8168 1335,5209 0,6564 46,0000 
33,900 16269,1758 3419,9257 379,1628 321,4477 -16,0357 -3,8235 1335,2899 0,6567 46,0000 
33,950 16284,5750 3415,4752 380,1929 321,3722 -16,1189 -3,8303 1335,0588 0,6571 46,0000 
34,000 16299,9641 3411,0034 381,2241 321,2976 -16,2020 -3,8371 1334,8277 0,6575 46,0000 
34,050 16315,3431 3406,5102 382,2565 321,2238 -16,2851 -3,8439 1334,5965 0,6579 46,0000 
34,100 16330,7119 3401,9957 383,2900 321,1509 -16,3682 -3,8507 1334,3653 0,6583 46,0000 
34,150 16346,0706 3397,4599 384,3247 321,0788 -16,4513 -3,8574 1334,1340 0,6586 46,0000 
34,200 16361,4192 3392,9028 385,3605 321,0075 -16,5343 -3,8642 1333,9026 0,6590 46,0000 
34,250 16376,7577 3388,3244 386,3975 320,9370 -16,6174 -3,8710 1333,6712 0,6594 46,0000 
34,300 16392,0861 3383,7247 387,4356 320,8672 -16,7004 -3,8778 1333,4396 0,6598 46,0000 
34,350 16407,4044 3379,1037 388,4749 320,7981 -16,7834 -3,8846 1333,2081 0,6602 46,0000 
34,400 16422,7126 3374,4615 389,5152 320,7298 -16,8663 -3,8914 1332,9764 0,6606 46,0000 
34,450 16438,0108 3369,7981 390,5568 320,6623 -16,9493 -3,8982 1332,7447 0,6610 46,0000 
34,500 16453,2988 3365,1134 391,5994 320,5955 -17,0322 -3,9050 1332,5128 0,6614 46,0000 
34,550 16468,5769 3360,4075 392,6432 320,5294 -17,1151 -3,9118 1332,2810 0,6618 46,0000 
34,600 16483,8449 3355,6805 393,6882 320,4640 -17,1980 -3,9186 1332,0490 0,6622 46,0000 
34,650 16499,1028 3350,9322 394,7342 320,3994 -17,2809 -3,9254 1331,8170 0,6626 46,0000 
34,700 16514,3507 3346,1628 395,7814 320,3356 -17,3637 -3,9322 1331,5848 0,6630 46,0000 
34,750 16529,5886 3341,3723 396,8298 320,2724 -17,4465 -3,9390 1331,3526 0,6634 46,0000 
34,800 16544,8165 3336,5606 397,8792 320,2099 -17,5293 -3,9458 1331,1204 0,6638 46,0000 
34,850 16560,0343 3331,7277 398,9298 320,1482 -17,6121 -3,9526 1330,8880 0,6642 46,0000 
34,900 16575,2422 3326,8738 399,9815 320,0872 -17,6948 -3,9595 1330,6555 0,6646 46,0000 
34,950 16590,4400 3321,9988 401,0344 320,0269 -17,7776 -3,9663 1330,4230 0,6650 46,0000 
35,000 16605,6279 3317,1027 402,0883 319,9672 -17,8603 -3,9731 1330,1904 0,6654 46,0000 
35,050 16620,8057 3312,1855 403,1434 319,9083 -17,9429 -3,9799 1329,9577 0,6658 46,0000 
35,100 16635,9736 3307,2473 404,1996 319,8501 -18,0256 -3,9867 1329,7249 0,6663 46,0000 
35,150 16651,1315 3302,2880 405,2570 319,7926 -18,1082 -3,9936 1329,4921 0,6667 46,0000 
35,200 16666,2795 3297,3077 406,3154 319,7357 -18,1908 -4,0004 1329,2591 0,6671 46,0000 
35,250 16681,4175 3292,3064 407,3750 319,6796 -18,2734 -4,0072 1329,0261 0,6675 46,0000 
35,300 16696,5455 3287,2842 408,4356 319,6241 -18,3559 -4,0140 1328,7929 0,6680 46,0000 
35,350 16711,6636 3282,2409 409,4974 319,5693 -18,4384 -4,0209 1328,5597 0,6684 46,0000 
35,400 16726,7717 3277,1766 410,5603 319,5151 -18,5209 -4,0277 1328,3264 0,6688 46,0000 
35,450 16741,8699 3272,0915 411,6243 319,4616 -18,6034 -4,0345 1328,0930 0,6693 46,0000 
35,500 16756,9581 3266,9853 412,6894 319,4088 -18,6858 -4,0414 1327,8595 0,6697 46,0000 
35,550 16772,0364 3261,8583 413,7557 319,3567 -18,7682 -4,0482 1327,6259 0,6701 46,0000 
35,600 16787,1048 3256,7103 414,8230 319,3052 -18,8506 -4,0550 1327,3922 0,6706 46,0000 
35,650 16802,1633 3251,5415 415,8914 319,2544 -18,9329 -4,0619 1327,1584 0,6710 46,0000 
35,700 16817,2119 3246,3518 416,9610 319,2042 -19,0153 -4,0687 1326,9245 0,6715 46,0000 
35,750 16832,2505 3241,1412 418,0316 319,1546 -19,0976 -4,0756 1326,6905 0,6719 46,0000 
35,800 16847,2792 3235,9098 419,1033 319,1057 -19,1798 -4,0824 1326,4564 0,6723 46,0000 
35,850 16862,2981 3230,6575 420,1762 319,0575 -19,2620 -4,0893 1326,2222 0,6728 46,0000 
35,900 16877,3070 3225,3844 421,2501 319,0099 -19,3442 -4,0961 1325,9880 0,6732 46,0000 
35,950 16892,3060 3220,0905 422,3251 318,9629 -19,4264 -4,1030 1325,7536 0,6737 46,0000 
36,000 16907,2952 3214,7758 423,4012 318,9165 -19,5085 -4,1098 1325,5191 0,6742 46,0000 
36,050 16922,2744 3209,4404 424,4784 318,8708 -19,5906 -4,1167 1325,2845 0,6746 46,0000 
36,100 16937,2438 3204,0842 425,5567 318,8256 -19,6727 -4,1235 1325,0498 0,6751 46,0000 
36,150 16952,2032 3198,7072 426,6361 318,7812 -19,7548 -4,1304 1324,8150 0,6755 46,0000 
36,200 16967,1529 3193,3095 427,7166 318,7373 -19,8368 -4,1373 1324,5801 0,6760 46,0000 
36,250 16982,0926 3187,8912 428,7982 318,6941 -19,9187 -4,1441 1324,3451 0,6765 46,0000 
36,300 16997,0224 3182,4521 429,8808 318,6515 -20,0007 -4,1510 1324,1100 0,6769 46,0000 
36,350 17011,9424 3176,9923 430,9645 318,6095 -20,0826 -4,1579 1323,8748 0,6774 46,0000 
36,400 17026,8526 3171,5118 432,0493 318,5682 -20,1645 -4,1647 1323,6395 0,6779 46,0000 
36,450 17041,7529 3166,0107 433,1352 318,5275 -20,2463 -4,1716 1323,4041 0,6783 46,0000 
36,500 17056,6433 3160,4890 434,2222 318,4874 -20,3281 -4,1784 1323,1686 0,6788 46,0000 
36,550 17071,5239 3154,9466 435,3102 318,4480 -20,4099 -4,1853 1322,9329 0,6793 46,0000 
36,600 17086,3946 3149,3836 436,3993 318,4091 -20,4916 -4,1922 1322,6972 0,6798 46,0000 
36,650 17101,2555 3143,8001 437,4895 318,3709 -20,5733 -4,1990 1322,4614 0,6803 46,0000 
36,700 17116,1066 3138,1959 438,5807 318,3333 -20,6550 -4,2059 1322,2254 0,6807 46,0000 
36,750 17130,9478 3132,5712 439,6730 318,2962 -20,7366 -4,2128 1321,9893 0,6812 46,0000 
36,800 17145,7792 3126,9259 440,7664 318,2598 -20,8182 -4,2196 1321,7532 0,6817 46,0000 
36,850 17160,6008 3121,2601 441,8608 318,2240 -20,8997 -4,2265 1321,5169 0,6822 46,0000 
36,900 17175,4125 3115,5738 442,9563 318,1888 -20,9813 -4,2334 1321,2805 0,6827 46,0000 
36,950 17190,2145 3109,8670 444,0529 318,1542 -21,0627 -4,2403 1321,0439 0,6832 46,0000 
37,000 17205,0066 3104,1397 445,1505 318,1201 -21,1442 -4,2471 1320,8073 0,6837 46,0000 
37,050 17219,7889 3098,3919 446,2491 318,0867 -21,2256 -4,2540 1320,5706 0,6842 46,0000 
37,100 17234,5613 3092,6236 447,3488 318,0538 -21,3070 -4,2609 1320,3337 0,6847 46,0000 
37,150 17249,3240 3086,8349 448,4496 318,0215 -21,3883 -4,2677 1320,0967 0,6852 46,0000 
37,200 17264,0769 3081,0258 449,5514 317,9898 -21,4696 -4,2746 1319,8596 0,6857 46,0000 
37,250 17278,8200 3075,1963 450,6543 317,9586 -21,5508 -4,2815 1319,6224 0,6862 46,0000 
37,300 17293,5532 3069,3464 451,7582 317,9280 -21,6320 -4,2884 1319,3851 0,6867 46,0000 
37,350 17308,2767 3063,4761 452,8631 317,8980 -21,7132 -4,2952 1319,1476 0,6872 46,0000 
37,400 17322,9903 3057,5854 453,9691 317,8686 -21,7943 -4,3021 1318,9100 0,6877 46,0000 
37,450 17337,6942 3051,6744 455,0761 317,8397 -21,8754 -4,3090 1318,6723 0,6883 46,0000 
37,500 17352,3883 3045,7430 456,1842 317,8113 -21,9565 -4,3159 1318,4345 0,6888 46,0000 
37,550 17367,0726 3039,7914 457,2933 317,7835 -22,0375 -4,3227 1318,1965 0,6893 46,0000 
37,600 17381,7471 3033,8194 458,4034 317,7563 -22,1184 -4,3296 1317,9585 0,6898 46,0000 
37,650 17396,4118 3027,8271 459,5146 317,7296 -22,1994 -4,3365 1317,7203 0,6903 46,0000 
37,700 17411,0667 3021,8146 460,6267 317,7034 -22,2802 -4,3434 1317,4820 0,6909 46,0000 
37,750 17425,7119 3015,7818 461,7400 317,6778 -22,3611 -4,3503 1317,2435 0,6914 46,0000 
37,800 17440,3472 3009,7288 462,8542 317,6528 -22,4419 -4,3571 1317,0049 0,6919 46,0000 
37,850 17454,9728 3003,6556 463,9694 317,6282 -22,5226 -4,3640 1316,7662 0,6925 46,0000 
37,900 17469,5886 2997,5621 465,0857 317,6042 -22,6034 -4,3709 1316,5274 0,6930 46,0000 
37,950 17484,1946 2991,4485 466,2030 317,5808 -22,6840 -4,3778 1316,2884 0,6935 46,0000 
38,000 17498,7908 2985,3146 467,3213 317,5580 -22,7647 -4,3847 1316,0494 0,6941 46,0000 
38,050 17513,3773 2979,1607 468,4406 317,5358 -22,8452 -4,3915 1315,8101 0,6946 46,0000 
38,100 17527,9540 2972,9865 469,5610 317,5142 -22,9258 -4,3984 1315,5708 0,6952 46,0000 
38,150 17542,5210 2966,7923 470,6823 317,4932 -23,0063 -4,4053 1315,3313 0,6957 46,0000 
38,200 17557,0782 2960,5779 471,8047 317,4725 -23,0867 -4,4122 1315,0917 0,6962 46,0000 
38,250 17571,6256 2954,3434 472,9280 317,4523 -23,1671 -4,4191 1314,8519 0,6968 46,0000 
38,300 17586,1633 2948,0889 474,0524 317,4325 -23,2475 -4,4261 1314,6119 0,6973 46,0000 
38,350 17600,6911 2941,8143 475,1778 317,4131 -23,3278 -4,4330 1314,3718 0,6979 46,0000 
38,400 17615,2093 2935,5196 476,3042 317,3941 -23,4080 -4,4399 1314,1316 0,6985 46,0000 
38,450 17629,7176 2929,2050 477,4316 317,3757 -23,4883 -4,4469 1313,8912 0,6990 46,0000 
38,500 17644,2162 2922,8703 478,5601 317,3580 -23,5684 -4,4538 1313,6507 0,6996 46,0000 
38,550 17658,7050 2916,5156 479,6895 317,3409 -23,6486 -4,4608 1313,4100 0,7001 46,0000 
38,600 17673,1840 2910,1409 480,8199 317,3244 -23,7287 -4,4677 1313,1693 0,7007 46,0000 
38,650 17687,6533 2903,7463 481,9513 317,3086 -23,8087 -4,4746 1312,9283 0,7013 46,0000 
38,700 17702,1129 2897,3317 483,0838 317,2933 -23,8887 -4,4816 1312,6873 0,7018 46,0000 
38,750 17716,5627 2890,8971 484,2172 317,2787 -23,9686 -4,4885 1312,4462 0,7024 46,0000 
38,800 17731,0028 2884,4427 485,3516 317,2647 -24,0485 -4,4955 1312,2049 0,7030 46,0000 
38,850 17745,4331 2877,9683 486,4871 317,2514 -24,1283 -4,5024 1311,9634 0,7036 46,0000 
38,900 17759,8538 2871,4740 487,6235 317,2386 -24,2081 -4,5093 1311,7219 0,7041 46,0000 
38,950 17774,2647 2864,9599 488,7609 317,2265 -24,2878 -4,5163 1311,4802 0,7047 46,0000 
39,000 17788,6659 2858,4259 489,8993 317,2149 -24,3675 -4,5232 1311,2384 0,7053 46,0000 
39,050 17803,0575 2851,8720 491,0386 317,2040 -24,4471 -4,5301 1310,9964 0,7059 46,0000 
39,100 17817,4393 2845,2983 492,1790 317,1937 -24,5267 -4,5371 1310,7543 0,7065 46,0000 
39,150 17831,8115 2838,7047 493,3203 317,1839 -24,6062 -4,5440 1310,5121 0,7070 46,0000 
39,200 17846,1739 2832,0914 494,4627 317,1748 -24,6857 -4,5509 1310,2697 0,7076 46,0000 
39,250 17860,5267 2825,4583 495,6060 317,1662 -24,7651 -4,5579 1310,0272 0,7082 46,0000 
39,300 17874,8699 2818,8053 496,7503 317,1582 -24,8445 -4,5648 1309,7846 0,7088 46,0000 
39,350 17889,2033 2812,1326 497,8955 317,1508 -24,9238 -4,5717 1309,5418 0,7094 46,0000 
39,400 17903,5271 2805,4402 499,0417 317,1439 -25,0031 -4,5787 1309,2988 0,7100 46,0000 
39,450 17917,8413 2798,7280 500,1889 317,1376 -25,0823 -4,5856 1309,0557 0,7106 46,0000 
39,500 17932,1458 2791,9961 501,3371 317,1317 -25,1614 -4,5926 1308,8125 0,7112 46,0000 
39,550 17946,4406 2785,2445 502,4863 317,1264 -25,2405 -4,5995 1308,5691 0,7118 46,0000 
39,600 17960,7258 2778,4733 503,6364 317,1216 -25,3196 -4,6064 1308,3256 0,7124 46,0000 
39,650 17975,0013 2771,6823 504,7874 317,1173 -25,3986 -4,6134 1308,0819 0,7130 46,0000 
39,700 17989,2672 2764,8717 505,9395 317,1134 -25,4775 -4,6203 1307,8381 0,7137 46,0000 
39,750 18003,5235 2758,0414 507,0924 317,1101 -25,5564 -4,6273 1307,5941 0,7143 46,0000 
39,800 18017,7701 2751,1916 508,2464 317,1073 -25,6353 -4,6342 1307,3499 0,7149 46,0000 
39,850 18032,0071 2744,3221 509,4013 317,1050 -25,7140 -4,6412 1307,1056 0,7155 46,0000 
39,900 18046,2344 2737,4330 510,5572 317,1032 -25,7928 -4,6481 1306,8612 0,7161 46,0000 
39,950 18060,4521 2730,5244 511,7140 317,1019 -25,8714 -4,6551 1306,6166 0,7167 46,0000 
40,000 18074,6602 2723,5962 512,8718 317,1011 -25,9500 -4,6620 1306,3718 0,7174 46,0000 
40,050 18088,8586 2716,6485 514,0305 317,1007 -26,0286 -4,6690 1306,1269 0,7180 46,0000 
40,100 18103,0474 2709,6812 515,1902 317,1009 -26,1071 -4,6760 1305,8818 0,7186 46,0000 
40,150 18117,2266 2702,6944 516,3508 317,1015 -26,1855 -4,6829 1305,6366 0,7193 46,0000 
40,200 18131,3961 2695,6882 517,5123 317,1025 -26,2639 -4,6899 1305,3911 0,7199 46,0000 
40,250 18145,5560 2688,6624 518,6749 317,1036 -26,3423 -4,6969 1305,1455 0,7205 46,0000 
40,300 18159,7063 2681,6173 519,8383 317,1047 -26,4206 -4,7038 1304,8997 0,7212 46,0000 
40,350 18173,8468 2674,5527 521,0027 317,1058 -26,4988 -4,7108 1304,6536 0,7218 46,0000 
40,400 18187,9777 2667,4687 522,1680 317,1070 -26,5770 -4,7177 1304,4073 0,7224 46,0000 
40,450 18202,0989 2660,3653 523,3342 317,1082 -26,6551 -4,7247 1304,1608 0,7231 46,0000 
40,500 18216,2103 2653,2426 524,5014 317,1094 -26,7332 -4,7316 1303,9140 0,7237 46,0000 
40,550 18230,3120 2646,1006 525,6694 317,1107 -26,8113 -4,7385 1303,6671 0,7244 46,0000 
40,600 18244,4039 2638,9392 526,8384 317,1119 -26,8892 -4,7455 1303,4199 0,7250 46,0000 
40,650 18258,4860 2631,7586 528,0083 317,1132 -26,9672 -4,7524 1303,1725 0,7257 46,0000 
40,700 18272,5583 2624,5588 529,1790 317,1145 -27,0451 -4,7593 1302,9248 0,7264 46,0000 
40,750 18286,6208 2617,3397 530,3507 317,1159 -27,1229 -4,7662 1302,6770 0,7270 46,0000 
40,800 18300,6735 2610,1015 531,5232 317,1172 -27,2007 -4,7731 1302,4289 0,7277 46,0000 
40,850 18314,7163 2602,8440 532,6967 317,1185 -27,2784 -4,7800 1302,1806 0,7283 46,0000 
40,900 18328,7491 2595,5675 533,8710 317,1200 -27,3561 -4,7869 1301,9321 0,7290 46,0000 
40,950 18342,7722 2588,2718 535,0461 317,1221 -27,4337 -4,7938 1301,6834 0,7297 46,0000 
41,000 18356,7853 2580,9570 536,2222 317,1249 -27,5113 -4,8007 1301,4346 0,7303 46,0000 
41,050 18370,7886 2573,6231 537,3991 317,1283 -27,5888 -4,8075 1301,1857 0,7310 46,0000 
41,100 18384,7820 2566,2701 538,5768 317,1324 -27,6662 -4,8144 1300,9366 0,7317 46,0000 
41,150 18398,7656 2558,8980 539,7554 317,1371 -27,7436 -4,8212 1300,6874 0,7324 46,0000 
41,200 18412,7394 2551,5068 540,9349 317,1425 -27,8209 -4,8280 1300,4380 0,7330 46,0000 
41,250 18426,7034 2544,0967 542,1152 317,1485 -27,8981 -4,8348 1300,1885 0,7337 46,0000 
41,300 18440,6575 2536,6674 543,2963 317,1551 -27,9753 -4,8415 1299,9388 0,7344 46,0000 
41,350 18454,6019 2529,2192 544,4782 317,1623 -28,0524 -4,8483 1299,6890 0,7351 46,0000 
41,400 18468,5364 2521,7520 545,6610 317,1702 -28,1295 -4,8551 1299,4391 0,7358 46,0000 
41,450 18482,4612 2514,2657 546,8446 317,1787 -28,2065 -4,8618 1299,1890 0,7365 46,0000 
41,500 18496,3762 2506,7605 548,0290 317,1877 -28,2834 -4,8685 1298,9388 0,7372 46,0000 
41,550 18510,2815 2499,2363 549,2142 317,1974 -28,3603 -4,8752 1298,6884 0,7378 46,0000 
41,600 18524,1770 2491,6932 550,4003 317,2077 -28,4371 -4,8819 1298,4378 0,7385 46,0000 
41,650 18538,0628 2484,1311 551,5871 317,2185 -28,5138 -4,8885 1298,1871 0,7392 46,0000 
41,700 18551,9389 2476,5501 552,7747 317,2299 -28,5905 -4,8952 1297,9362 0,7399 46,0000 
41,750 18565,8052 2468,9502 553,9631 317,2419 -28,6671 -4,9018 1297,6852 0,7406 46,0000 
41,800 18579,6618 2461,3313 555,1523 317,2544 -28,7437 -4,9085 1297,4339 0,7414 46,0000 
41,850 18593,5087 2453,6937 556,3422 317,2675 -28,8202 -4,9151 1297,1826 0,7421 46,0000 
41,900 18607,3459 2446,0371 557,5330 317,2811 -28,8966 -4,9216 1296,9310 0,7428 46,0000 
41,950 18621,1734 2438,3617 558,7245 317,2952 -28,9729 -4,9282 1296,6793 0,7435 46,0000 
42,000 18634,9913 2430,6674 559,9167 317,3099 -29,0492 -4,9348 1296,4274 0,7442 46,0000 
42,050 18648,7994 2422,9544 561,1097 317,3251 -29,1254 -4,9413 1296,1753 0,7449 46,0000 
42,100 18662,5979 2415,2225 562,3035 317,3409 -29,2016 -4,9478 1295,9231 0,7456 46,0000 
42,150 18676,3867 2407,4718 563,4980 317,3570 -29,2777 -4,9544 1295,6706 0,7464 46,0000 
42,200 18690,1658 2399,7024 564,6933 317,3736 -29,3537 -4,9609 1295,4180 0,7471 46,0000 
42,250 18703,9353 2391,9142 565,8892 317,3905 -29,4297 -4,9674 1295,1652 0,7478 46,0000 
42,300 18717,6951 2384,1073 567,0860 317,4077 -29,5056 -4,9739 1294,9121 0,7485 46,0000 
42,350 18731,4452 2376,2816 568,2834 317,4251 -29,5814 -4,9804 1294,6589 0,7493 46,0000 
42,400 18745,1857 2368,4373 569,4816 317,4429 -29,6572 -4,9870 1294,4054 0,7500 46,0000 
42,450 18758,9164 2360,5743 570,6806 317,4609 -29,7329 -4,9935 1294,1518 0,7507 46,0000 
42,500 18772,6375 2352,6926 571,8802 317,4792 -29,8085 -5,0001 1293,8979 0,7515 46,0000 
42,550 18786,3489 2344,7923 573,0806 317,4979 -29,8841 -5,0066 1293,6438 0,7522 46,0000 
42,600 18800,0506 2336,8734 574,2817 317,5167 -29,9596 -5,0132 1293,3895 0,7530 46,0000 
42,650 18813,7425 2328,9358 575,4836 317,5359 -30,0350 -5,0197 1293,1350 0,7537 46,0000 
42,700 18827,4248 2320,9798 576,6862 317,5553 -30,1104 -5,0263 1292,8803 0,7545 46,0000 
42,750 18841,0974 2313,0051 577,8895 317,5751 -30,1857 -5,0329 1292,6254 0,7552 46,0000 
42,800 18854,7602 2305,0119 579,0935 317,5950 -30,2610 -5,0394 1292,3702 0,7560 46,0000 
42,850 18868,4134 2297,0002 580,2983 317,6153 -30,3362 -5,0460 1292,1148 0,7567 46,0000 
42,900 18882,0568 2288,9701 581,5037 317,6358 -30,4113 -5,0526 1291,8593 0,7575 46,0000 
42,950 18895,6905 2280,9214 582,7099 317,6566 -30,4864 -5,0592 1291,6035 0,7582 46,0000 
43,000 18909,3145 2272,8543 583,9169 317,6776 -30,5614 -5,0658 1291,3475 0,7590 46,0000 
43,050 18922,9287 2264,7688 585,1245 317,6989 -30,6363 -5,0724 1291,0913 0,7598 46,0000 
43,100 18936,5332 2256,6648 586,3328 317,7204 -30,7111 -5,0790 1290,8348 0,7605 46,0000 
43,150 18950,1279 2248,5425 587,5419 317,7422 -30,7859 -5,0856 1290,5782 0,7613 46,0000 
43,200 18963,7129 2240,4017 588,7517 317,7642 -30,8607 -5,0922 1290,3213 0,7621 46,0000 
43,250 18977,2881 2232,2427 589,9622 317,7865 -30,9353 -5,0988 1290,0642 0,7628 46,0000 
43,300 18990,8536 2224,0653 591,1734 317,8090 -31,0099 -5,1055 1289,8069 0,7636 46,0000 
43,350 19004,4093 2215,8696 592,3853 317,8318 -31,0844 -5,1121 1289,5494 0,7644 46,0000 
43,400 19017,9552 2207,6556 593,5979 317,8548 -31,1589 -5,1187 1289,2916 0,7652 46,0000 
43,450 19031,4914 2199,4234 594,8112 317,8780 -31,2333 -5,1254 1289,0337 0,7660 46,0000 
43,500 19045,0178 2191,1729 596,0253 317,9016 -31,3076 -5,1320 1288,7755 0,7667 46,0000 
43,550 19058,5344 2182,9042 597,2400 317,9256 -31,3819 -5,1387 1288,5171 0,7675 46,0000 
43,600 19072,0413 2174,6173 598,4554 317,9499 -31,4561 -5,1453 1288,2585 0,7683 46,0000 
43,650 19085,5383 2166,3121 599,6716 317,9746 -31,5302 -5,1519 1287,9997 0,7691 46,0000 
43,700 19099,0256 2157,9889 600,8884 317,9997 -31,6042 -5,1586 1287,7408 0,7699 46,0000 
43,750 19112,5032 2149,6474 602,1059 318,0252 -31,6782 -5,1652 1287,4816 0,7707 46,0000 
43,800 19125,9709 2141,2878 603,3241 318,0510 -31,7521 -5,1718 1287,2222 0,7715 46,0000 
43,850 19139,4289 2132,9101 604,5430 318,0773 -31,8260 -5,1785 1286,9626 0,7723 46,0000 
43,900 19152,8772 2124,5143 605,7626 318,1038 -31,8997 -5,1851 1286,7028 0,7731 46,0000 
43,950 19166,3157 2116,1005 606,9828 318,1306 -31,9734 -5,1917 1286,4427 0,7739 46,0000 
44,000 19179,7444 2107,6685 608,2037 318,1574 -32,0470 -5,1983 1286,1825 0,7747 46,0000 
44,050 19193,1633 2099,2185 609,4253 318,1844 -32,1206 -5,2050 1285,9220 0,7755 46,0000 
44,100 19206,5724 2090,7505 610,6476 318,2114 -32,1941 -5,2116 1285,6612 0,7764 46,0000 
44,150 19219,9717 2082,2646 611,8706 318,2386 -32,2675 -5,2183 1285,4002 0,7772 46,0000 
44,200 19233,3613 2073,7606 613,0942 318,2659 -32,3409 -5,2250 1285,1390 0,7780 46,0000 
44,250 19246,7410 2065,2388 614,3186 318,2933 -32,4142 -5,2317 1284,8775 0,7788 46,0000 
44,300 19260,1108 2056,6990 615,5436 318,3208 -32,4874 -5,2384 1284,6157 0,7796 46,0000 
44,350 19273,4708 2048,1413 616,7692 318,3484 -32,5606 -5,2451 1284,3538 0,7805 46,0000 
44,400 19286,8210 2039,5658 617,9956 318,3761 -32,6337 -5,2518 1284,0916 0,7813 46,0000 
44,450 19300,1613 2030,9724 619,2226 318,4038 -32,7067 -5,2586 1283,8291 0,7821 46,0000 
44,500 19313,4917 2022,3612 620,4503 318,4317 -32,7797 -5,2653 1283,5664 0,7830 46,0000 
44,550 19326,8123 2013,7322 621,6787 318,4596 -32,8526 -5,2721 1283,3035 0,7838 46,0000 
44,600 19340,1230 2005,0854 622,9077 318,4877 -32,9254 -5,2789 1283,0403 0,7846 46,0000 
44,650 19353,4237 1996,4209 624,1374 318,5158 -32,9982 -5,2856 1282,7768 0,7855 46,0000 
44,700 19366,7146 1987,7386 625,3678 318,5445 -33,0709 -5,2924 1282,5132 0,7863 46,0000 
44,750 19379,9956 1979,0387 626,5989 318,5738 -33,1435 -5,2992 1282,2494 0,7872 46,0000 
44,800 19393,2667 1970,3210 627,8306 318,6038 -33,2160 -5,3059 1281,9854 0,7880 46,0000 
44,850 19406,5279 1961,5857 629,0630 318,6343 -33,2884 -5,3127 1281,7212 0,7889 46,0000 
44,900 19419,7793 1952,8327 630,2960 318,6655 -33,3608 -5,3194 1281,4568 0,7897 46,0000 
44,950 19433,0209 1944,0620 631,5297 318,6973 -33,4331 -5,3261 1281,1922 0,7906 46,0000 
45,000 19446,2527 1935,2736 632,7641 318,7296 -33,5053 -5,3329 1280,9274 0,7914 46,0000 
45,050 19459,4746 1926,4676 633,9991 318,7626 -33,5774 -5,3396 1280,6625 0,7923 46,0000 
45,100 19472,6868 1917,6440 635,2347 318,7961 -33,6495 -5,3463 1280,3973 0,7932 46,0000 
45,150 19485,8892 1908,8028 636,4710 318,8303 -33,7215 -5,3529 1280,1320 0,7940 46,0000 
45,200 19499,0818 1899,9440 637,7079 318,8650 -33,7934 -5,3596 1279,8664 0,7949 46,0000 
45,250 19512,2647 1891,0676 638,9455 318,9003 -33,8652 -5,3663 1279,6007 0,7958 46,0000 
45,300 19525,4379 1882,1736 640,1836 318,9362 -33,9369 -5,3729 1279,3348 0,7966 46,0000 
45,350 19538,6013 1873,2620 641,4224 318,9727 -34,0086 -5,3796 1279,0686 0,7975 46,0000 
45,400 19551,7551 1864,3329 642,6619 319,0097 -34,0801 -5,3862 1278,8023 0,7984 46,0000 
45,450 19564,8991 1855,3862 643,9019 319,0473 -34,1516 -5,3928 1278,5358 0,7993 46,0000 
45,500 19578,0335 1846,4220 645,1426 319,0855 -34,2231 -5,3994 1278,2691 0,8002 46,0000 
45,550 19591,1581 1837,4404 646,3839 319,1242 -34,2944 -5,4060 1278,0022 0,8011 46,0000 
45,600 19604,2732 1828,4412 647,6257 319,1634 -34,3656 -5,4126 1277,7351 0,8019 46,0000 
45,650 19617,3786 1819,4245 648,8682 319,2032 -34,4368 -5,4191 1277,4678 0,8028 46,0000 
45,700 19630,4743 1810,3903 650,1113 319,2435 -34,5079 -5,4257 1277,2002 0,8037 46,0000 
45,750 19643,5605 1801,3387 651,3550 319,2844 -34,5789 -5,4322 1276,9325 0,8046 46,0000 
45,800 19656,6370 1792,2696 652,5993 319,3256 -34,6498 -5,4388 1276,6646 0,8055 46,0000 
45,850 19669,7039 1783,1832 653,8441 319,3669 -34,7207 -5,4453 1276,3964 0,8064 46,0000 
45,900 19682,7612 1774,0793 655,0896 319,4081 -34,7915 -5,4518 1276,1279 0,8073 46,0000 
45,950 19695,8089 1764,9580 656,3356 319,4493 -34,8622 -5,4584 1275,8591 0,8082 46,0000 
46,000 19708,8469 1755,8194 657,5822 319,4905 -34,9328 -5,4649 1275,5900 0,8091 46,0000 
46,050 19721,8753 1746,6635 658,8294 319,5317 -35,0034 -5,4714 1275,3207 0,8101 46,0000 
46,100 19734,8940 1737,4903 660,0771 319,5729 -35,0739 -5,4780 1275,0511 0,8110 46,0000 
46,150 19747,9030 1728,2998 661,3255 319,6141 -35,1443 -5,4845 1274,7812 0,8119 46,0000 
46,200 19760,9023 1719,0921 662,5744 319,6553 -35,2146 -5,4910 1274,5110 0,8128 46,0000 
46,250 19773,8919 1709,8672 663,8238 319,6965 -35,2849 -5,4976 1274,2406 0,8137 46,0000 
46,300 19786,8718 1700,6251 665,0738 319,7376 -35,3551 -5,5041 1273,9699 0,8147 46,0000 
46,350 19799,8419 1691,3658 666,3244 319,7788 -35,4253 -5,5106 1273,6988 0,8156 46,0000 
46,400 19812,8023 1682,0894 667,5755 319,8199 -35,4953 -5,5172 1273,4276 0,8165 46,0000 
46,450 19825,7530 1672,7959 668,8272 319,8610 -35,5653 -5,5237 1273,1560 0,8174 46,0000 
46,500 19838,6939 1663,4853 670,0794 319,9021 -35,6352 -5,5302 1272,8841 0,8184 46,0000 
46,550 19851,6250 1654,1577 671,3321 319,9431 -35,7051 -5,5368 1272,6120 0,8193 46,0000 
46,600 19864,5464 1644,8130 672,5854 319,9842 -35,7749 -5,5433 1272,3396 0,8203 46,0000 
46,650 19877,4579 1635,4514 673,8393 320,0252 -35,8446 -5,5498 1272,0669 0,8212 46,0000 
46,700 19890,3596 1626,0727 675,0937 320,0661 -35,9142 -5,5564 1271,7939 0,8222 46,0000 
46,750 19903,2516 1616,6772 676,3485 320,1071 -35,9838 -5,5629 1271,5206 0,8231 46,0000 
46,800 19916,1337 1607,2647 677,6040 320,1480 -36,0533 -5,5695 1271,2471 0,8241 46,0000 
46,850 19929,0059 1597,8353 678,8599 320,1889 -36,1227 -5,5760 1270,9732 0,8250 46,0000 
46,900 19941,8683 1588,3890 680,1164 320,2298 -36,1920 -5,5825 1270,6991 0,8260 46,0000 
46,950 19954,7208 1578,9259 681,3734 320,2710 -36,2613 -5,5890 1270,4248 0,8269 46,0000 
47,000 19967,5635 1569,4460 682,6309 320,3123 -36,3305 -5,5955 1270,1502 0,8279 46,0000 
47,050 19980,3963 1559,9493 683,8888 320,3538 -36,3996 -5,6020 1269,8753 0,8288 46,0000 
47,100 19993,2193 1550,4358 685,1473 320,3954 -36,4686 -5,6085 1269,6002 0,8298 46,0000 
47,150 20006,0324 1540,9056 686,4063 320,4372 -36,5376 -5,6149 1269,3248 0,8308 46,0000 
47,200 20018,8356 1531,3586 687,6658 320,4791 -36,6065 -5,6213 1269,0491 0,8318 46,0000 
47,250 20031,6290 1521,7949 688,9257 320,5212 -36,6753 -5,6277 1268,7732 0,8327 46,0000 
47,300 20044,4125 1512,2145 690,1861 320,5634 -36,7440 -5,6341 1268,4970 0,8337 46,0000 
47,350 20057,1861 1502,6175 691,4469 320,6058 -36,8127 -5,6405 1268,2206 0,8347 46,0000 
47,400 20069,9498 1493,0038 692,7083 320,6482 -36,8813 -5,6468 1267,9439 0,8357 46,0000 
47,450 20082,7037 1483,3735 693,9700 320,6908 -36,9498 -5,6532 1267,6669 0,8366 46,0000 
47,500 20095,4477 1473,7266 695,2322 320,7335 -37,0182 -5,6595 1267,3896 0,8376 46,0000 
47,550 20108,1818 1464,0632 696,4949 320,7763 -37,0866 -5,6658 1267,1121 0,8386 46,0000 
47,600 20120,9060 1454,3832 697,7580 320,8192 -37,1548 -5,6721 1266,8343 0,8396 46,0000 
47,650 20133,6203 1444,6866 699,0215 320,8621 -37,2230 -5,6784 1266,5562 0,8406 46,0000 
47,700 20146,3247 1434,9736 700,2854 320,9052 -37,2912 -5,6846 1266,2778 0,8416 46,0000 
47,750 20159,0191 1425,2441 701,5497 320,9484 -37,3592 -5,6909 1265,9991 0,8426 46,0000 
47,800 20171,7037 1415,4981 702,8145 320,9915 -37,4272 -5,6971 1265,7201 0,8436 46,0000 
47,850 20184,3784 1405,7358 704,0796 321,0345 -37,4951 -5,7033 1265,4408 0,8446 46,0000 
47,900 20197,0431 1395,9570 705,3452 321,0773 -37,5629 -5,7096 1265,1612 0,8456 46,0000 
47,950 20209,6979 1386,1619 706,6111 321,1200 -37,6307 -5,7159 1264,8813 0,8466 46,0000 
48,000 20222,3427 1376,3504 707,8775 321,1626 -37,6984 -5,7222 1264,6010 0,8477 46,0000 
48,050 20234,9775 1366,5226 709,1443 321,2052 -37,7660 -5,7285 1264,3205 0,8487 46,0000 
48,100 20247,6023 1356,6786 710,4114 321,2477 -37,8335 -5,7348 1264,0396 0,8497 46,0000 
48,150 20260,2171 1346,8183 711,6790 321,2901 -37,9010 -5,7412 1263,7585 0,8507 46,0000 
48,200 20272,8220 1336,9418 712,9470 321,3324 -37,9684 -5,7475 1263,4770 0,8517 46,0000 
48,250 20285,4168 1327,0491 714,2154 321,3746 -38,0357 -5,7539 1263,1952 0,8528 46,0000 
48,300 20298,0015 1317,1402 715,4842 321,4168 -38,1030 -5,7603 1262,9132 0,8538 46,0000 
48,350 20310,5762 1307,2152 716,7534 321,4589 -38,1701 -5,7667 1262,6308 0,8548 46,0000 
48,400 20323,1409 1297,2741 718,0230 321,5008 -38,2373 -5,7731 1262,3481 0,8559 46,0000 
48,450 20335,6955 1287,3169 719,2930 321,5427 -38,3043 -5,7795 1262,0651 0,8569 46,0000 
48,500 20348,2400 1277,3437 720,5634 321,5845 -38,3712 -5,7860 1261,7817 0,8579 46,0000 
48,550 20360,7744 1267,3544 721,8342 321,6262 -38,4381 -5,7924 1261,4981 0,8590 46,0000 
48,600 20373,2987 1257,3492 723,1054 321,6678 -38,5049 -5,7989 1261,2142 0,8600 46,0000 
48,650 20385,8129 1247,3280 724,3771 321,7093 -38,5717 -5,8054 1260,9299 0,8611 46,0000 
48,700 20398,3169 1237,2908 725,6491 321,7507 -38,6384 -5,8119 1260,6453 0,8621 46,0000 
48,750 20410,8109 1227,2378 726,9215 321,7920 -38,7050 -5,8184 1260,3605 0,8632 46,0000 
48,800 20423,2947 1217,1688 728,1943 321,8333 -38,7715 -5,8249 1260,0753 0,8643 46,0000 
48,850 20435,7683 1207,0841 729,4675 321,8755 -38,8379 -5,8315 1259,7899 0,8653 46,0000 
48,900 20448,2318 1196,9834 730,7412 321,9192 -38,9042 -5,8381 1259,5045 0,8664 46,0000 
48,950 20460,6853 1186,8669 732,0153 321,9638 -38,9704 -5,8448 1259,2188 0,8674 46,0000 
49,000 20473,1288 1176,7345 733,2898 322,0092 -39,0366 -5,8514 1258,9330 0,8685 46,0000 
49,050 20485,5623 1166,5862 734,5647 322,0554 -39,1026 -5,8582 1258,6469 0,8696 46,0000 
49,100 20497,9858 1156,4221 735,8402 322,1024 -39,1685 -5,8650 1258,3607 0,8707 46,0000 
49,150 20510,3994 1146,2421 737,1161 322,1502 -39,2344 -5,8718 1258,0743 0,8717 46,0000 
49,200 20522,8031 1136,0463 738,3924 322,1988 -39,3001 -5,8786 1257,7876 0,8728 46,0000 
49,250 20535,1969 1125,8346 739,6693 322,2481 -39,3657 -5,8855 1257,5008 0,8739 46,0000 
49,300 20547,5808 1115,6071 740,9466 322,2982 -39,4313 -5,8924 1257,2138 0,8750 46,0000 
49,350 20559,9549 1105,3638 742,2245 322,3490 -39,4967 -5,8994 1256,9265 0,8761 46,0000 
49,400 20572,3192 1095,1046 743,5028 322,4006 -39,5621 -5,9064 1256,6391 0,8772 46,0000 
49,450 20584,6737 1084,8297 744,7817 322,4529 -39,6273 -5,9135 1256,3514 0,8782 46,0000 
49,500 20597,0185 1074,5389 746,0611 322,5059 -39,6925 -5,9206 1256,0636 0,8793 46,0000 
49,550 20609,3535 1064,2323 747,3411 322,5594 -39,7576 -5,9277 1255,7755 0,8804 46,0000 
49,600 20621,6788 1053,9099 748,6216 322,6129 -39,8226 -5,9348 1255,4871 0,8815 46,0000 
49,650 20633,9943 1043,5718 749,9026 322,6662 -39,8875 -5,9418 1255,1984 0,8826 46,0000 
49,700 20646,3001 1033,2179 751,1841 322,7194 -39,9523 -5,9488 1254,9094 0,8838 46,0000 
49,750 20658,5961 1022,8484 752,4661 322,7724 -40,0171 -5,9558 1254,6200 0,8849 46,0000 
49,800 20670,8823 1012,4631 753,7486 322,8253 -40,0818 -5,9628 1254,3303 0,8860 46,0000 
49,850 20683,1588 1002,0623 755,0316 322,8779 -40,1464 -5,9697 1254,0403 0,8871 46,0000 
49,900 20695,4254 991,6458 756,3151 322,9305 -40,2109 -5,9766 1253,7500 0,8882 46,0000 
49,950 20707,6822 981,2138 757,5990 322,9831 -40,2754 -5,9835 1253,4594 0,8893 46,0000 
50,000 20719,9293 970,7662 758,8834 323,0356 -40,3398 -5,9903 1253,1684 0,8905 46,0000 
50,050 20732,1665 960,3031 760,1682 323,0882 -40,4041 -5,9971 1252,8771 0,8916 46,0000 
50,100 20744,3938 949,8245 761,4535 323,1408 -40,4683 -6,0039 1252,5855 0,8927 46,0000 
50,150 20756,6114 939,3304 762,7392 323,1933 -40,5324 -6,0106 1252,2936 0,8938 46,0000 
50,200 20768,8191 928,8209 764,0253 323,2458 -40,5965 -6,0173 1252,0014 0,8950 46,0000 
50,250 20781,0170 918,2959 765,3118 323,2982 -40,6605 -6,0240 1251,7088 0,8961 46,0000 
50,300 20793,2051 907,7556 766,5987 323,3506 -40,7244 -6,0307 1251,4159 0,8973 46,0000 
50,350 20805,3833 897,1999 767,8860 323,4030 -40,7882 -6,0373 1251,1227 0,8984 46,0000 
50,400 20817,5516 886,6288 769,1736 323,4549 -40,8520 -6,0438 1250,8291 0,8996 46,0000 
50,450 20829,7101 876,0425 770,4616 323,5054 -40,9157 -6,0503 1250,5350 0,9007 46,0000 
50,500 20841,8586 865,4409 771,7500 323,5542 -40,9794 -6,0568 1250,2404 0,9019 46,0000 
50,550 20853,9970 854,8242 773,0386 323,6015 -41,0430 -6,0632 1249,9452 0,9030 46,0000 
50,600 20866,1253 844,1924 774,3276 323,6471 -41,1066 -6,0695 1249,6495 0,9042 46,0000 
50,650 20878,2435 833,5456 775,6168 323,6911 -41,1702 -6,0758 1249,3533 0,9053 46,0000 
50,700 20890,3513 822,8839 776,9063 323,7335 -41,2337 -6,0821 1249,0566 0,9065 46,0000 
50,750 20902,4489 812,2073 778,1959 323,7741 -41,2972 -6,0883 1248,7593 0,9077 46,0000 
50,800 20914,5360 801,5160 779,4858 323,8131 -41,3607 -6,0944 1248,4615 0,9088 46,0000 
50,850 20926,6127 790,8099 780,7759 323,8504 -41,4242 -6,1004 1248,1632 0,9100 46,0000 
50,900 20938,6789 780,0891 782,0661 323,8859 -41,4876 -6,1064 1247,8644 0,9112 46,0000 
50,950 20950,7344 769,3538 783,3565 323,9197 -41,5510 -6,1124 1247,5650 0,9124 46,0000 
51,000 20962,7792 758,6040 784,6470 323,9516 -41,6143 -6,1183 1247,2651 0,9135 46,0000 
51,050 20974,8132 747,8398 785,9376 323,9818 -41,6776 -6,1241 1246,9646 0,9147 46,0000 
51,100 20986,8364 737,0613 787,2282 324,0101 -41,7409 -6,1298 1246,6636 0,9159 46,0000 
51,150 20998,8486 726,2684 788,5189 324,0365 -41,8042 -6,1355 1246,3621 0,9171 46,0000 
51,200 21010,8498 715,4614 789,8095 324,0622 -41,8675 -6,1412 1246,0602 0,9183 46,0000 
51,250 21022,8400 704,6402 791,1002 324,0871 -41,9306 -6,1468 1245,7578 0,9195 46,0000 
51,300 21034,8191 693,8049 792,3909 324,1111 -41,9938 -6,1524 1245,4551 0,9207 46,0000 
51,350 21046,7871 682,9556 793,6816 324,1340 -42,0569 -6,1579 1245,1519 0,9219 46,0000 
51,400 21058,7440 672,0922 794,9722 324,1558 -42,1199 -6,1634 1244,8482 0,9231 46,0000 
51,450 21070,6896 661,2150 796,2628 324,1766 -42,1830 -6,1688 1244,5442 0,9243 46,0000 
51,500 21082,6240 650,3238 797,5533 324,1964 -42,2459 -6,1742 1244,2396 0,9255 46,0000 
51,550 21094,5471 639,4188 798,8436 324,2150 -42,3089 -6,1795 1243,9347 0,9267 46,0000 
51,600 21106,4589 628,5000 800,1339 324,2325 -42,3718 -6,1847 1243,6293 0,9279 46,0000 
51,650 21118,3593 617,5676 801,4240 324,2489 -42,4346 -6,1899 1243,3235 0,9292 46,0000 
51,700 21130,2482 606,6214 802,7140 324,2642 -42,4974 -6,1951 1243,0172 0,9304 46,0000 
51,750 21142,1256 595,6617 804,0038 324,2783 -42,5602 -6,2002 1242,7104 0,9316 46,0000 
51,800 21153,9915 584,6884 805,2935 324,2912 -42,6230 -6,2053 1242,4033 0,9328 46,0000 
51,850 21165,8458 573,7016 806,5829 324,3030 -42,6857 -6,2103 1242,0956 0,9341 46,0000 
51,900 21177,6884 562,7014 807,8721 324,3136 -42,7484 -6,2153 1241,7876 0,9353 46,0000 
51,950 21189,5194 551,6879 809,1610 324,3230 -42,8111 -6,2202 1241,4790 0,9365 46,0000 
52,000 21201,3386 540,6610 810,4497 324,3311 -42,8737 -6,2251 1241,1701 0,9378 46,0000 
52,050 21213,1460 529,6209 811,7382 324,3390 -42,9363 -6,2300 1240,8607 0,9390 46,0000 
52,100 21224,9416 518,5675 813,0263 324,3473 -42,9988 -6,2349 1240,5512 0,9402 46,0000 
52,150 21236,7255 507,5010 814,3143 324,3561 -43,0612 -6,2399 1240,2413 0,9415 46,0000 
52,200 21248,4976 496,4212 815,6019 324,3652 -43,1235 -6,2449 1239,9311 0,9427 46,0000 
52,250 21260,2580 485,3282 816,8894 324,3748 -43,1858 -6,2500 1239,6207 0,9440 46,0000 
52,300 21272,0067 474,2221 818,1766 324,3846 -43,2480 -6,2552 1239,3100 0,9452 46,0000 
52,350 21283,7436 463,1028 819,4636 324,3948 -43,3101 -6,2604 1238,9989 0,9465 46,0000 
52,400 21295,4688 451,9703 820,7504 324,4052 -43,3722 -6,2656 1238,6876 0,9478 46,0000 
52,450 21307,1824 440,8247 822,0371 324,4158 -43,4342 -6,2709 1238,3759 0,9490 46,0000 
52,500 21318,8842 429,6661 823,3235 324,4266 -43,4961 -6,2763 1238,0639 0,9503 46,0000 
52,550 21330,5744 418,4943 824,6098 324,4375 -43,5579 -6,2817 1237,7516 0,9516 46,0000 
52,600 21342,2528 407,3095 825,8959 324,4485 -43,6197 -6,2873 1237,4389 0,9528 46,0000 
52,650 21353,9196 396,1117 827,1819 324,4599 -43,6814 -6,2928 1237,1260 0,9541 46,0000 
52,700 21365,5747 384,9008 828,4677 324,4738 -43,7429 -6,2980 1236,8129 0,9554 46,0000 
52,750 21377,2183 373,6768 829,7532 324,4894 -43,8044 -6,3028 1236,4998 0,9567 46,0000 
52,800 21388,8504 362,4397 831,0384 324,5051 -43,8657 -6,3072 1236,1863 0,9580 46,0000 
52,850 21400,4711 351,1895 832,3233 324,5192 -43,9271 -6,3111 1235,8723 0,9592 46,0000 
52,900 21412,0801 339,9264 833,6076 324,5303 -43,9885 -6,3147 1235,5576 0,9605 46,0000 
52,950 21423,6774 328,6505 834,8913 324,5372 -44,0499 -6,3181 1235,2421 0,9618 46,0000 
53,000 21435,2628 317,3619 836,1743 324,5391 -44,1114 -6,3212 1234,9258 0,9631 46,0000 
53,050 21446,8360 306,0608 837,4567 324,5355 -44,1730 -6,3241 1234,6086 0,9644 46,0000 
53,100 21458,3969 294,7475 838,7382 324,5261 -44,2347 -6,3270 1234,2904 0,9657 46,0000 
53,150 21469,9452 283,4220 840,0190 324,5112 -44,2965 -6,3299 1233,9714 0,9670 46,0000 
53,200 21481,4806 272,0846 841,2989 324,4914 -44,3584 -6,3329 1233,6515 0,9683 46,0000 
53,250 21493,0030 260,7354 842,5780 324,4674 -44,4204 -6,3361 1233,3309 0,9696 46,0000 
53,300 21504,5123 249,3746 843,8563 324,4404 -44,4824 -6,3395 1233,0097 0,9709 46,0000 
53,350 21516,0083 238,0022 845,1339 324,4115 -44,5445 -6,3431 1232,6880 0,9723 46,0000 
53,400 21527,4909 226,6183 846,4107 324,3819 -44,6065 -6,3470 1232,3659 0,9736 46,0000 
53,450 21538,9602 215,2230 847,6869 324,3528 -44,6684 -6,3512 1232,0435 0,9749 46,0000 
53,500 21550,4161 203,8162 848,9624 324,3253 -44,7303 -6,3556 1231,7209 0,9762 46,0000 
53,550 21561,8588 192,3979 850,2374 324,2994 -44,7920 -6,3601 1231,3981 0,9776 46,0000 
53,600 21573,2883 180,9682 851,5118 324,2737 -44,8537 -6,3646 1231,0750 0,9789 46,0000 
53,650 21584,7046 169,5270 852,7857 324,2483 -44,9153 -6,3690 1230,7516 0,9802 46,0000 
53,700 21596,1077 158,0743 854,0589 324,2233 -44,9769 -6,3734 1230,4278 0,9815 46,0000 
53,750 21607,4976 146,6102 855,3316 324,1986 -45,0384 -6,3779 1230,1038 0,9829 46,0000 
53,800 21618,8743 135,1346 856,6037 324,1743 -45,0999 -6,3823 1229,7794 0,9842 46,0000 
53,850 21630,2378 123,6477 857,8752 324,1502 -45,1613 -6,3868 1229,4548 0,9856 46,0000 
53,900 21641,5883 112,1493 859,1462 324,1265 -45,2226 -6,3912 1229,1298 0,9869 46,0000 
53,950 21652,9256 100,6396 860,4165 324,1032 -45,2839 -6,3956 1228,8045 0,9883 46,0000 
54,000 21664,2497 89,1185 861,6863 324,0801 -45,3451 -6,4001 1228,4789 0,9896 46,0000 
54,050 21675,5608 77,5861 862,9555 324,0573 -45,4062 -6,4045 1228,1530 0,9910 46,0000 
54,100 21686,8587 66,0423 864,2241 324,0349 -45,4673 -6,4090 1227,8268 0,9923 46,0000 
54,150 21698,1436 54,4872 865,4922 324,0130 -45,5283 -6,4135 1227,5003 0,9937 46,0000 
54,200 21709,4154 42,9208 866,7597 323,9915 -45,5893 -6,4181 1227,1735 0,9950 46,0000 
54,250 21720,6742 31,3432 868,0266 323,9705 -45,6502 -6,4227 1226,8465 0,9964 46,0000 
54,300 21731,9200 19,7542 869,2930 323,9500 -45,7110 -6,4273 1226,5191 0,9978 46,0000 
54,350 21743,1527 8,1539 870,5588 323,9301 -45,7718 -6,4320 1226,1914 0,9992 46,0000 
54,3851 21751,0315 0,0000 871,4473 323,9165 -45,8144 -6,4353 1225,9611 1,0001 46,0000 
