t(c) x(м) y(м) z(м) omega_x(рад/с) teta(град) psy(град) 
0,00 0,00000 1,00000 0,00000 1562,52900 25,00000 0,00000 
0,05 42,74779 20,92153 0,00053 1561,79318 24,97327 -0,00143 
0,10 85,34568 40,74904 0,00213 1561,06037 24,94644 -0,00287 
0,15 127,79461 60,48304 0,00479 1560,33054 24,91950 -0,00431 
0,20 170,09547 80,12403 0,00851 1559,60365 24,89245 -0,00576 
0,25 212,24917 99,67253 0,01328 1558,87969 24,86529 -0,00720 
0,30 254,25662 119,12902 0,01909 1558,15863 24,83802 -0,00865 
0,35 296,11870 138,49400 0,02594 1557,44044 24,81065 -0,01011 
0,40 337,83631 157,76796 0,03383 1556,72510 24,78316 -0,01157 
0,45 379,41031 176,95140 0,04275 1556,01258 24,75557 -0,01303 
0,50 420,84159 196,04478 0,05270 1555,30286 24,72786 -0,01449 
0,55 462,13101 215,04861 0,06368 1554,59594 24,70004 -0,01598 
0,60 503,27948 233,96335 0,07572 1553,89187 24,67208 -0,01755 
0,65 544,28793 252,78948 0,08886 1553,19061 24,64398 -0,01918 
0,70 585,15728 271,52748 0,10314 1552,49214 24,61574 -0,02089 
0,75 625,88842 290,17782 0,11862 1551,79644 24,58735 -0,02267 
0,80 666,48227 308,74097 0,13533 1551,10349 24,55883 -0,02452 
0,85 706,93972 327,21739 0,15332 1550,41326 24,53016 -0,02644 
0,90 747,26166 345,60754 0,17262 1549,72573 24,50136 -0,02843 
0,95 787,44897 363,91188 0,19327 1549,04088 24,47242 -0,03049 
1,00 827,50253 382,13087 0,21532 1548,35869 24,44333 -0,03261 
1,05 867,42320 400,26496 0,23881 1547,67913 24,41411 -0,03481 
1,10 907,21183 418,31459 0,26375 1547,00213 24,38477 -0,03702 
1,15 946,86918 436,28020 0,29013 1546,32759 24,35534 -0,03920 
1,20 986,39601 454,16222 0,31792 1545,65551 24,32581 -0,04135 
1,25 1025,79305 471,96108 0,34708 1544,98587 24,29619 -0,04346 
1,30 1065,06105 489,67721 0,37757 1544,31864 24,26647 -0,04554 
1,35 1104,20072 507,31103 0,40938 1543,65381 24,23666 -0,04758 
1,40 1143,21280 524,86296 0,44247 1542,99130 24,20675 -0,04960 
1,45 1182,09799 542,33340 0,47680 1542,33110 24,17674 -0,05158 
1,50 1220,85701 559,72276 0,51237 1541,67325 24,14660 -0,05360 
1,55 1259,49067 577,03146 0,54922 1541,01782 24,11632 -0,05570 
1,60 1297,99979 594,25992 0,58739 1540,36477 24,08589 -0,05790 
1,65 1336,38516 611,40854 0,62694 1539,71410 24,05530 -0,06018 
1,70 1374,64759 628,47772 0,66791 1539,06579 24,02457 -0,06254 
1,75 1412,78787 645,46787 0,71035 1538,41981 23,99369 -0,06499 
1,80 1450,80679 662,37940 0,75431 1537,77617 23,96266 -0,06753 
1,85 1488,70514 679,21270 0,79984 1537,13483 23,93148 -0,07015 
1,90 1526,48369 695,96816 0,84698 1536,49578 23,90015 -0,07285 
1,95 1564,14321 712,64618 0,89578 1535,85901 23,86868 -0,07564 
2,00 1601,68446 729,24715 0,94628 1535,22449 23,83706 -0,07850 
2,05 1639,10818 745,77145 0,99850 1534,59222 23,80529 -0,08144 
2,10 1676,41517 762,21947 1,05252 1533,96224 23,77336 -0,08451 
2,15 1713,60623 778,59159 1,10841 1533,33453 23,74125 -0,08771 
2,20 1750,68213 794,88821 1,16623 1532,70909 23,70898 -0,09104 
2,25 1787,64367 811,10971 1,22607 1532,08590 23,67654 -0,09450 
2,30 1824,49163 827,25645 1,28799 1531,46493 23,64393 -0,09808 
2,35 1861,22677 843,32882 1,35205 1530,84618 23,61116 -0,10178 
2,40 1897,84986 859,32720 1,41832 1530,22962 23,57822 -0,10560 
2,45 1934,36166 875,25194 1,48687 1529,61526 23,54512 -0,10955 
2,50 1970,76292 891,10342 1,55775 1529,00307 23,51185 -0,11361 
2,55 2007,05437 906,88201 1,63102 1528,39300 23,47843 -0,11776 
2,60 2043,23669 922,58805 1,70671 1527,78496 23,44489 -0,12194 
2,65 2079,31052 938,22190 1,78480 1527,17895 23,41123 -0,12614 
2,70 2115,27648 953,78390 1,86530 1526,57495 23,37744 -0,13036 
2,75 2151,13522 969,27441 1,94822 1525,97295 23,34353 -0,13460 
2,80 2186,88735 984,69375 2,03354 1525,37293 23,30950 -0,13887 
2,85 2222,53350 1000,04227 2,12127 1524,77489 23,27535 -0,14316 
2,90 2258,07429 1015,32030 2,21141 1524,17879 23,24107 -0,14747 
2,95 2293,51031 1030,52818 2,30396 1523,58461 23,20666 -0,15182 
3,00 2328,84219 1045,66624 2,39893 1522,99233 23,17213 -0,15620 
3,05 2364,07053 1060,73479 2,49632 1522,40194 23,13747 -0,16061 
3,10 2399,19593 1075,73418 2,59614 1521,81342 23,10268 -0,16505 
3,15 2434,21894 1090,66471 2,69838 1521,22669 23,06779 -0,16945 
3,20 2469,14008 1105,52669 2,80298 1520,64171 23,03282 -0,17378 
3,25 2503,95983 1120,32042 2,90989 1520,05847 22,99776 -0,17806 
3,30 2538,67868 1135,04623 3,01907 1519,47696 22,96261 -0,18227 
3,35 2573,29714 1149,70439 3,13046 1518,89716 22,92737 -0,18643 
3,40 2607,81567 1164,29522 3,24401 1518,31908 22,89204 -0,19052 
3,45 2642,23477 1178,81901 3,35968 1517,74271 22,85663 -0,19456 
3,50 2676,55490 1193,27606 3,47741 1517,16803 22,82112 -0,19853 
3,55 2710,77656 1207,66666 3,59716 1516,59502 22,78552 -0,20245 
3,60 2744,90018 1221,99110 3,71888 1516,02366 22,74984 -0,20627 
3,65 2778,92624 1236,24966 3,84250 1515,45399 22,71406 -0,21006 
3,70 2812,85524 1250,44265 3,96801 1514,88606 22,67817 -0,21385 
3,75 2846,68771 1264,57035 4,09540 1514,31985 22,64216 -0,21764 
3,80 2880,42417 1278,63304 4,22467 1513,75537 22,60602 -0,22144 
3,85 2914,06514 1292,63103 4,35580 1513,19259 22,56977 -0,22524 
3,90 2947,61113 1306,56460 4,48879 1512,63151 22,53341 -0,22904 
3,95 2981,06265 1320,43403 4,62362 1512,07213 22,49692 -0,23284 
4,00 3014,42022 1334,23961 4,76029 1511,51443 22,46031 -0,23665 
4,05 3047,68433 1347,98161 4,89879 1510,95840 22,42359 -0,24046 
4,10 3080,85548 1361,66031 5,03911 1510,40404 22,38674 -0,24428 
4,15 3113,93418 1375,27599 5,18124 1509,85135 22,34978 -0,24809 
4,20 3146,92091 1388,82893 5,32517 1509,30030 22,31269 -0,25191 
4,25 3179,81617 1402,31939 5,47090 1508,75090 22,27549 -0,25574 
4,30 3212,62044 1415,74765 5,61841 1508,20313 22,23817 -0,25956 
4,35 3245,33420 1429,11398 5,76771 1507,65699 22,20073 -0,26339 
4,40 3277,95795 1442,41865 5,91878 1507,11248 22,16316 -0,26724 
4,45 3310,49216 1455,66191 6,07161 1506,56960 22,12547 -0,27109 
4,50 3342,93733 1468,84404 6,22622 1506,02833 22,08765 -0,27496 
4,55 3375,29393 1481,96529 6,38260 1505,48867 22,04971 -0,27884 
4,60 3407,56244 1495,02593 6,54074 1504,95062 22,01164 -0,28274 
4,65 3439,74334 1508,02623 6,70064 1504,41415 21,97345 -0,28665 
4,70 3471,83709 1520,96642 6,86230 1503,87923 21,93513 -0,29057 
4,75 3503,84415 1533,84677 7,02572 1503,34585 21,89669 -0,29451 
4,80 3535,76498 1546,66752 7,19090 1502,81400 21,85812 -0,29845 
4,85 3567,60003 1559,42893 7,35783 1502,28367 21,81943 -0,30242 
4,90 3599,34976 1572,13124 7,52651 1501,75486 21,78061 -0,30639 
4,95 3631,01462 1584,77470 7,69694 1501,22756 21,74167 -0,31038 
5,00 3662,59505 1597,35955 7,86912 1500,70176 21,70260 -0,31438 
5,05 3694,09149 1609,88604 8,04304 1500,17746 21,66340 -0,31839 
5,10 3725,50438 1622,35440 8,21871 1499,65465 21,62408 -0,32242 
5,15 3756,83417 1634,76488 8,39611 1499,13332 21,58463 -0,32645 
5,20 3788,08127 1647,11771 8,57525 1498,61346 21,54506 -0,33050 
5,25 3819,24613 1659,41312 8,75613 1498,09507 21,50536 -0,33456 
5,30 3850,32917 1671,65136 8,93874 1497,57815 21,46553 -0,33863 
5,35 3881,33081 1683,83264 9,12307 1497,06268 21,42558 -0,34272 
5,40 3912,25147 1695,95722 9,30913 1496,54866 21,38550 -0,34681 
5,45 3943,09158 1708,02530 9,49691 1496,03608 21,34530 -0,35092 
5,50 3973,85155 1720,03713 9,68641 1495,52494 21,30497 -0,35504 
5,55 4004,53179 1731,99292 9,87763 1495,01522 21,26451 -0,35917 
5,60 4035,13271 1743,89291 10,07057 1494,50693 21,22392 -0,36331 
5,65 4065,65473 1755,73731 10,26521 1494,00006 21,18321 -0,36746 
5,70 4096,09824 1767,52634 10,46156 1493,49460 21,14237 -0,37162 
5,75 4126,46365 1779,26024 10,65962 1492,99054 21,10141 -0,37580 
5,80 4156,75135 1790,93920 10,85939 1492,48789 21,06031 -0,37998 
5,85 4186,96176 1802,56346 11,06085 1491,98662 21,01909 -0,38418 
5,90 4217,09524 1814,13323 11,26401 1491,48672 20,97775 -0,38838 
5,95 4247,15220 1825,64871 11,46885 1490,98819 20,93628 -0,39257 
6,00 4277,13298 1837,11012 11,67537 1490,49100 20,89470 -0,39676 
6,05 4307,03798 1848,51767 11,88355 1489,99516 20,85299 -0,40095 
6,10 4336,86755 1859,87157 12,09338 1489,50066 20,81116 -0,40513 
6,15 4366,62207 1871,17202 12,30486 1489,00749 20,76920 -0,40930 
6,20 4396,30190 1882,41923 12,51797 1488,51566 20,72713 -0,41347 
6,25 4425,90741 1893,61340 12,73269 1488,02514 20,68493 -0,41764 
6,30 4455,43894 1904,75473 12,94903 1487,53594 20,64261 -0,42181 
6,35 4484,89687 1915,84342 13,16697 1487,04805 20,60017 -0,42597 
6,40 4514,28153 1926,87968 13,38650 1486,56147 20,55760 -0,43012 
6,45 4543,59330 1937,86370 13,60761 1486,07619 20,51491 -0,43427 
6,50 4572,83252 1948,79567 13,83029 1485,59220 20,47210 -0,43842 
6,55 4601,99953 1959,67580 14,05453 1485,10950 20,42916 -0,44257 
6,60 4631,09469 1970,50428 14,28033 1484,62808 20,38610 -0,44671 
6,65 4660,11834 1981,28130 14,50766 1484,14794 20,34292 -0,45084 
6,70 4689,07081 1992,00705 14,73653 1483,66907 20,29961 -0,45498 
6,75 4717,95246 2002,68172 14,96692 1483,19147 20,25617 -0,45911 
6,80 4746,76361 2013,30550 15,19883 1482,71511 20,21262 -0,46324 
6,85 4775,50461 2023,87858 15,43224 1482,23999 20,16893 -0,46738 
6,90 4804,17578 2034,40115 15,66716 1481,76610 20,12511 -0,47152 
6,95 4832,77747 2044,87338 15,90358 1481,29343 20,08117 -0,47566 
7,00 4861,31001 2055,29546 16,14149 1480,82198 20,03710 -0,47981 
7,05 4889,77372 2065,66758 16,38088 1480,35174 19,99291 -0,48396 
7,10 4918,16893 2075,98991 16,62176 1479,88271 19,94858 -0,48811 
7,15 4946,49596 2086,26263 16,86412 1479,41489 19,90413 -0,49227 
7,20 4974,75515 2096,48592 17,10795 1478,94827 19,85954 -0,49643 
7,25 5002,94680 2106,65997 17,35324 1478,48284 19,81483 -0,50060 
7,30 5031,07124 2116,78494 17,60000 1478,01860 19,76999 -0,50477 
7,35 5059,12878 2126,86101 17,84821 1477,55554 19,72503 -0,50894 
7,40 5087,11974 2136,88835 18,09787 1477,09367 19,67993 -0,51312 
7,45 5115,04444 2146,86714 18,34898 1476,63297 19,63470 -0,51730 
7,50 5142,90317 2156,79755 18,60153 1476,17343 19,58935 -0,52149 
7,55 5170,69626 2166,67974 18,85551 1475,71507 19,54386 -0,52568 
7,60 5198,42400 2176,51390 19,11093 1475,25786 19,49825 -0,52987 
7,65 5226,08671 2186,30018 19,36777 1474,80181 19,45250 -0,53407 
7,70 5253,68468 2196,03875 19,62604 1474,34691 19,40663 -0,53827 
7,75 5281,21822 2205,72979 19,88572 1473,89315 19,36062 -0,54247 
7,80 5308,68763 2215,37345 20,14681 1473,44053 19,31449 -0,54668 
7,85 5336,09319 2224,96989 20,40931 1472,98906 19,26823 -0,55089 
7,90 5363,43522 2234,51929 20,67322 1472,53871 19,22183 -0,55511 
7,95 5390,71400 2244,02180 20,93852 1472,08949 19,17531 -0,55933 
8,00 5417,92982 2253,47758 21,20521 1471,64139 19,12865 -0,56355 
8,05 5445,08298 2262,88680 21,47330 1471,19441 19,08187 -0,56778 
8,10 5472,17375 2272,24961 21,74277 1470,74855 19,03495 -0,57201 
8,15 5499,20244 2281,56617 22,01361 1470,30379 18,98790 -0,57625 
8,20 5526,16932 2290,83663 22,28584 1469,86014 18,94072 -0,58049 
8,25 5553,07467 2300,06116 22,55943 1469,41758 18,89341 -0,58473 
8,30 5579,91878 2309,23990 22,83439 1468,97613 18,84597 -0,58898 
8,35 5606,70192 2318,37301 23,11071 1468,53576 18,79840 -0,59323 
8,40 5633,42438 2327,46065 23,38840 1468,09648 18,75070 -0,59748 
8,45 5660,08643 2336,50296 23,66743 1467,65828 18,70286 -0,60174 
8,50 5686,68834 2345,50009 23,94781 1467,22115 18,65489 -0,60601 
8,55 5713,23038 2354,45220 24,22954 1466,78510 18,60679 -0,61027 
8,60 5739,71283 2363,35943 24,51261 1466,35012 18,55856 -0,61455 
8,65 5766,13596 2372,22193 24,79702 1465,91620 18,51020 -0,61882 
8,70 5792,50002 2381,03985 25,08276 1465,48334 18,46170 -0,62310 
8,75 5818,80529 2389,81333 25,36983 1465,05154 18,41307 -0,62738 
8,80 5845,05204 2398,54252 25,65822 1464,62079 18,36431 -0,63167 
8,85 5871,24051 2407,22757 25,94793 1464,19108 18,31542 -0,63596 
8,90 5897,37099 2415,86861 26,23896 1463,76242 18,26639 -0,64026 
8,95 5923,44371 2424,46578 26,53130 1463,33481 18,21723 -0,64456 
9,00 5949,45896 2433,01924 26,82496 1462,90823 18,16793 -0,64887 
9,05 5975,41698 2441,52912 27,11992 1462,48270 18,11850 -0,65320 
9,10 6001,31804 2449,99556 27,41620 1462,05821 18,06893 -0,65753 
9,15 6027,16240 2458,41870 27,71378 1461,63475 18,01923 -0,66187 
9,20 6052,95031 2466,79868 28,01267 1461,21231 17,96939 -0,66623 
9,25 6078,68203 2475,13564 28,31287 1460,79090 17,91942 -0,67059 
9,30 6104,35782 2483,42971 28,61437 1460,37051 17,86931 -0,67497 
9,35 6129,97791 2491,68103 28,91718 1459,95114 17,81906 -0,67935 
9,40 6155,54257 2499,88973 29,22129 1459,53277 17,76868 -0,68374 
9,45 6181,05205 2508,05596 29,52670 1459,11540 17,71817 -0,68815 
9,50 6206,50658 2516,17983 29,83342 1458,69902 17,66751 -0,69256 
9,55 6231,90641 2524,26148 30,14143 1458,28361 17,61672 -0,69698 
9,60 6257,25178 2532,30105 30,45075 1457,86917 17,56580 -0,70142 
9,65 6282,54293 2540,29866 30,76136 1457,45571 17,51474 -0,70586 
9,70 6307,78010 2548,25444 31,07326 1457,04320 17,46354 -0,71031 
9,75 6332,96352 2556,16853 31,38646 1456,63166 17,41221 -0,71477 
9,80 6358,09344 2564,04104 31,70095 1456,22108 17,36074 -0,71924 
9,85 6383,17008 2571,87210 32,01674 1455,81146 17,30913 -0,72371 
9,90 6408,19368 2579,66185 32,33381 1455,40278 17,25739 -0,72820 
9,95 6433,16447 2587,41040 32,65217 1454,99505 17,20551 -0,73270 
10,00 6458,08267 2595,11788 32,97183 1454,58826 17,15349 -0,73721 
10,05 6482,94852 2602,78441 33,29276 1454,18241 17,10134 -0,74172 
10,10 6507,76225 2610,41012 33,61499 1453,77752 17,04904 -0,74626 
10,15 6532,52409 2617,99513 33,93851 1453,37359 16,99661 -0,75082 
10,20 6557,23429 2625,53957 34,26332 1452,97062 16,94403 -0,75541 
10,25 6581,89308 2633,04355 34,58944 1452,56860 16,89131 -0,76001 
10,30 6606,50069 2640,50720 34,91687 1452,16753 16,83845 -0,76464 
10,35 6631,05736 2647,93063 35,24560 1451,76740 16,78544 -0,76930 
10,40 6655,56332 2655,31398 35,57566 1451,36822 16,73230 -0,77399 
10,45 6680,01880 2662,65735 35,90705 1450,96997 16,67901 -0,77871 
10,50 6704,42402 2669,96086 36,23977 1450,57266 16,62558 -0,78345 
10,55 6728,77921 2677,22464 36,57383 1450,17628 16,57201 -0,78821 
10,60 6753,08461 2684,44880 36,90924 1449,78082 16,51830 -0,79300 
10,65 6777,34042 2691,63346 37,24598 1449,38629 16,46444 -0,79781 
10,70 6801,54688 2698,77873 37,58408 1448,99267 16,41045 -0,80264 
10,75 6825,70421 2705,88473 37,92354 1448,59996 16,35631 -0,80748 
10,80 6849,81261 2712,95156 38,26435 1448,20812 16,30204 -0,81234 
10,85 6873,87228 2719,97935 38,60651 1447,81715 16,24763 -0,81719 
10,90 6897,88343 2726,96820 38,95001 1447,42705 16,19309 -0,82205 
10,95 6921,84625 2733,91821 39,29486 1447,03781 16,13841 -0,82692 
11,00 6945,76094 2740,82951 39,64104 1446,64943 16,08360 -0,83178 
11,05 6969,62771 2747,70220 39,98857 1446,26191 16,02865 -0,83666 
11,10 6993,44674 2754,53639 40,33742 1445,87524 15,97356 -0,84153 
11,15 7017,21824 2761,33218 40,68760 1445,48942 15,91834 -0,84642 
11,20 7040,94238 2768,08968 41,03911 1445,10444 15,86298 -0,85130 
11,25 7064,61938 2774,80899 41,39194 1444,72031 15,80748 -0,85619 
11,30 7088,24941 2781,49023 41,74608 1444,33701 15,75185 -0,86108 
11,35 7111,83268 2788,13350 42,10155 1443,95455 15,69608 -0,86598 
11,40 7135,36936 2794,73890 42,45832 1443,57293 15,64018 -0,87088 
11,45 7158,85965 2801,30653 42,81640 1443,19213 15,58413 -0,87579 
11,50 7182,30373 2807,83650 43,17578 1442,81216 15,52796 -0,88070 
11,55 7205,70180 2814,32891 43,53647 1442,43300 15,47164 -0,88562 
11,60 7229,05402 2820,78387 43,89845 1442,05467 15,41519 -0,89053 
11,65 7252,36060 2827,20146 44,26173 1441,67715 15,35860 -0,89546 
11,70 7275,62170 2833,58180 44,62630 1441,30045 15,30187 -0,90038 
11,75 7298,83752 2839,92499 44,99216 1440,92455 15,24501 -0,90532 
11,80 7322,00823 2846,23111 45,35930 1440,54946 15,18801 -0,91025 
11,85 7345,13401 2852,50028 45,72773 1440,17517 15,13088 -0,91519 
11,90 7368,21505 2858,73259 46,09743 1439,80168 15,07360 -0,92013 
11,95 7391,25151 2864,92813 46,46841 1439,42898 15,01619 -0,92508 
12,00 7414,24357 2871,08701 46,84065 1439,05708 14,95864 -0,93003 
12,05 7437,19142 2877,20932 47,21417 1438,68597 14,90095 -0,93499 
12,10 7460,09522 2883,29516 47,58896 1438,31564 14,84313 -0,93995 
12,15 7482,95514 2889,34462 47,96500 1437,94609 14,78517 -0,94491 
12,20 7505,77137 2895,35780 48,34231 1437,57733 14,72707 -0,94988 
12,25 7528,54407 2901,33478 48,72087 1437,20934 14,66883 -0,95485 
12,30 7551,27340 2907,27567 49,10068 1436,84212 14,61046 -0,95983 
12,35 7573,95955 2913,18056 49,48175 1436,47567 14,55195 -0,96481 
12,40 7596,60268 2919,04954 49,86406 1436,10999 14,49330 -0,96980 
12,45 7619,20295 2924,88271 50,24761 1435,74508 14,43451 -0,97479 
12,50 7641,76054 2930,68014 50,63241 1435,38092 14,37559 -0,97978 
12,55 7664,27560 2936,44194 51,01845 1435,01752 14,31652 -0,98477 
12,60 7686,74830 2942,16820 51,40572 1434,65487 14,25732 -0,98978 
12,65 7709,17882 2947,85901 51,79422 1434,29298 14,19798 -0,99478 
12,70 7731,56729 2953,51444 52,18395 1433,93184 14,13851 -0,99979 
12,75 7753,91390 2959,13461 52,57490 1433,57143 14,07889 -1,00480 
12,80 7776,21880 2964,71958 52,96708 1433,21178 14,01914 -1,00982 
12,85 7798,48215 2970,26945 53,36048 1432,85285 13,95925 -1,01484 
12,90 7820,70411 2975,78432 53,75510 1432,49467 13,89922 -1,01986 
12,95 7842,88484 2981,26425 54,15093 1432,13722 13,83905 -1,02489 
13,00 7865,02449 2986,70935 54,54797 1431,78050 13,77874 -1,02993 
13,05 7887,12323 2992,11970 54,94623 1431,42450 13,71830 -1,03496 
13,10 7909,18119 2997,49537 55,34568 1431,06923 13,65772 -1,04000 
13,15 7931,19855 3002,83647 55,74634 1430,71468 13,59700 -1,04505 
13,20 7953,17545 3008,14307 56,14821 1430,36084 13,53614 -1,05010 
13,25 7975,11205 3013,41525 56,55127 1430,00771 13,47514 -1,05516 
13,30 7997,00851 3018,65310 56,95552 1429,65529 13,41400 -1,06022 
13,35 8018,86496 3023,85670 57,36098 1429,30358 13,35272 -1,06530 
13,40 8040,68158 3029,02614 57,76763 1428,95256 13,29130 -1,07038 
13,45 8062,45850 3034,16150 58,17547 1428,60225 13,22975 -1,07547 
13,50 8084,19587 3039,26285 58,58450 1428,25264 13,16805 -1,08056 
13,55 8105,89496 3044,33055 58,99475 1427,90370 13,10622 -1,08566 
13,60 8127,56036 3049,36570 59,40629 1427,55541 13,04426 -1,09077 
13,65 8149,19327 3054,36862 59,81914 1427,20775 12,98218 -1,09589 
13,70 8170,79383 3059,33939 60,23331 1426,86072 12,91999 -1,10101 
13,75 8192,36215 3064,27806 60,64879 1426,51432 12,85767 -1,10613 
13,80 8213,89835 3069,18470 61,06557 1426,16853 12,79523 -1,11127 
13,85 8235,40252 3074,05939 61,48367 1425,82337 12,73268 -1,11640 
13,90 8256,87480 3078,90217 61,90307 1425,47882 12,67000 -1,12155 
13,95 8278,31529 3083,71311 62,32378 1425,13489 12,60720 -1,12670 
14,00 8299,72411 3088,49228 62,74579 1424,79156 12,54428 -1,13185 
14,05 8321,10137 3093,23974 63,16911 1424,44885 12,48125 -1,13701 
14,10 8342,44717 3097,95555 63,59372 1424,10674 12,41809 -1,14218 
14,15 8363,76164 3102,63978 64,01964 1423,76524 12,35482 -1,14735 
14,20 8385,04488 3107,29248 64,44686 1423,42434 12,29142 -1,15253 
14,25 8406,29700 3111,91372 64,87537 1423,08404 12,22791 -1,15771 
14,30 8427,51812 3116,50356 65,30519 1422,74433 12,16427 -1,16290 
14,35 8448,70833 3121,06206 65,73629 1422,40522 12,10052 -1,16810 
14,40 8469,86775 3125,58928 66,16869 1422,06670 12,03664 -1,17330 
14,45 8490,99650 3130,08529 66,60239 1421,72877 11,97265 -1,17850 
14,50 8512,09466 3134,55013 67,03737 1421,39142 11,90854 -1,18372 
14,55 8533,16237 3138,98388 67,47365 1421,05466 11,84431 -1,18893 
14,60 8554,19971 3143,38659 67,91121 1420,71847 11,77996 -1,19415 
14,65 8575,20680 3147,75832 68,35006 1420,38287 11,71550 -1,19938 
14,70 8596,18374 3152,09913 68,79019 1420,04784 11,65091 -1,20461 
14,75 8617,13063 3156,40907 69,23161 1419,71338 11,58621 -1,20985 
14,80 8638,04760 3160,68822 69,67432 1419,37950 11,52138 -1,21510 
14,85 8658,93473 3164,93662 70,11830 1419,04618 11,45644 -1,22034 
14,90 8679,79213 3169,15433 70,56357 1418,71343 11,39138 -1,22560 
14,95 8700,61990 3173,34141 71,01011 1418,38124 11,32620 -1,23086 
15,00 8721,41816 3177,49792 71,45794 1418,04962 11,26091 -1,23612 
15,05 8742,18699 3181,62391 71,90703 1417,71855 11,19549 -1,24139 
15,10 8762,92651 3185,71944 72,35741 1417,38803 11,12996 -1,24666 
15,15 8783,63682 3189,78457 72,80906 1417,05807 11,06431 -1,25194 
15,20 8804,31801 3193,81936 73,26198 1416,72866 10,99855 -1,25723 
15,25 8824,97019 3197,82385 73,71617 1416,39980 10,93266 -1,26251 
15,30 8845,59346 3201,79811 74,17163 1416,07149 10,86666 -1,26781 
15,35 8866,18791 3205,74219 74,62836 1415,74372 10,80054 -1,27311 
15,40 8886,75366 3209,65614 75,08635 1415,41649 10,73430 -1,27841 
15,45 8907,29079 3213,54003 75,54562 1415,08979 10,66795 -1,28372 
15,50 8927,79940 3217,39389 76,00614 1414,76364 10,60148 -1,28903 
15,55 8948,27961 3221,21780 76,46793 1414,43802 10,53489 -1,29435 
15,60 8968,73149 3225,01180 76,93098 1414,11293 10,46819 -1,29967 
15,65 8989,15515 3228,77594 77,39529 1413,78836 10,40137 -1,30500 
15,70 9009,55069 3232,51029 77,86086 1413,46433 10,33443 -1,31033 
15,75 9029,91820 3236,21488 78,32769 1413,14082 10,26738 -1,31567 
15,80 9050,25778 3239,88978 78,79577 1412,81783 10,20021 -1,32101 
15,85 9070,56953 3243,53504 79,26511 1412,49536 10,13293 -1,32636 
15,90 9090,85353 3247,15071 79,73570 1412,17341 10,06553 -1,33171 
15,95 9111,10989 3250,73684 80,20755 1411,85197 9,99801 -1,33706 
16,00 9131,33870 3254,29349 80,68064 1411,53104 9,93038 -1,34242 
16,05 9151,54005 3257,82070 81,15499 1411,21063 9,86263 -1,34779 
16,10 9171,71404 3261,31852 81,63058 1410,89072 9,79477 -1,35316 
16,15 9191,86076 3264,78702 82,10742 1410,57131 9,72679 -1,35853 
16,20 9211,98030 3268,22623 82,58550 1410,25241 9,65870 -1,36391 
16,25 9232,07276 3271,63621 83,06483 1409,93401 9,59049 -1,36929 
16,30 9252,13822 3275,01701 83,54540 1409,61611 9,52217 -1,37468 
16,35 9272,17679 3278,36868 84,02722 1409,29871 9,45373 -1,38007 
16,40 9292,18854 3281,69127 84,51027 1408,98179 9,38518 -1,38546 
16,45 9312,17357 3284,98483 84,99456 1408,66537 9,31652 -1,39086 
16,50 9332,13197 3288,24941 85,48009 1408,34944 9,24774 -1,39626 
16,55 9352,06384 3291,48505 85,96685 1408,03400 9,17884 -1,40167 
16,60 9371,96926 3294,69181 86,45485 1407,71904 9,10984 -1,40708 
16,65 9391,84834 3297,86973 86,94409 1407,40456 9,04072 -1,41249 
16,70 9411,70117 3301,01888 87,43455 1407,09056 8,97148 -1,41791 
16,75 9431,52785 3304,13928 87,92624 1406,77703 8,90214 -1,42333 
16,80 9451,32847 3307,23101 88,41916 1406,46399 8,83268 -1,42875 
16,85 9471,10313 3310,29409 88,91331 1406,15141 8,76311 -1,43418 
16,90 9490,85192 3313,32859 89,40869 1405,83931 8,69342 -1,43961 
16,95 9510,57493 3316,33454 89,90529 1405,52767 8,62362 -1,44504 
17,00 9530,27226 3319,31200 90,40311 1405,21650 8,55372 -1,45048 
17,05 9549,94399 3322,26102 90,90215 1404,90579 8,48370 -1,45592 
17,10 9569,59021 3325,18164 91,40242 1404,59555 8,41356 -1,46136 
17,15 9589,21103 3328,07390 91,90390 1404,28576 8,34332 -1,46681 
17,20 9608,80651 3330,93786 92,40660 1403,97643 8,27296 -1,47226 
17,25 9628,37677 3333,77356 92,91052 1403,66755 8,20250 -1,47771 
17,30 9647,92187 3336,58105 93,41565 1403,35913 8,13192 -1,48317 
17,35 9667,44191 3339,36037 93,92199 1403,05116 8,06123 -1,48863 
17,40 9686,93698 3342,11157 94,42954 1402,74363 7,99044 -1,49409 
17,45 9706,40717 3344,83469 94,93831 1402,43655 7,91953 -1,49956 
17,50 9725,85255 3347,52978 95,44828 1402,12991 7,84851 -1,50503 
17,55 9745,27323 3350,19688 95,95946 1401,82371 7,77738 -1,51050 
17,60 9764,66927 3352,83604 96,47185 1401,51795 7,70614 -1,51597 
17,65 9784,04078 3355,44730 96,98544 1401,21263 7,63480 -1,52145 
17,70 9803,38783 3358,03070 97,50023 1400,90774 7,56334 -1,52693 
17,75 9822,71051 3360,58630 98,01623 1400,60329 7,49177 -1,53242 
17,80 9842,00891 3363,11413 98,53343 1400,29926 7,42010 -1,53790 
17,85 9861,28310 3365,61424 99,05182 1399,99566 7,34832 -1,54339 
17,90 9880,53318 3368,08667 99,57141 1399,69249 7,27643 -1,54888 
17,95 9899,75923 3370,53146 100,09220 1399,38974 7,20443 -1,55438 
18,00 9918,96133 3372,94866 100,61419 1399,08741 7,13232 -1,55988 
18,05 9938,13957 3375,33831 101,13736 1398,78550 7,06011 -1,56538 
18,10 9957,29403 3377,70045 101,66173 1398,48401 6,98779 -1,57088 
18,15 9976,42479 3380,03512 102,18729 1398,18293 6,91536 -1,57638 
18,20 9995,53195 3382,34237 102,71404 1397,88227 6,84282 -1,58189 
18,25 10014,61557 3384,62224 103,24198 1397,58201 6,77018 -1,58740 
18,30 10033,67575 3386,87476 103,77110 1397,28217 6,69743 -1,59291 
18,35 10052,71257 3389,09999 104,30140 1396,98272 6,62458 -1,59843 
18,40 10071,72611 3391,29796 104,83289 1396,68369 6,55162 -1,60394 
18,45 10090,71646 3393,46872 105,36557 1396,38505 6,47855 -1,60946 
18,50 10109,68370 3395,61230 105,89942 1396,08681 6,40538 -1,61498 
18,55 10128,62791 3397,72874 106,43445 1395,78897 6,33210 -1,62051 
18,60 10147,54918 3399,81809 106,97066 1395,49153 6,25872 -1,62603 
18,65 10166,44759 3401,88039 107,50804 1395,19447 6,18524 -1,63155 
18,70 10185,32322 3403,91568 108,04661 1394,89781 6,11165 -1,63715 
18,75 10204,17615 3405,92399 108,58638 1394,60153 6,03796 -1,64277 
18,80 10223,00647 3407,90537 109,12735 1394,30563 5,96416 -1,64839 
18,85 10241,81426 3409,85985 109,66952 1394,01011 5,89026 -1,65402 
18,90 10260,59960 3411,78748 110,21289 1393,71497 5,81626 -1,65964 
18,95 10279,36257 3413,68830 110,75746 1393,42021 5,74215 -1,66527 
19,00 10298,10326 3415,56234 111,30322 1393,12582 5,66795 -1,67090 
19,05 10316,82174 3417,40964 111,85018 1392,83181 5,59364 -1,67654 
19,10 10335,51811 3419,23025 112,39833 1392,53816 5,51923 -1,68217 
19,15 10354,19244 3421,02420 112,94768 1392,24488 5,44472 -1,68781 
19,20 10372,84481 3422,79152 113,49821 1391,95197 5,37010 -1,69345 
19,25 10391,47531 3424,53226 114,04994 1391,65943 5,29539 -1,69910 
19,30 10410,08403 3426,24646 114,60286 1391,36724 5,22058 -1,70475 
19,35 10428,67104 3427,93415 115,15697 1391,07542 5,14566 -1,71040 
19,40 10447,23642 3429,59537 115,71226 1390,78395 5,07065 -1,71605 
19,45 10465,78027 3431,23016 116,26875 1390,49284 4,99553 -1,72170 
19,50 10484,30266 3432,83855 116,82641 1390,20208 4,92032 -1,72736 
19,55 10502,80367 3434,42059 117,38527 1389,91167 4,84501 -1,73301 
19,60 10521,28340 3435,97631 117,94530 1389,62161 4,76960 -1,73867 
19,65 10539,74192 3437,50574 118,50652 1389,33190 4,69409 -1,74433 
19,70 10558,17932 3439,00892 119,06892 1389,04254 4,61849 -1,75000 
19,75 10576,59567 3440,48590 119,63250 1388,75352 4,54278 -1,75566 
19,80 10594,99107 3441,93669 120,19726 1388,46483 4,46698 -1,76133 
19,85 10613,36560 3443,36135 120,76320 1388,17649 4,39109 -1,76700 
19,90 10631,71933 3444,75991 121,33032 1387,88849 4,31509 -1,77267 
19,95 10650,05237 3446,13240 121,89861 1387,60082 4,23901 -1,77834 
20,00 10668,36478 3447,47885 122,46808 1387,31348 4,16282 -1,78401 
20,05 10686,65665 3448,79931 123,03872 1387,02647 4,08654 -1,78969 
20,10 10704,92807 3450,09381 123,61054 1386,73980 4,01017 -1,79536 
20,15 10723,17913 3451,36238 124,18353 1386,45344 3,93370 -1,80104 
20,20 10741,40989 3452,60506 124,75769 1386,16742 3,85713 -1,80672 
20,25 10759,62046 3453,82188 125,33302 1385,88171 3,78048 -1,81240 
20,30 10777,81091 3455,01287 125,90952 1385,59633 3,70373 -1,81808 
20,35 10795,98132 3456,17807 126,48719 1385,31126 3,62688 -1,82376 
20,40 10814,13179 3457,31752 127,06603 1385,02651 3,54995 -1,82944 
20,45 10832,26240 3458,43125 127,64603 1384,74208 3,47292 -1,83513 
20,50 10850,37322 3459,51928 128,22720 1384,45795 3,39580 -1,84081 
20,55 10868,46435 3460,58166 128,80953 1384,17414 3,31859 -1,84649 
20,60 10886,53587 3461,61842 129,39303 1383,89063 3,24129 -1,85218 
20,65 10904,58786 3462,62959 129,97769 1383,60743 3,16390 -1,85786 
20,70 10922,62042 3463,61519 130,56351 1383,32453 3,08642 -1,86355 
20,75 10940,63361 3464,57528 131,15049 1383,04194 3,00884 -1,86924 
20,80 10958,62753 3465,50987 131,73863 1382,75964 2,93118 -1,87492 
20,85 10976,60227 3466,41899 132,32793 1382,47764 2,85343 -1,88061 
20,90 10994,55790 3467,30269 132,91839 1382,19594 2,77559 -1,88630 
20,95 11012,49451 3468,16099 133,51001 1381,91453 2,69767 -1,89198 
21,00 11030,41219 3468,99393 134,10278 1381,63341 2,61965 -1,89767 
21,05 11048,31102 3469,80152 134,69670 1381,35259 2,54155 -1,90336 
21,10 11066,19108 3470,58382 135,29178 1381,07204 2,46337 -1,90904 
21,15 11084,05246 3471,34084 135,88802 1380,79179 2,38509 -1,91473 
21,20 11101,89525 3472,07261 136,48540 1380,51181 2,30674 -1,92042 
21,25 11119,71952 3472,77917 137,08394 1380,23212 2,22829 -1,92610 
21,30 11137,52537 3473,46055 137,68363 1379,95271 2,14976 -1,93179 
21,35 11155,31287 3474,11677 138,28446 1379,67357 2,07115 -1,93748 
21,40 11173,08211 3474,74787 138,88645 1379,39471 1,99245 -1,94316 
21,45 11190,83318 3475,35388 139,48958 1379,11612 1,91367 -1,94885 
21,50 11208,56615 3475,93482 140,09386 1378,83780 1,83481 -1,95453 
21,55 11226,28112 3476,49072 140,69928 1378,55975 1,75586 -1,96021 
21,60 11243,97817 3477,02162 141,30585 1378,28197 1,67683 -1,96590 
21,65 11261,65738 3477,52753 141,91356 1378,00445 1,59773 -1,97158 
21,70 11279,31883 3478,00850 142,52242 1377,72720 1,51853 -1,97726 
21,75 11296,96261 3478,46454 143,13242 1377,45020 1,43926 -1,98294 
21,80 11314,58880 3478,89568 143,74356 1377,17347 1,35991 -1,98862 
21,85 11332,19748 3479,30196 144,35584 1376,89699 1,28048 -1,99430 
21,90 11349,78875 3479,68340 144,96926 1376,62076 1,20097 -1,99997 
21,95 11367,36267 3480,04003 145,58382 1376,34479 1,12139 -2,00565 
22,00 11384,91934 3480,37187 146,19951 1376,06907 1,04172 -2,01132 
22,05 11402,45884 3480,67895 146,81635 1375,79359 0,96198 -2,01700 
22,10 11419,98125 3480,96130 147,43431 1375,51836 0,88216 -2,02267 
22,15 11437,48665 3481,21894 148,05342 1375,24338 0,80226 -2,02834 
22,20 11454,97513 3481,45190 148,67366 1374,96864 0,72229 -2,03401 
22,25 11472,44677 3481,66020 149,29503 1374,69414 0,64224 -2,03968 
22,30 11489,90164 3481,84388 149,91753 1374,41987 0,56212 -2,04534 
22,35 11507,33984 3482,00296 150,54117 1374,14585 0,48192 -2,05101 
22,40 11524,76144 3482,13745 151,16593 1373,87205 0,40165 -2,05667 
22,45 11542,16653 3482,24740 151,79183 1373,59849 0,32130 -2,06233 
22,50 11559,55518 3482,33281 152,41886 1373,32516 0,24088 -2,06799 
22,55 11576,92749 3482,39372 153,04701 1373,05206 0,16039 -2,07365 
22,60 11594,28352 3482,43015 153,67629 1372,77918 0,07983 -2,07931 
22,65 11611,62336 3482,44213 154,30670 1372,50653 -0,00080 -2,08496 
22,70 11628,94710 3482,42967 154,93824 1372,23410 -0,08151 -2,09061 
22,75 11646,25480 3482,39281 155,57090 1371,96189 -0,16228 -2,09626 
22,80 11663,54656 3482,33157 156,20468 1371,68990 -0,24313 -2,10191 
22,85 11680,82247 3482,24596 156,83959 1371,41813 -0,32404 -2,10756 
22,90 11698,08258 3482,13601 157,47562 1371,14657 -0,40502 -2,11320 
22,95 11715,32697 3482,00175 158,11277 1370,87522 -0,48607 -2,11884 
23,00 11732,55571 3481,84320 158,75104 1370,60408 -0,56719 -2,12449 
23,05 11749,76888 3481,66038 159,39044 1370,33315 -0,64837 -2,13013 
23,10 11766,96655 3481,45331 160,03095 1370,06243 -0,72962 -2,13577 
23,15 11784,14879 3481,22201 160,67258 1369,79191 -0,81094 -2,14141 
23,20 11801,31569 3480,96651 161,31533 1369,52160 -0,89232 -2,14704 
23,25 11818,46731 3480,68683 161,95920 1369,25148 -0,97377 -2,15268 
23,30 11835,60374 3480,38299 162,60418 1368,98156 -1,05528 -2,15831 
23,35 11852,72505 3480,05501 163,25028 1368,71185 -1,13686 -2,16394 
23,40 11869,83133 3479,70291 163,89750 1368,44232 -1,21850 -2,16956 
23,45 11886,92264 3479,32672 164,54583 1368,17299 -1,30020 -2,17519 
23,50 11903,99906 3478,92644 165,19527 1367,90385 -1,38196 -2,18081 
23,55 11921,06069 3478,50211 165,84583 1367,63490 -1,46379 -2,18643 
23,60 11938,10759 3478,05375 166,49750 1367,36614 -1,54567 -2,19204 
23,65 11955,13985 3477,58137 167,15028 1367,09756 -1,62762 -2,19765 
23,70 11972,15755 3477,08499 167,80417 1366,82916 -1,70962 -2,20326 
23,75 11989,16076 3476,56463 168,45917 1366,56095 -1,79169 -2,20887 
23,80 12006,14957 3476,02032 169,11527 1366,29291 -1,87381 -2,21447 
23,85 12023,12406 3475,45206 169,77249 1366,02506 -1,95599 -2,22006 
23,90 12040,08430 3474,85989 170,43082 1365,75737 -2,03823 -2,22566 
23,95 12057,03038 3474,24381 171,09025 1365,48986 -2,12053 -2,23125 
24,00 12073,96238 3473,60385 171,75078 1365,22253 -2,20288 -2,23683 
24,05 12090,88037 3472,94003 172,41242 1364,95536 -2,28529 -2,24242 
24,10 12107,78444 3472,25235 173,07517 1364,68835 -2,36775 -2,24799 
24,15 12124,67466 3471,54085 173,73902 1364,42152 -2,45027 -2,25357 
24,20 12141,55111 3470,80553 174,40397 1364,15485 -2,53284 -2,25914 
24,25 12158,41388 3470,04642 175,07002 1363,88833 -2,61546 -2,26470 
24,30 12175,26304 3469,26353 175,73718 1363,62198 -2,69814 -2,27027 
24,35 12192,09867 3468,45688 176,40543 1363,35579 -2,78087 -2,27582 
24,40 12208,92084 3467,62648 177,07479 1363,08975 -2,86364 -2,28138 
24,45 12225,72964 3466,77236 177,74524 1362,82386 -2,94647 -2,28693 
24,50 12242,52514 3465,89452 178,41680 1362,55813 -3,02935 -2,29247 
24,55 12259,30741 3464,99299 179,08945 1362,29255 -3,11228 -2,29801 
24,60 12276,07654 3464,06777 179,76319 1362,02711 -3,19526 -2,30355 
24,65 12292,83259 3463,11889 180,43804 1361,76182 -3,27829 -2,30908 
24,70 12309,57565 3462,14637 181,11398 1361,49668 -3,36136 -2,31461 
24,75 12326,30579 3461,15021 181,79101 1361,23167 -3,44448 -2,32014 
24,80 12343,02307 3460,13043 182,46914 1360,96681 -3,52765 -2,32566 
24,85 12359,72759 3459,08704 183,14836 1360,70208 -3,61086 -2,33117 
24,90 12376,41939 3458,02007 183,82867 1360,43750 -3,69412 -2,33668 
24,95 12393,09857 3456,92952 184,51007 1360,17304 -3,77742 -2,34219 
25,00 12409,76519 3455,81541 185,19257 1359,90872 -3,86076 -2,34770 
25,05 12426,41932 3454,67776 185,87616 1359,64453 -3,94415 -2,35320 
25,10 12443,06103 3453,51657 186,56083 1359,38047 -4,02758 -2,35869 
25,15 12459,69040 3452,33187 187,24660 1359,11653 -4,11106 -2,36418 
25,20 12476,30748 3451,12367 187,93345 1358,85272 -4,19457 -2,36967 
25,25 12492,91235 3449,89197 188,62139 1358,58904 -4,27813 -2,37515 
25,30 12509,50508 3448,63679 189,31042 1358,32547 -4,36172 -2,38063 
25,35 12526,08574 3447,35816 190,00053 1358,06203 -4,44536 -2,38611 
25,40 12542,65438 3446,05607 190,69173 1357,79870 -4,52903 -2,39158 
25,45 12559,21108 3444,73055 191,38402 1357,53549 -4,61274 -2,39705 
25,50 12575,75590 3443,38160 192,07739 1357,27239 -4,69649 -2,40251 
25,55 12592,28891 3442,00924 192,77184 1357,00941 -4,78028 -2,40797 
25,60 12608,81017 3440,61348 193,46738 1356,74654 -4,86410 -2,41343 
25,65 12625,31973 3439,19434 194,16400 1356,48377 -4,94796 -2,41888 
25,70 12641,81768 3437,75182 194,86170 1356,22112 -5,03185 -2,42433 
25,75 12658,30406 3436,28594 195,56048 1355,95856 -5,11578 -2,42977 
25,80 12674,77893 3434,79672 196,26034 1355,69612 -5,19974 -2,43521 
25,85 12691,24237 3433,28415 196,96128 1355,43377 -5,28373 -2,44065 
25,90 12707,69442 3431,74826 197,66330 1355,17152 -5,36776 -2,44609 
25,95 12724,13514 3430,18906 198,36640 1354,90938 -5,45182 -2,45152 
26,00 12740,56460 3428,60656 199,07058 1354,64733 -5,53591 -2,45694 
26,05 12756,98286 3427,00077 199,77583 1354,38537 -5,62003 -2,46237 
26,10 12773,38996 3425,37170 200,48216 1354,12351 -5,70419 -2,46779 
26,15 12789,78596 3423,71936 201,18957 1353,86174 -5,78837 -2,47321 
26,20 12806,17093 3422,04377 201,89805 1353,60006 -5,87258 -2,47862 
26,25 12822,54491 3420,34494 202,60761 1353,33846 -5,95682 -2,48403 
26,30 12838,90796 3418,62287 203,31824 1353,07696 -6,04109 -2,48944 
26,35 12855,26013 3416,87759 204,02994 1352,81553 -6,12538 -2,49484 
26,40 12871,60148 3415,10909 204,74272 1352,55420 -6,20970 -2,50025 
26,45 12887,93206 3413,31739 205,45657 1352,29294 -6,29405 -2,50564 
26,50 12904,25191 3411,50251 206,17149 1352,03176 -6,37842 -2,51104 
26,55 12920,56110 3409,66445 206,88748 1351,77066 -6,46282 -2,51643 
26,60 12936,85966 3407,80322 207,60455 1351,50964 -6,54724 -2,52182 
26,65 12953,14765 3405,91884 208,32268 1351,24870 -6,63169 -2,52721 
26,70 12969,42512 3404,01131 209,04188 1350,98782 -6,71616 -2,53259 
26,75 12985,69212 3402,08064 209,76215 1350,72702 -6,80065 -2,53798 
26,80 13001,94869 3400,12686 210,48349 1350,46629 -6,88516 -2,54336 
26,85 13018,19488 3398,14996 211,20589 1350,20562 -6,96970 -2,54873 
26,90 13034,43074 3396,14996 211,92936 1349,94502 -7,05425 -2,55410 
26,95 13050,65630 3394,12686 212,65390 1349,68448 -7,13883 -2,55947 
27,00 13066,87162 3392,08068 213,37950 1349,42400 -7,22342 -2,56484 
27,05 13083,07673 3390,01144 214,10617 1349,16358 -7,30804 -2,57021 
27,10 13099,27167 3387,91913 214,83390 1348,90321 -7,39267 -2,57557 
27,15 13115,45649 3385,80377 215,56269 1348,64290 -7,47733 -2,58093 
27,20 13131,63122 3383,66537 216,29254 1348,38264 -7,56200 -2,58628 
27,25 13147,79591 3381,50395 217,02345 1348,12244 -7,64668 -2,59164 
27,30 13163,95060 3379,31950 217,75543 1347,86228 -7,73139 -2,59699 
27,35 13180,09531 3377,11205 218,48846 1347,60217 -7,81610 -2,60234 
27,40 13196,23010 3374,88160 219,22255 1347,34212 -7,90084 -2,60768 
27,45 13212,35500 3372,62816 219,95770 1347,08210 -7,98559 -2,61303 
27,50 13228,47004 3370,35174 220,69390 1346,82213 -8,07035 -2,61837 
27,55 13244,57527 3368,05236 221,43116 1346,56220 -8,15513 -2,62371 
27,60 13260,67071 3365,73001 222,16947 1346,30232 -8,23992 -2,62904 
27,65 13276,75640 3363,38472 222,90884 1346,04247 -8,32472 -2,63438 
27,70 13292,83239 3361,01650 223,64926 1345,78267 -8,40954 -2,63971 
27,75 13308,89869 3358,62535 224,39073 1345,52289 -8,49437 -2,64504 
27,80 13324,95535 3356,21128 225,13326 1345,26316 -8,57920 -2,65036 
27,85 13341,00240 3353,77430 225,87683 1345,00346 -8,66405 -2,65569 
27,90 13357,03986 3351,31443 226,62146 1344,74379 -8,74891 -2,66101 
27,95 13373,06779 3348,83167 227,36713 1344,48415 -8,83378 -2,66633 
28,00 13389,08619 3346,32603 228,11385 1344,22454 -8,91866 -2,67165 
28,05 13405,09511 3343,79753 228,86162 1343,96495 -9,00354 -2,67697 
28,10 13421,09458 3341,24617 229,61043 1343,70540 -9,08844 -2,68228 
28,15 13437,08462 3338,67197 230,36029 1343,44587 -9,17334 -2,68760 
28,20 13453,06527 3336,07493 231,11120 1343,18636 -9,25825 -2,69291 
28,25 13469,03656 3333,45506 231,86314 1342,92688 -9,34316 -2,69822 
28,30 13484,99851 3330,81238 232,61613 1342,66741 -9,42809 -2,70352 
28,35 13500,95115 3328,14689 233,37016 1342,40797 -9,51301 -2,70883 
28,40 13516,89451 3325,45860 234,12523 1342,14854 -9,59794 -2,71413 
28,45 13532,82862 3322,74753 234,88134 1341,88913 -9,68288 -2,71943 
28,50 13548,75350 3320,01368 235,63849 1341,62974 -9,76782 -2,72473 
28,55 13564,66918 3317,25707 236,39668 1341,37036 -9,85276 -2,73003 
28,60 13580,57569 3314,47770 237,15591 1341,11099 -9,93771 -2,73533 
28,65 13596,47305 3311,67558 237,91617 1340,85163 -10,02266 -2,74062 
28,70 13612,36128 3308,85073 238,67747 1340,59228 -10,10761 -2,74592 
28,75 13628,24042 3306,00315 239,43980 1340,33294 -10,19256 -2,75121 
28,80 13644,11048 3303,13285 240,20316 1340,07361 -10,27751 -2,75650 
28,85 13659,97150 3300,23985 240,96756 1339,81428 -10,36247 -2,76179 
28,90 13675,82348 3297,32415 241,73298 1339,55496 -10,44742 -2,76708 
28,95 13691,66647 3294,38577 242,49944 1339,29564 -10,53237 -2,77236 
29,00 13707,50047 3291,42471 243,26693 1339,03632 -10,61733 -2,77765 
29,05 13723,32551 3288,44099 244,03545 1338,77700 -10,70228 -2,78293 
29,10 13739,14162 3285,43461 244,80499 1338,51768 -10,78723 -2,78821 
29,15 13754,94881 3282,40558 245,57556 1338,25836 -10,87217 -2,79349 
29,20 13770,74711 3279,35392 246,34716 1337,99904 -10,95712 -2,79877 
29,25 13786,53653 3276,27963 247,11978 1337,73970 -11,04206 -2,80405 
29,30 13802,31710 3273,18273 247,89342 1337,48037 -11,12699 -2,80932 
29,35 13818,08884 3270,06322 248,66809 1337,22102 -11,21192 -2,81460 
29,40 13833,85177 3266,92112 249,44378 1336,96167 -11,29685 -2,81987 
29,45 13849,60590 3263,75643 250,22049 1336,70231 -11,38177 -2,82515 
29,50 13865,35126 3260,56917 250,99822 1336,44293 -11,46669 -2,83042 
29,55 13881,08786 3257,35935 251,77697 1336,18354 -11,55160 -2,83569 
29,60 13896,81572 3254,12697 252,55673 1335,92414 -11,63651 -2,84096 
29,65 13912,53487 3250,87205 253,33752 1335,66472 -11,72140 -2,84623 
29,70 13928,24531 3247,59459 254,11931 1335,40529 -11,80629 -2,85149 
29,75 13943,94707 3244,29461 254,90213 1335,14584 -11,89117 -2,85676 
29,80 13959,64015 3240,97212 255,68595 1334,88636 -11,97605 -2,86202 
29,85 13975,32459 3237,62712 256,47079 1334,62687 -12,06091 -2,86729 
29,90 13991,00040 3234,25964 257,25664 1334,36736 -12,14577 -2,87255 
29,95 14006,66758 3230,86967 258,04351 1334,10782 -12,23061 -2,87781 
30,00 14022,32617 3227,45723 258,83138 1333,84826 -12,31545 -2,88307 
30,05 14037,97617 3224,02233 259,62025 1333,58868 -12,40027 -2,88833 
30,10 14053,61759 3220,56498 260,41014 1333,32907 -12,48508 -2,89359 
30,15 14069,25046 3217,08519 261,20103 1333,06943 -12,56988 -2,89885 
30,20 14084,87478 3213,58297 261,99293 1332,80976 -12,65467 -2,90410 
30,25 14100,49058 3210,05833 262,78583 1332,55006 -12,73945 -2,90936 
30,30 14116,09787 3206,51128 263,57974 1332,29033 -12,82422 -2,91461 
30,35 14131,69665 3202,94184 264,37464 1332,03056 -12,90897 -2,91987 
30,40 14147,28695 3199,35000 265,17055 1331,77077 -12,99371 -2,92512 
30,45 14162,86877 3195,73580 265,96746 1331,51094 -13,07843 -2,93037 
30,50 14178,44213 3192,09922 266,76536 1331,25107 -13,16314 -2,93562 
30,55 14194,00705 3188,44029 267,56426 1330,99116 -13,24783 -2,94087 
30,60 14209,56353 3184,75902 268,36416 1330,73122 -13,33251 -2,94612 
30,65 14225,11159 3181,05542 269,16505 1330,47123 -13,41717 -2,95137 
30,70 14240,65123 3177,32949 269,96694 1330,21121 -13,50182 -2,95662 
30,75 14256,18248 3173,58125 270,76982 1329,95114 -13,58645 -2,96187 
30,80 14271,70534 3169,81071 271,57369 1329,69103 -13,67106 -2,96711 
30,85 14287,21982 3166,01788 272,37856 1329,43088 -13,75566 -2,97236 
30,90 14302,72594 3162,20277 273,18441 1329,17068 -13,84023 -2,97760 
30,95 14318,22370 3158,36539 273,99125 1328,91043 -13,92479 -2,98285 
31,00 14333,71312 3154,50575 274,79907 1328,65013 -14,00933 -2,98809 
31,05 14349,19420 3150,62387 275,60788 1328,38979 -14,09385 -2,99333 
31,10 14364,66696 3146,71975 276,41768 1328,12939 -14,17836 -2,99857 
31,15 14380,13140 3142,79341 277,22846 1327,86895 -14,26284 -3,00381 
31,20 14395,58754 3138,84486 278,04022 1327,60845 -14,34730 -3,00905 
31,25 14411,03538 3134,87411 278,85297 1327,34790 -14,43174 -3,01429 
31,30 14426,47494 3130,88116 279,66669 1327,08729 -14,51616 -3,01953 
31,35 14441,90621 3126,86604 280,48139 1326,82663 -14,60056 -3,02477 
31,40 14457,32922 3122,82874 281,29707 1326,56591 -14,68493 -3,03001 
31,45 14472,74397 3118,76929 282,11372 1326,30513 -14,76929 -3,03524 
31,50 14488,15047 3114,68770 282,93135 1326,04429 -14,85362 -3,04048 
31,55 14503,54872 3110,58397 283,74996 1325,78339 -14,93792 -3,04571 
31,60 14518,93874 3106,45812 284,56953 1325,52243 -15,02221 -3,05095 
31,65 14534,32053 3102,31016 285,39008 1325,26141 -15,10647 -3,05618 
31,70 14549,69409 3098,14010 286,21159 1325,00033 -15,19070 -3,06141 
31,75 14565,05945 3093,94795 287,03408 1324,73918 -15,27492 -3,06665 
31,80 14580,41659 3089,73372 287,85753 1324,47796 -15,35910 -3,07188 
31,85 14595,76554 3085,49743 288,68194 1324,21668 -15,44326 -3,07711 
31,90 14611,10629 3081,23908 289,50732 1323,95533 -15,52740 -3,08234 
31,95 14626,43886 3076,95870 290,33367 1323,69391 -15,61151 -3,08757 
32,00 14641,76325 3072,65628 291,16097 1323,43242 -15,69559 -3,09280 
32,05 14657,07946 3068,33185 291,98924 1323,17085 -15,77964 -3,09803 
32,10 14672,38750 3063,98541 292,81847 1322,90922 -15,86367 -3,10326 
32,15 14687,68738 3059,61697 293,64865 1322,64751 -15,94767 -3,10848 
32,20 14702,97911 3055,22655 294,47979 1322,38573 -16,03164 -3,11371 
32,25 14718,26268 3050,81417 295,31189 1322,12387 -16,11559 -3,11893 
32,30 14733,53811 3046,37982 296,14494 1321,86194 -16,19950 -3,12416 
32,35 14748,80540 3041,92352 296,97894 1321,59993 -16,28339 -3,12938 
32,40 14764,06455 3037,44530 297,81389 1321,33784 -16,36724 -3,13461 
32,45 14779,31557 3032,94514 298,64979 1321,07566 -16,45107 -3,13983 
32,50 14794,55846 3028,42308 299,48664 1320,81341 -16,53487 -3,14505 
32,55 14809,79323 3023,87912 300,32444 1320,55108 -16,61863 -3,15028 
32,60 14825,01989 3019,31327 301,16318 1320,28866 -16,70237 -3,15550 
32,65 14840,23842 3014,72555 302,00287 1320,02616 -16,78607 -3,16072 
32,70 14855,44885 3010,11597 302,84350 1319,76358 -16,86974 -3,16594 
32,75 14870,65118 3005,48454 303,68507 1319,50091 -16,95338 -3,17116 
32,80 14885,84540 3000,83127 304,52758 1319,23815 -17,03699 -3,17638 
32,85 14901,03152 2996,15617 305,37103 1318,97530 -17,12056 -3,18160 
32,90 14916,20955 2991,45927 306,21542 1318,71237 -17,20410 -3,18682 
32,95 14931,37949 2986,74056 307,06074 1318,44935 -17,28761 -3,19204 
33,00 14946,54135 2982,00006 307,90700 1318,18624 -17,37108 -3,19726 
33,05 14961,69514 2977,23779 308,75419 1317,92304 -17,45452 -3,20248 
33,10 14976,84086 2972,45374 309,60232 1317,65975 -17,53793 -3,20770 
33,15 14991,97852 2967,64795 310,45138 1317,39637 -17,62130 -3,21292 
33,20 15007,10812 2962,82040 311,30136 1317,13289 -17,70463 -3,21814 
33,25 15022,22967 2957,97113 312,15228 1316,86932 -17,78792 -3,22336 
33,30 15037,34318 2953,10014 313,00413 1316,60565 -17,87119 -3,22858 
33,35 15052,44865 2948,20744 313,85691 1316,34189 -17,95441 -3,23381 
33,40 15067,54609 2943,29305 314,71062 1316,07803 -18,03760 -3,23903 
33,45 15082,63549 2938,35697 315,56525 1315,81407 -18,12074 -3,24426 
33,50 15097,71688 2933,39922 316,42080 1315,55002 -18,20386 -3,24948 
33,55 15112,79024 2928,41981 317,27728 1315,28586 -18,28693 -3,25471 
33,60 15127,85559 2923,41875 318,13468 1315,02160 -18,36996 -3,25993 
33,65 15142,91292 2918,39605 318,99301 1314,75724 -18,45296 -3,26516 
33,70 15157,96226 2913,35174 319,85225 1314,49277 -18,53592 -3,27038 
33,75 15173,00359 2908,28581 320,71242 1314,22820 -18,61883 -3,27561 
33,80 15188,03692 2903,19828 321,57350 1313,96353 -18,70171 -3,28084 
33,85 15203,06226 2898,08916 322,43551 1313,69875 -18,78455 -3,28607 
33,90 15218,07961 2892,95847 323,29843 1313,43386 -18,86735 -3,29130 
33,95 15233,08897 2887,80622 324,16226 1313,16886 -18,95010 -3,29653 
34,00 15248,09035 2882,63242 325,02701 1312,90376 -19,03282 -3,30176 
34,05 15263,08375 2877,43708 325,89267 1312,63854 -19,11549 -3,30699 
34,10 15278,06917 2872,22022 326,75924 1312,37321 -19,19812 -3,31222 
34,15 15293,04663 2866,98184 327,62673 1312,10777 -19,28071 -3,31745 
34,20 15308,01611 2861,72197 328,49512 1311,84222 -19,36326 -3,32268 
34,25 15322,97762 2856,44060 329,36443 1311,57655 -19,44576 -3,32791 
34,30 15337,93117 2851,13777 330,23464 1311,31077 -19,52822 -3,33315 
34,35 15352,87676 2845,81347 331,10576 1311,04487 -19,61064 -3,33838 
34,40 15367,81439 2840,46772 331,97778 1310,77886 -19,69302 -3,34362 
34,45 15382,74406 2835,10054 332,85071 1310,51272 -19,77535 -3,34885 
34,50 15397,66578 2829,71193 333,72454 1310,24647 -19,85763 -3,35409 
34,55 15412,57955 2824,30191 334,59927 1309,98010 -19,93987 -3,35933 
34,60 15427,48537 2818,87049 335,47490 1309,71360 -20,02207 -3,36456 
34,65 15442,38324 2813,41769 336,35144 1309,44699 -20,10422 -3,36980 
34,70 15457,27316 2807,94352 337,22887 1309,18025 -20,18632 -3,37504 
34,75 15472,15514 2802,44799 338,10720 1308,91339 -20,26838 -3,38028 
34,80 15487,02917 2796,93112 338,98642 1308,64641 -20,35039 -3,38552 
34,85 15501,89526 2791,39291 339,86654 1308,37929 -20,43236 -3,39076 
34,90 15516,75342 2785,83338 340,74756 1308,11206 -20,51428 -3,39600 
34,95 15531,60363 2780,25255 341,62946 1307,84469 -20,59615 -3,40124 
35,00 15546,44591 2774,65043 342,51226 1307,57720 -20,67797 -3,40648 
35,05 15561,28025 2769,02702 343,39595 1307,30957 -20,75975 -3,41173 
35,10 15576,10665 2763,38235 344,28053 1307,04182 -20,84148 -3,41697 
35,15 15590,92512 2757,71643 345,16599 1306,77394 -20,92316 -3,42222 
35,20 15605,73566 2752,02927 346,05234 1306,50592 -21,00479 -3,42746 
35,25 15620,53826 2746,32089 346,93958 1306,23777 -21,08637 -3,43271 
35,30 15635,33293 2740,59129 347,82770 1305,96949 -21,16790 -3,43795 
35,35 15650,11967 2734,84050 348,71670 1305,70107 -21,24938 -3,44320 
35,40 15664,89847 2729,06852 349,60659 1305,43252 -21,33082 -3,44845 
35,45 15679,66934 2723,27537 350,49736 1305,16383 -21,41220 -3,45370 
35,50 15694,43228 2717,46106 351,38900 1304,89500 -21,49353 -3,45895 
35,55 15709,18729 2711,62561 352,28152 1304,62604 -21,57482 -3,46420 
35,60 15723,93437 2705,76903 353,17492 1304,35694 -21,65605 -3,46945 
35,65 15738,67351 2699,89134 354,06920 1304,08769 -21,73723 -3,47470 
35,70 15753,40472 2693,99255 354,96435 1303,81828 -21,81836 -3,47995 
35,75 15768,12798 2688,07267 355,86037 1303,54868 -21,89944 -3,48520 
35,80 15782,84328 2682,13174 356,75725 1303,27888 -21,98047 -3,49044 
35,85 15797,55058 2676,16976 357,65500 1303,00890 -22,06145 -3,49568 
35,90 15812,24989 2670,18677 358,55361 1302,73872 -22,14238 -3,50091 
35,95 15826,94117 2664,18278 359,45307 1302,46834 -22,22326 -3,50613 
36,00 15841,62441 2658,15780 360,35339 1302,19777 -22,30409 -3,51136 
36,05 15856,29959 2652,11188 361,25455 1301,92700 -22,38488 -3,51657 
36,10 15870,96670 2646,04501 362,15656 1301,65604 -22,46561 -3,52178 
36,15 15885,62571 2639,95724 363,05940 1301,38488 -22,54629 -3,52699 
36,20 15900,27660 2633,84857 363,96309 1301,11352 -22,62692 -3,53219 
36,25 15914,91936 2627,71903 364,86760 1300,84196 -22,70750 -3,53739 
36,30 15929,55396 2621,56863 365,77294 1300,57020 -22,78803 -3,54258 
36,35 15944,18040 2615,39742 366,67911 1300,29824 -22,86851 -3,54777 
36,40 15958,79864 2609,20539 367,58610 1300,02607 -22,94893 -3,55295 
36,45 15973,40866 2602,99258 368,49390 1299,75371 -23,02931 -3,55813 
36,50 15988,01045 2596,75901 369,40252 1299,48115 -23,10964 -3,56330 
36,55 16002,60400 2590,50470 370,31194 1299,20841 -23,18991 -3,56847 
36,60 16017,18929 2584,22966 371,22218 1298,93551 -23,27013 -3,57364 
36,65 16031,76633 2577,93391 372,13321 1298,66245 -23,35029 -3,57881 
36,70 16046,33511 2571,61747 373,04506 1298,38921 -23,43040 -3,58398 
36,75 16060,89561 2565,28035 373,95770 1298,11581 -23,51046 -3,58915 
36,80 16075,44784 2558,92258 374,87114 1297,84224 -23,59046 -3,59431 
36,85 16089,99178 2552,54417 375,78537 1297,56850 -23,67041 -3,59948 
36,90 16104,52744 2546,14513 376,70040 1297,29458 -23,75030 -3,60464 
36,95 16119,05480 2539,72549 377,61623 1297,02050 -23,83014 -3,60981 
37,00 16133,57386 2533,28526 378,53284 1296,74624 -23,90992 -3,61497 
37,05 16148,08461 2526,82445 379,45024 1296,47180 -23,98965 -3,62013 
37,10 16162,58705 2520,34310 380,36843 1296,19720 -24,06932 -3,62529 
37,15 16177,08116 2513,84120 381,28740 1295,92242 -24,14893 -3,63045 
37,20 16191,56695 2507,31879 382,20716 1295,64746 -24,22849 -3,63561 
37,25 16206,04440 2500,77588 383,12769 1295,37232 -24,30799 -3,64077 
37,30 16220,51351 2494,21248 384,04900 1295,09700 -24,38744 -3,64593 
37,35 16234,97427 2487,62862 384,97108 1294,82150 -24,46683 -3,65108 
37,40 16249,42666 2481,02431 385,89394 1294,54580 -24,54616 -3,65624 
37,45 16263,87070 2474,39957 386,81757 1294,26991 -24,62544 -3,66139 
37,50 16278,30636 2467,75442 387,74197 1293,99383 -24,70466 -3,66655 
37,55 16292,73363 2461,08888 388,66713 1293,71755 -24,78382 -3,67170 
37,60 16307,15252 2454,40296 389,59306 1293,44108 -24,86292 -3,67685 
37,65 16321,56301 2447,69669 390,51975 1293,16442 -24,94197 -3,68200 
37,70 16335,96510 2440,97008 391,44719 1292,88756 -25,02095 -3,68715 
37,75 16350,35877 2434,22315 392,37540 1292,61051 -25,09988 -3,69230 
37,80 16364,74402 2427,45592 393,30436 1292,33325 -25,17876 -3,69745 
37,85 16379,12084 2420,66841 394,23407 1292,05580 -25,25757 -3,70260 
37,90 16393,48922 2413,86064 395,16454 1291,77815 -25,33632 -3,70774 
37,95 16407,84915 2407,03263 396,09575 1291,50031 -25,41502 -3,71289 
38,00 16422,20064 2400,18438 397,02771 1291,22229 -25,49365 -3,71804 
38,05 16436,54367 2393,31593 397,96041 1290,94408 -25,57223 -3,72318 
38,10 16450,87825 2386,42728 398,89386 1290,66568 -25,65074 -3,72833 
38,15 16465,20436 2379,51845 399,82805 1290,38710 -25,72920 -3,73348 
38,20 16479,52202 2372,58947 400,76298 1290,10833 -25,80759 -3,73863 
38,25 16493,83121 2365,64033 401,69865 1289,82936 -25,88592 -3,74379 
38,30 16508,13194 2358,67107 402,63505 1289,55021 -25,96419 -3,74894 
38,35 16522,42420 2351,68170 403,57220 1289,27087 -26,04240 -3,75409 
38,40 16536,70798 2344,67224 404,51008 1288,99134 -26,12055 -3,75925 
38,45 16550,98328 2337,64269 405,44869 1288,71162 -26,19863 -3,76440 
38,50 16565,25011 2330,59309 406,38803 1288,43170 -26,27666 -3,76956 
38,55 16579,50845 2323,52344 407,32811 1288,15159 -26,35462 -3,77472 
38,60 16593,75831 2316,43377 408,26891 1287,87129 -26,43252 -3,77988 
38,65 16607,99967 2309,32409 409,21044 1287,59079 -26,51035 -3,78504 
38,70 16622,23254 2302,19442 410,15270 1287,31010 -26,58813 -3,79020 
38,75 16636,45691 2295,04477 411,09568 1287,02921 -26,66584 -3,79536 
38,80 16650,67278 2287,87516 412,03938 1286,74812 -26,74348 -3,80052 
38,85 16664,88015 2280,68562 412,98381 1286,46684 -26,82107 -3,80569 
38,90 16679,07900 2273,47615 413,92895 1286,18536 -26,89859 -3,81085 
38,95 16693,26934 2266,24678 414,87481 1285,90367 -26,97605 -3,81602 
39,00 16707,45117 2258,99752 415,82139 1285,62179 -27,05344 -3,82118 
39,05 16721,62447 2251,72839 416,76869 1285,33971 -27,13077 -3,82635 
39,10 16735,78924 2244,43941 417,71670 1285,05742 -27,20803 -3,83152 
39,15 16749,94549 2237,13060 418,66542 1284,77494 -27,28523 -3,83669 
39,20 16764,09320 2229,80196 419,61485 1284,49225 -27,36237 -3,84186 
39,25 16778,23236 2222,45354 420,56499 1284,20935 -27,43944 -3,84704 
39,30 16792,36299 2215,08533 421,51584 1283,92625 -27,51644 -3,85221 
39,35 16806,48507 2207,69736 422,46739 1283,64295 -27,59338 -3,85738 
39,40 16820,59859 2200,28964 423,41965 1283,35944 -27,67026 -3,86256 
39,45 16834,70356 2192,86220 424,37261 1283,07573 -27,74706 -3,86774 
39,50 16848,79996 2185,41505 425,32627 1282,79180 -27,82381 -3,87292 
39,55 16862,88779 2177,94821 426,28063 1282,50767 -27,90049 -3,87809 
39,60 16876,96706 2170,46170 427,23569 1282,22334 -27,97710 -3,88328 
39,65 16891,03774 2162,95554 428,19145 1281,93879 -28,05364 -3,88846 
39,70 16905,09985 2155,42975 429,14790 1281,65403 -28,13012 -3,89364 
39,75 16919,15336 2147,88434 430,10504 1281,36906 -28,20653 -3,89882 
39,80 16933,19828 2140,31933 431,06288 1281,08388 -28,28288 -3,90401 
39,85 16947,23461 2132,73474 432,02141 1280,79849 -28,35916 -3,90920 
39,90 16961,26233 2125,13060 432,98062 1280,51288 -28,43537 -3,91438 
39,95 16975,28144 2117,50691 433,94052 1280,22706 -28,51152 -3,91957 
40,00 16989,29194 2109,86370 434,90111 1279,94103 -28,58759 -3,92476 
40,05 17003,29381 2102,20099 435,86238 1279,65478 -28,66361 -3,92996 
40,10 17017,28707 2094,51880 436,82433 1279,36832 -28,73955 -3,93515 
40,15 17031,27169 2086,81714 437,78696 1279,08164 -28,81542 -3,94034 
40,20 17045,24767 2079,09603 438,75027 1278,79474 -28,89123 -3,94554 
40,25 17059,21502 2071,35550 439,71426 1278,50763 -28,96697 -3,95074 
40,30 17073,17371 2063,59556 440,67892 1278,22030 -29,04264 -3,95593 
40,35 17087,12376 2055,81623 441,64426 1277,93275 -29,11824 -3,96113 
40,40 17101,06514 2048,01754 442,61027 1277,64498 -29,19378 -3,96633 
40,45 17114,99786 2040,19949 443,57695 1277,35699 -29,26925 -3,97154 
40,50 17128,92190 2032,36212 444,54430 1277,06878 -29,34464 -3,97674 
40,55 17142,83727 2024,50544 445,51231 1276,78035 -29,41997 -3,98194 
40,60 17156,74395 2016,62946 446,48099 1276,49169 -29,49523 -3,98715 
40,65 17170,64195 2008,73422 447,45034 1276,20282 -29,57042 -3,99236 
40,70 17184,53125 2000,81972 448,42035 1275,91372 -29,64554 -3,99757 
40,75 17198,41185 1992,88600 449,39101 1275,62439 -29,72059 -4,00278 
40,80 17212,28374 1984,93306 450,36234 1275,33485 -29,79557 -4,00799 
40,85 17226,14693 1976,96092 451,33433 1275,04508 -29,87048 -4,01321 
40,90 17240,00142 1968,96960 452,30697 1274,75509 -29,94532 -4,01843 
40,95 17253,84721 1960,95912 453,28028 1274,46487 -30,02009 -4,02366 
41,00 17267,68429 1952,92950 454,25424 1274,17442 -30,09478 -4,02889 
41,05 17281,51267 1944,88074 455,22885 1273,88375 -30,16941 -4,03413 
41,10 17295,33234 1936,81287 456,20412 1273,59286 -30,24396 -4,03936 
41,15 17309,14331 1928,72591 457,18005 1273,30173 -30,31844 -4,04460 
41,20 17322,94557 1920,61987 458,15663 1273,01038 -30,39285 -4,04985 
41,25 17336,73912 1912,49477 459,13387 1272,71880 -30,46718 -4,05510 
41,30 17350,52397 1904,35063 460,11175 1272,42699 -30,54145 -4,06035 
41,35 17364,30011 1896,18746 461,09029 1272,13495 -30,61564 -4,06561 
41,40 17378,06755 1888,00528 462,06949 1271,84267 -30,68975 -4,07087 
41,45 17391,82627 1879,80412 463,04933 1271,55017 -30,76380 -4,07614 
41,50 17405,57628 1871,58398 464,02982 1271,25743 -30,83777 -4,08141 
41,55 17419,31758 1863,34488 465,01096 1270,96446 -30,91167 -4,08668 
41,60 17433,05017 1855,08685 465,99275 1270,67126 -30,98549 -4,09196 
41,65 17446,77404 1846,80989 466,97519 1270,37782 -31,05924 -4,09724 
41,70 17460,48920 1838,51404 467,95828 1270,08414 -31,13292 -4,10253 
41,75 17474,19564 1830,19930 468,94201 1269,79024 -31,20652 -4,10782 
41,80 17487,89336 1821,86569 469,92639 1269,49609 -31,28005 -4,11311 
41,85 17501,58237 1813,51324 470,91141 1269,20171 -31,35351 -4,11841 
41,90 17515,26265 1805,14195 471,89708 1268,90709 -31,42689 -4,12371 
41,95 17528,93421 1796,75186 472,88340 1268,61223 -31,50019 -4,12902 
42,00 17542,59705 1788,34297 473,87035 1268,31710 -31,57343 -4,13432 
42,05 17556,25113 1779,91532 474,85795 1268,02170 -31,64659 -4,13963 
42,10 17569,89646 1771,46893 475,84618 1267,72602 -31,71968 -4,14494 
42,15 17583,53302 1763,00382 476,83504 1267,43007 -31,79270 -4,15024 
42,20 17597,16078 1754,52003 477,82454 1267,13384 -31,86565 -4,15555 
42,25 17610,77973 1746,01758 478,81467 1266,83733 -31,93852 -4,16085 
42,30 17624,38987 1737,49649 479,80542 1266,54055 -32,01133 -4,16616 
42,35 17637,99116 1728,95680 480,79679 1266,24350 -32,08406 -4,17146 
42,40 17651,58361 1720,39852 481,78878 1265,94616 -32,15672 -4,17676 
42,45 17665,16718 1711,82169 482,78139 1265,64855 -32,22931 -4,18206 
42,50 17678,74187 1703,22633 483,77461 1265,35066 -32,30182 -4,18737 
42,55 17692,30765 1694,61247 484,76844 1265,05249 -32,37427 -4,19267 
42,60 17705,86452 1685,98013 485,76288 1264,75404 -32,44664 -4,19797 
42,65 17719,41246 1677,32935 486,75793 1264,45531 -32,51894 -4,20327 
42,70 17732,95145 1668,66014 487,75357 1264,15630 -32,59117 -4,20857 
42,75 17746,48148 1659,97254 488,74982 1263,85701 -32,66333 -4,21386 
42,80 17760,00252 1651,26657 489,74666 1263,55743 -32,73541 -4,21916 
42,85 17773,51457 1642,54227 490,74409 1263,25758 -32,80742 -4,22446 
42,90 17787,01761 1633,79965 491,74212 1262,95744 -32,87936 -4,22976 
42,95 17800,51162 1625,03874 492,74073 1262,65703 -32,95123 -4,23505 
43,00 17813,99659 1616,25958 493,73992 1262,35633 -33,02303 -4,24035 
43,05 17827,47249 1607,46219 494,73970 1262,05534 -33,09475 -4,24564 
43,10 17840,93933 1598,64659 495,74005 1261,75407 -33,16641 -4,25094 
43,15 17854,39707 1589,81282 496,74098 1261,45252 -33,23799 -4,25623 
43,20 17867,84570 1580,96090 497,74248 1261,15068 -33,30950 -4,26152 
43,25 17881,28520 1572,09086 498,74455 1260,84855 -33,38093 -4,26681 
43,30 17894,71556 1563,20273 499,74719 1260,54613 -33,45230 -4,27210 
43,35 17908,13677 1554,29654 500,75038 1260,24343 -33,52359 -4,27739 
43,40 17921,54879 1545,37232 501,75414 1259,94044 -33,59481 -4,28268 
43,45 17934,95163 1536,43009 502,75845 1259,63716 -33,66596 -4,28796 
43,50 17948,34525 1527,46989 503,76331 1259,33359 -33,73704 -4,29325 
43,55 17961,72964 1518,49174 504,76872 1259,02973 -33,80805 -4,29853 
43,60 17975,10479 1509,49567 505,77468 1258,72557 -33,87898 -4,30381 
43,65 17988,47068 1500,48171 506,78118 1258,42113 -33,94985 -4,30910 
43,70 18001,82729 1491,44989 507,78822 1258,11640 -34,02064 -4,31438 
43,75 18015,17460 1482,40024 508,79580 1257,81135 -34,09136 -4,31965 
43,80 18028,51260 1473,33279 509,80390 1257,50600 -34,16200 -4,32493 
43,85 18041,84127 1464,24756 510,81254 1257,20033 -34,23258 -4,33021 
43,90 18055,16059 1455,14460 511,82171 1256,89436 -34,30309 -4,33548 
43,95 18068,47054 1446,02392 512,83139 1256,58808 -34,37352 -4,34076 
44,00 18081,77111 1436,88555 513,84160 1256,28149 -34,44388 -4,34603 
44,05 18095,06228 1427,72954 514,85232 1255,97459 -34,51417 -4,35130 
44,10 18108,34403 1418,55589 515,86356 1255,66738 -34,58439 -4,35657 
44,15 18121,61635 1409,36466 516,87530 1255,35988 -34,65453 -4,36185 
44,20 18134,87923 1400,15585 517,88755 1255,05209 -34,72460 -4,36712 
44,25 18148,13266 1390,92949 518,90031 1254,74401 -34,79460 -4,37240 
44,30 18161,37663 1381,68561 519,91358 1254,43563 -34,86452 -4,37768 
44,35 18174,61114 1372,42423 520,92734 1254,12697 -34,93437 -4,38296 
44,40 18187,83617 1363,14538 521,94161 1253,81801 -35,00415 -4,38824 
44,45 18201,05172 1353,84907 522,95638 1253,50876 -35,07385 -4,39352 
44,50 18214,25779 1344,53535 523,97164 1253,19922 -35,14348 -4,39881 
44,55 18227,45435 1335,20422 524,98740 1252,88939 -35,21303 -4,40410 
44,60 18240,64141 1325,85571 526,00365 1252,57926 -35,28251 -4,40939 
44,65 18253,81896 1316,48985 527,02039 1252,26884 -35,35191 -4,41469 
44,70 18266,98699 1307,10666 528,03762 1251,95813 -35,42124 -4,41998 
44,75 18280,14548 1297,70618 529,05534 1251,64711 -35,49050 -4,42528 
44,80 18293,29444 1288,28841 530,07355 1251,33581 -35,55968 -4,43058 
44,85 18306,43385 1278,85339 531,09223 1251,02421 -35,62879 -4,43588 
44,90 18319,56370 1269,40114 532,11141 1250,71231 -35,69782 -4,44119 
44,95 18332,68400 1259,93170 533,13106 1250,40012 -35,76678 -4,44650 
45,00 18345,79472 1250,44507 534,15119 1250,08762 -35,83566 -4,45181 
45,05 18358,89586 1240,94129 535,17179 1249,77484 -35,90447 -4,45712 
45,10 18371,98742 1231,42038 536,19287 1249,46175 -35,97321 -4,46243 
45,15 18385,06938 1221,88237 537,21443 1249,14836 -36,04187 -4,46775 
45,20 18398,14175 1212,32727 538,23645 1248,83475 -36,11045 -4,47308 
45,25 18411,20457 1202,75508 539,25896 1248,52102 -36,17893 -4,47845 
45,30 18424,25793 1193,16577 540,28196 1248,20717 -36,24732 -4,48384 
45,35 18437,30188 1183,55931 541,30546 1247,89313 -36,31561 -4,48926 
45,40 18450,33645 1173,93569 542,32947 1247,57892 -36,38382 -4,49471 
45,45 18463,36171 1164,29492 543,35399 1247,26452 -36,45194 -4,50017 
45,50 18476,37768 1154,63699 544,37903 1246,94994 -36,51996 -4,50566 
45,55 18489,38440 1144,96188 545,40461 1246,63517 -36,58790 -4,51117 
45,60 18502,38193 1135,26959 546,43072 1246,32021 -36,65574 -4,51671 
45,65 18515,37029 1125,56011 547,45737 1246,00506 -36,72350 -4,52226 
45,70 18528,34953 1115,83344 548,48457 1245,68973 -36,79116 -4,52784 
45,75 18541,31969 1106,08957 549,51232 1245,37420 -36,85873 -4,53345 
45,80 18554,28080 1096,32849 550,54063 1245,05849 -36,92621 -4,53907 
45,85 18567,23291 1086,55021 551,56952 1244,74258 -36,99360 -4,54472 
45,90 18580,17605 1076,75471 552,59897 1244,42647 -37,06089 -4,55039 
45,95 18593,11025 1066,94198 553,62901 1244,11016 -37,12809 -4,55608 
46,00 18606,03553 1057,11206 554,65963 1243,79350 -37,19522 -4,56177 
46,05 18618,95185 1047,26497 555,69082 1243,47647 -37,26227 -4,56746 
46,10 18631,85917 1037,40076 556,72259 1243,15906 -37,32924 -4,57314 
46,15 18644,75746 1027,51948 557,75492 1242,84128 -37,39615 -4,57882 
46,20 18657,64669 1017,62116 558,78781 1242,52312 -37,46298 -4,58449 
46,25 18670,52681 1007,70586 559,82125 1242,20459 -37,52973 -4,59015 
46,30 18683,39780 997,77362 560,85524 1241,88568 -37,59642 -4,59581 
46,35 18696,25963 987,82447 561,88977 1241,56640 -37,66303 -4,60147 
46,40 18709,11225 977,85847 562,92483 1241,24674 -37,72956 -4,60712 
46,45 18721,95566 967,87564 563,96043 1240,92671 -37,79602 -4,61277 
46,50 18734,78981 957,87603 564,99656 1240,60630 -37,86241 -4,61842 
46,55 18747,61467 947,85968 566,03321 1240,28552 -37,92872 -4,62407 
46,60 18760,43024 937,82663 567,07038 1239,96436 -37,99496 -4,62971 
46,65 18773,23646 927,77691 568,10806 1239,64282 -38,06112 -4,63535 
46,70 18786,03332 917,71058 569,14626 1239,32091 -38,12721 -4,64099 
46,75 18798,82079 907,62766 570,18495 1238,99863 -38,19323 -4,64663 
46,80 18811,59885 897,52820 571,22415 1238,67597 -38,25917 -4,65226 
46,85 18824,36745 887,41224 572,26384 1238,35289 -38,32505 -4,65788 
46,90 18837,12652 877,27985 573,30401 1238,02928 -38,39087 -4,66347 
46,95 18849,87597 867,13113 574,34465 1237,70510 -38,45664 -4,66903 
47,00 18862,61568 856,96618 575,38573 1237,38038 -38,52236 -4,67454 
47,05 18875,34554 846,78508 576,42723 1237,05510 -38,58804 -4,68003 
47,10 18888,06545 836,58795 577,46914 1236,72928 -38,65367 -4,68547 
47,15 18900,77530 826,37487 578,51144 1236,40290 -38,71926 -4,69087 
47,20 18913,47498 816,14594 579,55411 1236,07597 -38,78480 -4,69623 
47,25 18926,16438 805,90127 580,59712 1235,74850 -38,85030 -4,70156 
47,30 18938,84339 795,64095 581,64046 1235,42048 -38,91576 -4,70683 
47,35 18951,51189 785,36509 582,68411 1235,09190 -38,98118 -4,71207 
47,40 18964,16977 775,07379 583,72803 1234,76278 -39,04657 -4,71725 
47,45 18976,81692 764,76714 584,77223 1234,43310 -39,11192 -4,72239 
47,50 18989,45322 754,44526 585,81666 1234,10288 -39,17723 -4,72748 
47,55 19002,07855 744,10825 586,86130 1233,77210 -39,24252 -4,73252 
47,60 19014,69281 733,75622 587,90614 1233,44078 -39,30777 -4,73750 
47,65 19027,29586 723,38926 588,95116 1233,10893 -39,37300 -4,74244 
47,70 19039,88765 713,00745 589,99633 1232,77670 -39,43816 -4,74736 
47,75 19052,46813 702,61084 591,04164 1232,44403 -39,50328 -4,75225 
47,80 19065,03723 692,19950 592,08709 1232,11091 -39,56836 -4,75711 
47,85 19077,59489 681,77350 593,13265 1231,77733 -39,63340 -4,76194 
47,90 19090,14102 671,33293 594,17832 1231,44329 -39,69840 -4,76673 
47,95 19102,67557 660,87784 595,22406 1231,10880 -39,76336 -4,77148 
48,00 19115,19846 650,40832 596,26988 1230,77386 -39,82828 -4,77620 
48,05 19127,70962 639,92443 597,31576 1230,43846 -39,89317 -4,78088 
48,10 19140,20898 629,42625 598,36167 1230,10261 -39,95802 -4,78552 
48,15 19152,69648 618,91384 599,40760 1229,76631 -40,02283 -4,79012 
48,20 19165,17203 608,38730 600,45354 1229,42956 -40,08760 -4,79469 
48,25 19177,63558 597,84667 601,49946 1229,09236 -40,15234 -4,79922 
48,30 19190,08706 587,29204 602,54536 1228,75471 -40,21705 -4,80370 
48,35 19202,52639 576,72348 603,59122 1228,41661 -40,28173 -4,80815 
48,40 19214,95351 566,14106 604,63701 1228,07806 -40,34637 -4,81255 
48,45 19227,36835 555,54484 605,68273 1227,73907 -40,41098 -4,81692 
48,50 19239,77085 544,93491 606,72836 1227,39962 -40,47556 -4,82124 
48,55 19252,16093 534,31133 607,77388 1227,05977 -40,54010 -4,82553 
48,60 19264,53861 523,67413 608,81928 1226,71968 -40,60457 -4,82983 
48,65 19276,90392 513,02328 609,86458 1226,37934 -40,66896 -4,83415 
48,70 19289,25691 502,35880 610,90977 1226,03877 -40,73328 -4,83850 
48,75 19301,59763 491,68065 611,95488 1225,69796 -40,79753 -4,84286 
48,80 19313,92611 480,98885 612,99989 1225,35688 -40,86170 -4,84724 
48,85 19326,24241 470,28337 614,04482 1225,01554 -40,92579 -4,85163 
48,90 19338,54656 459,56421 615,08967 1224,67394 -40,98981 -4,85605 
48,95 19350,83860 448,83137 616,13445 1224,33208 -41,05376 -4,86049 
49,00 19363,11858 438,08484 617,17917 1223,98995 -41,11762 -4,86494 
49,05 19375,38654 427,32460 618,22382 1223,64755 -41,18141 -4,86941 
49,10 19387,64252 416,55066 619,26843 1223,30489 -41,24512 -4,87391 
49,15 19399,88655 405,76300 620,31298 1222,96196 -41,30876 -4,87842 
49,20 19412,11868 394,96162 621,35749 1222,61875 -41,37232 -4,88294 
49,25 19424,33891 384,14655 622,40195 1222,27511 -41,43584 -4,88744 
49,30 19436,54718 373,31785 623,44635 1221,93103 -41,49931 -4,89191 
49,35 19448,74344 362,47557 624,49068 1221,58651 -41,56274 -4,89635 
49,40 19460,92765 351,61978 625,53493 1221,24155 -41,62614 -4,90076 
49,45 19473,09975 340,75054 626,57908 1220,89615 -41,68949 -4,90513 
49,50 19485,25970 329,86791 627,62311 1220,55030 -41,75280 -4,90947 
49,55 19497,40744 318,97194 628,66702 1220,20402 -41,81608 -4,91378 
49,60 19509,54293 308,06271 629,71080 1219,85729 -41,87932 -4,91805 
49,65 19521,66612 297,14026 630,75442 1219,51013 -41,94251 -4,92230 
49,70 19533,77695 286,20467 631,79788 1219,16253 -42,00568 -4,92650 
49,75 19545,87538 275,25598 632,84117 1218,81449 -42,06880 -4,93068 
49,80 19557,96137 264,29426 633,88426 1218,46601 -42,13189 -4,93481 
49,85 19570,03486 253,31957 634,92715 1218,11709 -42,19494 -4,93891 
49,90 19582,09581 242,33196 635,96982 1217,76774 -42,25796 -4,94298 
49,95 19594,14417 231,33150 637,01226 1217,41795 -42,32094 -4,94701 
50,00 19606,17989 220,31825 638,05446 1217,06772 -42,38389 -4,95101 
50,05 19618,20293 209,29225 639,09640 1216,71707 -42,44681 -4,95496 
50,10 19630,21324 198,25358 640,13807 1216,36597 -42,50969 -4,95888 
50,15 19642,21079 187,20227 641,17946 1216,01452 -42,57252 -4,96279 
50,20 19654,19560 176,13835 642,22056 1215,66275 -42,63529 -4,96670 
50,25 19666,16766 165,06183 643,26138 1215,31066 -42,69800 -4,97061 
50,30 19678,12701 153,97271 644,30192 1214,95824 -42,76064 -4,97451 
50,35 19690,07365 142,87102 645,34217 1214,60551 -42,82323 -4,97842 
50,40 19702,00760 131,75676 646,38213 1214,25245 -42,88576 -4,98233 
50,45 19713,92887 120,62994 647,42181 1213,89908 -42,94822 -4,98624 
50,50 19725,83748 109,49059 648,46121 1213,54538 -43,01063 -4,99015 
50,55 19737,73344 98,33870 649,50032 1213,19136 -43,07297 -4,99406 
50,60 19749,61677 87,17430 650,53914 1212,83702 -43,13525 -4,99797 
50,65 19761,48747 75,99740 651,57768 1212,48235 -43,19747 -5,00188 
50,70 19773,34558 64,80801 652,61593 1212,12736 -43,25963 -5,00579 
50,75 19785,19109 53,60614 653,65389 1211,77205 -43,32173 -5,00970 
50,80 19797,02402 42,39181 654,69156 1211,41641 -43,38376 -5,01361 
50,85 19808,84438 31,16502 655,72895 1211,06045 -43,44574 -5,01752 
50,90 19820,65220 19,92580 656,76604 1210,70417 -43,50765 -5,02143 
50,95 19832,44748 8,67416 657,80285 1210,34756 -43,56950 -5,02535 
50,9885 19841,52107 0,00000 658,60104 1210,07269 -43,61708 -5,02836 
